## Time Delay Challenge light curves
##
## [time]=days, [lc]=[err]=flux in nanomaggies
##
##       time       lc_A      err_A       lc_B      err_B
##-------------------------------------------------------
13.38000 2.05507 0.06585 4.71160 0.08891
26.74000 1.95035 0.04159 5.13708 0.05609
41.38000 1.86038 0.04474 4.95682 0.05177
53.18000 1.83952 0.03688 4.94599 0.03322
65.33000 1.86459 0.06530 4.97669 0.08106
76.45000 1.92404 0.06057 4.79060 0.04014
89.44000 1.86390 0.07364 4.72514 0.04089
101.35000 1.87954 0.03104 4.82216 0.06357
112.76000 2.04443 0.07806 4.71292 0.06383
366.74000 1.98182 0.06956 4.36287 0.04547
376.56000 1.91168 0.04895 4.41954 0.04405
387.37000 2.04519 0.08659 4.40345 0.06734
397.90000 2.02159 0.05108 4.53074 0.05634
412.87000 1.99907 0.04865 4.55937 0.02805
425.24000 2.08367 0.04110 4.53794 0.07391
442.51000 2.09985 0.05288 4.64193 0.07055
453.99000 2.15069 0.04280 4.68896 0.06627
461.46000 2.08475 0.05356 4.67469 0.05155
472.73000 2.20389 0.06158 4.41073 0.10305
481.71000 2.11586 0.03064 4.60257 0.05177
741.13000 2.41122 0.04512 4.41026 0.06704
753.16000 2.56466 0.06472 4.57311 0.03635
770.17000 2.48499 0.05470 4.92409 0.04412
780.82000 2.77558 0.06558 4.87837 0.05219
793.53000 2.55677 0.06568 4.98782 0.06932
804.45000 2.53343 0.03777 5.38417 0.04594
815.97000 2.62692 0.07239 5.08598 0.07422
827.61000 2.59966 0.07157 5.16285 0.05556
836.03000 2.61198 0.03438 5.21163 0.04337
844.58000 2.54119 0.05392 5.19160 0.05099
1108.67000 2.61435 0.04984 4.78803 0.04723
1123.01000 2.45645 0.04791 4.85238 0.06899
1132.07000 2.43573 0.05237 4.69447 0.05596
1141.26000 2.30707 0.06036 4.57681 0.04519
1152.77000 2.28750 0.04180 4.67194 0.04238
1163.80000 2.28415 0.03534 4.25077 0.04092
1173.83000 2.14773 0.04234 4.08233 0.05368
1186.62000 2.34598 0.05810 4.15537 0.07007
1196.69000 2.29245 0.04384 4.11451 0.03596
1209.45000 2.36159 0.06468 4.19362 0.07450
1474.46000 1.98339 0.04663 3.66951 0.02341
1482.77000 2.04841 0.03401 3.46502 0.05039
1495.99000 2.06403 0.02983 3.48455 0.07829
1508.14000 2.04204 0.01776 3.56605 0.03992
1519.13000 2.14828 0.06350 3.50386 0.04132
1529.12000 2.11810 0.03551 3.48223 0.03928
1543.77000 2.13946 0.06004 3.66116 0.07702
1556.59000 1.98828 0.05901 3.57593 0.05806
1564.31000 2.18489 0.04865 3.60541 0.04186
1576.29000 2.12449 0.06945 3.43395 0.04567
1828.76000 2.12208 0.04104 3.56175 0.05894
1841.18000 2.23212 0.05282 3.53943 0.04177
1853.34000 2.39984 0.07040 3.41951 0.05586
1866.13000 2.48528 0.04818 3.75820 0.03043
1876.66000 2.44499 0.06223 3.77167 0.05579
1886.86000 2.41583 0.04390 3.81882 0.04860
1900.27000 2.31939 0.03638 3.73259 0.06818
1910.18000 2.47699 0.06000 3.88192 0.03389
1922.40000 2.47833 0.04780 3.85152 0.07703
1935.63000 2.44613 0.04084 4.02983 0.05393
2193.17000 2.46449 0.02751 3.83451 0.07493
2205.11000 2.47421 0.03536 3.90506 0.05536
2217.07000 2.51315 0.05216 3.79105 0.06637
2226.93000 2.57684 0.02976 3.75624 0.04146
2242.74000 2.43677 0.03662 3.89806 0.04771
2254.68000 2.51244 0.05460 3.84300 0.06823
2268.60000 2.46898 0.05219 3.97689 0.08024
2278.74000 2.61653 0.05908 4.00254 0.06300
2287.55000 2.62642 0.02889 3.94866 0.04382
2297.06000 2.65573 0.04835 4.05367 0.02069
2306.04000 2.65973 0.06743 4.03057 0.06213
2560.12000 2.63806 0.06478 4.35534 0.06055
2569.63000 2.77173 0.04386 4.21378 0.06118
2580.65000 2.63132 0.06341 4.25535 0.04424
2592.11000 2.56907 0.07095 4.13601 0.02444
2606.34000 2.70668 0.04882 3.98250 0.05268
2619.68000 2.60757 0.01594 4.04351 0.04146
2630.36000 2.62334 0.04919 4.03712 0.04423
2641.93000 2.78164 0.05993 4.01973 0.02845
2658.81000 2.73437 0.03779 3.90765 0.07083
2671.43000 2.77538 0.07623 4.10341 0.03386
2924.65000 2.61488 0.08578 4.00333 0.04950
2935.80000 2.61326 0.06563 3.96078 0.06209
2947.44000 2.56136 0.06839 3.88192 0.05402
2961.45000 2.58930 0.04253 4.05598 0.07714
2973.99000 2.60498 0.04665 3.97339 0.04011
2981.80000 2.67391 0.06536 3.96231 0.04969
2992.51000 2.56688 0.03839 3.77314 0.07097
3006.07000 2.50567 0.04336 3.83038 0.06370
3017.86000 2.53118 0.05253 3.91549 0.04101
3032.11000 2.42666 0.07983 3.66511 0.04722
3297.48000 2.41770 0.05606 3.58013 0.06909
3312.14000 2.25434 0.05065 3.41891 0.05345
3324.25000 2.25259 0.00927 3.40465 0.03565
3335.30000 2.25523 0.06571 3.43801 0.04036
3346.27000 2.34652 0.05198 3.33646 0.05701
3358.88000 2.20013 0.05706 3.31728 0.04965
3371.04000 2.19388 0.03874 3.49987 0.06579
3382.48000 2.13130 0.06034 3.31051 0.03972
3392.32000 2.04456 0.06133 3.33291 0.06621
