# TDC1 submission metrics
# nc = chi2<10
# team algorithm rung f chi2 chi2err P Perr A Aerr X f-nc chi2-nc chi2-ncerr P-nc P-ncerr A-nc A-ncerr

Rumbaugh  TDCEvilTeam_tdc1_chi-squared-Bronze  0  0.522    1.34e+05      5.27e+04   0.172   0.0107  -0.14  0.0616  0.817  0.426 0.317 0.0527 0.18 0.0118 -0.00285 0.00841
Rumbaugh  TDCEvilTeam_tdc1_chi-squared-Bronze  1  0.518    2.72e+05      1.05e+05   0.17   0.0103  -0.289  0.059  0.693  0.36 0.618 0.0813 0.189 0.0122 -0.00903 0.0102
Rumbaugh  TDCEvilTeam_tdc1_chi-squared-Bronze  2  0.491    2.59e+03      687   0.185   0.0113  -0.288  0.0496  0.77  0.378 0.778 0.0856 0.204 0.0128 -0.00359 0.0123
Rumbaugh  TDCEvilTeam_tdc1_chi-squared-Bronze  3  0.498    6.16e+05      3.36e+05   0.181   0.011  -0.249  0.0553  0.722  0.36 0.691 0.0913 0.202 0.0129 0.0192 0.0174
Rumbaugh  TDCEvilTeam_tdc1_chi-squared-Bronze  4  0.5    6.72e+05      1.72e+05   0.155   0.0123  -0.524  0.0422  0.476  0.238 0.508 0.0929 0.278 0.0194 0.00754 0.0225

Rumbaugh  TDCEvilTeam_tdc1_chi-squared-Silver  0  0.43    1.63e+05      6.39e+04   0.106   0.00611  -0.178  0.0663  0.806  0.346 0.338 0.0617 0.113 0.00683 -0.0056 0.00486
Rumbaugh  TDCEvilTeam_tdc1_chi-squared-Silver  1  0.424    3.33e+05      1.28e+05   0.108   0.00625  -0.276  0.0603  0.672  0.285 0.56 0.084 0.126 0.0077 -0.018 0.00753
Rumbaugh  TDCEvilTeam_tdc1_chi-squared-Silver  2  0.387    3.29e+03      868   0.112   0.00643  -0.275  0.0455  0.748  0.289 0.726 0.0954 0.13 0.00737 -0.00694 0.00576
Rumbaugh  TDCEvilTeam_tdc1_chi-squared-Silver  3  0.391    7.84e+05      4.27e+05   0.107   0.00651  -0.24  0.0598  0.692  0.271 0.657 0.103 0.124 0.00752 0.000796 0.0116
Rumbaugh  TDCEvilTeam_tdc1_chi-squared-Silver  4  0.407    8.27e+05      2.11e+05   0.074   0.00636  -0.613  0.0304  0.38  0.155 0.335 0.0804 0.172 0.0122 -0.0223 0.00899

Rumbaugh  TDCEvilTeam_tdc1_chi-squared-Gold  0  0.36    1.95e+05      7.62e+04   0.0783   0.0043  -0.181  0.0645  0.805  0.289 0.379 0.0724 0.0868 0.00493 -0.00273 0.0044
Rumbaugh  TDCEvilTeam_tdc1_chi-squared-Gold  1  0.36    3.92e+05      1.51e+05   0.0802   0.00484  -0.281  0.0607  0.646  0.232 0.577 0.0954 0.0965 0.00627 -0.0103 0.00745
Rumbaugh  TDCEvilTeam_tdc1_chi-squared-Gold  2  0.318    4e+03      1.05e+03   0.0822   0.00453  -0.28  0.0424  0.734  0.233 0.8 0.113 0.0985 0.00547 -0.00678 0.00603
Rumbaugh  TDCEvilTeam_tdc1_chi-squared-Gold  3  0.333    9.2e+05      5.01e+05   0.0797   0.00491  -0.247  0.0528  0.661  0.22 0.585 0.103 0.0972 0.00607 0.000111 0.00662
Rumbaugh  TDCEvilTeam_tdc1_chi-squared-Gold  4  0.352    9.55e+05      2.43e+05   0.0422   0.00393  -0.712  0.0305  0.302  0.106 0.367 0.11 0.119 0.00857 -0.0086 0.00578


Hojjati  Stark  0  0.441    109      58.3   0.0467   0.00355  -0.0255  0.032  0.945  0.417 0.531 0.0535 0.0474 0.00374 -0.000114 0.00219
Hojjati  Stark  1  0.221    88.4      38.2   0.101   0.0505  -0.0204  0.0193  0.901  0.199 0.596 0.0874 0.105 0.056 -0.00357 0.00431
Hojjati  Stark  2  0.179    90.5      72.4   0.0704   0.00555  -0.00644  0.0185  0.963  0.172 0.619 0.115 0.0705 0.00569 0.00348 0.00445
Hojjati  Stark  3  0.187    26.6      20.6   0.0594   0.00418  -0.00766  0.0127  0.959  0.18 0.778 0.125 0.0597 0.00428 -0.00326 0.00474
Hojjati  Stark  4  0.161    2.6      1.09   0.0685   0.00414  -0.000169  0.00581  0.98  0.158 0.894 0.14 0.0696 0.00418 0.00192 0.00547

Hojjati  Lannister  0  0.441    109      58.3   0.0548   0.00361  -0.0255  0.032  0.945  0.417 0.294 0.0315 0.056 0.0038 -0.000114 0.00219
Hojjati  Lannister  1  0.221    88.1      38.2   0.11   0.0504  -0.0204  0.0193  0.911  0.202 0.386 0.0661 0.114 0.0553 -0.00272 0.00431
Hojjati  Lannister  2  0.179    90.4      72.4   0.0799   0.00582  -0.00644  0.0185  0.963  0.172 0.476 0.1 0.0803 0.00597 0.00348 0.00445
Hojjati  Lannister  3  0.187    26.2      20.6   0.0685   0.0044  -0.00766  0.0127  0.965  0.181 0.614 0.113 0.0688 0.00449 -0.00374 0.00474
Hojjati  Lannister  4  0.161    1.55      0.91   0.0814   0.00493  -0.000169  0.00581  0.993  0.16 0.645 0.117 0.0817 0.00495 0.00201 0.00543

Hojjati  Targaryen  0  0.536    306      129   0.0569   0.00361  -0.0662  0.0356  0.926  0.497 0.336 0.0386 0.0587 0.00387 0.00268 0.00258
Hojjati  Targaryen  1  0.297    270      161   0.132   0.0436  0.00396  0.0198  0.919  0.273 0.408 0.0613 0.137 0.0475 0.0197 0.0131
Hojjati  Targaryen  2  0.259    217      110   0.0891   0.00771  0.026  0.0337  0.903  0.233 0.542 0.0877 0.091 0.00837 0.0165 0.0118
Hojjati  Targaryen  3  0.267    140      49.4   0.0894   0.0128  -0.0196  0.0291  0.906  0.242 0.587 0.0905 0.0915 0.014 0.00732 0.00683
Hojjati  Targaryen  4  0.242    33.2      19.5   0.107   0.0155  -0.0181  0.0258  0.968  0.235 0.62 0.0869 0.108 0.016 0.00664 0.0114

Hojjati  Baratheon  0  0.567    303      122   0.0792   0.0112  -0.0631  0.0394  0.917  0.52 0.348 0.0394 0.0807 0.0121 0.0215 0.0183
Hojjati  Baratheon  1  0.326    294      152   0.185   0.0677  -0.000373  0.0196  0.906  0.295 0.42 0.0609 0.198 0.0747 0.0153 0.0124
Hojjati  Baratheon  2  0.294    594      365   0.106   0.0111  0.0072  0.0337  0.884  0.26 0.561 0.0828 0.109 0.0123 0.00866 0.0149
Hojjati  Baratheon  3  0.297    131      44.7   0.0965   0.013  -0.026  0.0286  0.9  0.267 0.567 0.0828 0.0996 0.0144 0.00634 0.00703
Hojjati  Baratheon  4  0.282    82.1      48.4   0.108   0.0136  -0.02  0.0238  0.934  0.263 0.707 0.0942 0.11 0.0145 0.00525 0.0112

Hojjati  Tully  0  0.0943    14.7      14.3   0.191   0.0868  -0.0025  0.0134  0.988  0.0932 0.287 0.0554 0.193 0.0878 0.00705 0.00957
Hojjati  Tully  1  0.0691    0.671      0.33   0.307   0.21  -0.00739  0.00779  0.984  0.068 0.348 0.0776 0.311 0.214 -0.00833 0.00786
Hojjati  Tully  2  0.0647    0.437      0.121   0.142   0.0179  0.00289  0.0155  1  0.0647 0.437 0.121 0.142 0.0179 0.00289 0.0155
Hojjati  Tully  3  0.0658    0.277      0.0763   0.141   0.0221  0.0173  0.0113  1  0.0658 0.277 0.0763 0.141 0.0221 0.0173 0.0113
Hojjati  Tully  4  0.0537    0.347      0.0928   0.236   0.0485  -0.00326  0.0229  1  0.0537 0.347 0.0928 0.236 0.0485 -0.00326 0.0229

Kumar  RSP-IIA_tdc1_difference-smoothing  0  0.0362    0.32      0.0709   0.077   0.0172  0.00509  0.0107  1  0.0362 0.32 0.0709 0.077 0.0172 0.00509 0.0107
Kumar  RSP-IIA_tdc1_difference-smoothing  1  0.023    65.6      63.7   0.175   0.055  2.25  2.16  0.952  0.0219 0.334 0.0505 0.121 0.0161 0.04 0.0139
Kumar  RSP-IIA_tdc1_difference-smoothing  2  0.0263    0.714      0.207   0.142   0.0205  0.027  0.0316  1  0.0263 0.714 0.207 0.142 0.0205 0.027 0.0316
Kumar  RSP-IIA_tdc1_difference-smoothing  3  0.0241    1.71      1.18   0.168   0.0314  0.142  0.104  0.955  0.023 0.509 0.15 0.155 0.0299 0.037 0.0201
Kumar  RSP-IIA_tdc1_difference-smoothing  4  0.00987    0.194      0.104   0.551   0.117  0.169  0.0576  1  0.00987 0.194 0.104 0.551 0.117 0.169 0.0576


Jackson  manchester_01_1_4  0  0.311    36.4      35.6   0.0129   0.000347  -0.00646  0.00712  0.993  0.309 0.674 0.0729 0.0128 0.000348 0.000841 0.000805
Jackson  manchester_01_1_4  1  0.0515    2.02      1.34   0.0176   0.000827  -0.000425  0.00217  0.979  0.0504 0.676 0.122 0.018 0.000756 -0.000522 0.00221
Jackson  manchester_01_1_4  2  0.0537    1.16      0.22   0.0192   0.000669  0.000178  0.00299  1  0.0537 1.16 0.22 0.0192 0.000669 0.000178 0.00299
Jackson  manchester_01_1_4  3  0.105    1.91      0.471   0.0164   0.000514  0.00167  0.0021  0.948  0.0997 0.954 0.154 0.0165 0.000535 0.00178 0.00156
Jackson  manchester_01_1_4  4  0.0307    9.42      5.65   0.0203   0.000724  -0.0218  0.00939  0.893  0.0274 2.91 0.537 0.0209 0.000674 -0.0114 0.00645

Jackson  manchester_01_2_4  0  0.343    33.1      32.3   0.0129   0.000314  -0.00569  0.00647  0.987  0.339 0.659 0.0689 0.0128 0.000316 0.000527 0.000758
Jackson  manchester_01_2_4  1  0.0778    1.83      0.906   0.0169   0.000682  0.000547  0.00176  0.972  0.0756 0.769 0.127 0.0172 0.000654 0.00108 0.00172
Jackson  manchester_01_2_4  2  0.0734    1.2      0.263   0.0184   0.000592  0.000388  0.00241  0.985  0.0723 1.01 0.176 0.0185 0.000596 -0.000393 0.00232
Jackson  manchester_01_2_4  3  0.125    1.72      0.401   0.0162   0.000475  0.000718  0.00185  0.956  0.119 0.909 0.136 0.0163 0.000491 0.000758 0.00142
Jackson  manchester_01_2_4  4  0.0406    8.86      4.44   0.0194   0.00068  -0.0136  0.00785  0.892  0.0362 2.67 0.449 0.02 0.000636 -0.00752 0.00533

Jackson  manchester_01_3_4  0  0.355    32      31.2   0.013   0.000308  -0.00539  0.00625  0.988  0.351 0.659 0.067 0.0129 0.00031 0.00062 0.000745
Jackson  manchester_01_3_4  1  0.112    2.38      0.949   0.0162   0.000562  -0.00055  0.00149  0.961  0.107 0.812 0.139 0.0165 0.000541 1.99e-06 0.00139
Jackson  manchester_01_3_4  2  0.0921    1.65      0.358   0.0179   0.000554  0.00049  0.00229  0.952  0.0877 0.99 0.151 0.0182 0.000548 0.00143 0.00209
Jackson  manchester_01_3_4  3  0.145    1.96      0.481   0.016   0.000439  -0.000736  0.00187  0.955  0.138 0.92 0.127 0.016 0.000456 0.000133 0.00132
Jackson  manchester_01_3_4  4  0.0471    18.2      9.9   0.019   0.000727  -0.0111  0.00766  0.86  0.0406 2.97 0.463 0.0198 0.000628 -0.00707 0.00526

Jackson  manchester_03_1_4  0  0.461    44.7      27.8   0.022   0.000773  -0.0127  0.00832  0.988  0.456 0.625 0.0544 0.0219 0.000781 0.00201 0.00116
Jackson  manchester_03_1_4  1  0.106    1.66      0.672   0.0294   0.00147  0.00082  0.00386  0.979  0.104 0.895 0.147 0.0296 0.00147 -0.000374 0.00376
Jackson  manchester_03_1_4  2  0.155    0.937      0.109   0.0367   0.00152  -0.0012  0.00309  1  0.155 0.937 0.109 0.0367 0.00152 -0.0012 0.00309
Jackson  manchester_03_1_4  3  0.226    1.58      0.24   0.0305   0.00119  0.00234  0.00279  0.976  0.22 1.14 0.12 0.0309 0.0012 0.0024 0.00277
Jackson  manchester_03_1_4  4  0.0855    6.52      2.25   0.0378   0.00198  -0.0187  0.00947  0.897  0.0767 2.15 0.263 0.0382 0.00208 -0.00576 0.00651

Jackson  manchester_03_2_4  0  0.563    36.8      22.8   0.0242   0.000747  -0.00864  0.00686  0.986  0.556 0.669 0.0549 0.0242 0.000756 0.0032 0.0012
Jackson  manchester_03_2_4  1  0.169    1.64      0.474   0.0306   0.00129  0.00291  0.00297  0.968  0.163 0.831 0.109 0.0308 0.00131 0.00227 0.00258
Jackson  manchester_03_2_4  2  0.203    1.12      0.13   0.0347   0.00121  -0.000782  0.00293  0.995  0.202 1.05 0.109 0.0348 0.00121 -0.00107 0.00293
Jackson  manchester_03_2_4  3  0.271    1.52      0.207   0.0309   0.00109  0.00313  0.00254  0.98  0.265 1.15 0.113 0.0312 0.0011 0.00319 0.00252
Jackson  manchester_03_2_4  4  0.113    5.56      1.76   0.0356   0.0016  -0.00672  0.00699  0.922  0.104 2.01 0.227 0.0363 0.00164 4.09e-05 0.00513

Jackson  manchester_03_3_4  0  0.615    33.9      20.9   0.0251   0.000715  -0.00783  0.00632  0.984  0.605 0.693 0.0541 0.0251 0.000724 0.00363 0.00122
Jackson  manchester_03_3_4  1  0.246    1.83      0.463   0.0303   0.00107  0.00279  0.0025  0.969  0.238 0.89 0.103 0.0307 0.00108 0.00247 0.0023
Jackson  manchester_03_3_4  2  0.263    1.44      0.221   0.0339   0.00101  -0.00108  0.00258  0.979  0.258 1.05 0.101 0.0343 0.00101 -0.000204 0.00254
Jackson  manchester_03_3_4  3  0.32    1.91      0.341   0.0302   0.000955  0.00189  0.00316  0.973  0.311 1.1 0.102 0.0303 0.00096 0.00114 0.00223
Jackson  manchester_03_3_4  4  0.137    8.72      3.51   0.0357   0.00143  -0.00428  0.00645  0.904  0.124 2.24 0.233 0.0368 0.00147 0.00279 0.00508

Jackson  manchester_05_1_4  0  0.474    43.6      27.1   0.0245   0.0011  -0.0128  0.00812  0.988  0.468 0.619 0.0532 0.0245 0.00111 0.00151 0.00126
Jackson  manchester_05_1_4  1  0.109    1.65      0.658   0.0308   0.00177  -0.00125  0.00421  0.98  0.106 0.905 0.146 0.0311 0.00177 -0.00246 0.00413
Jackson  manchester_05_1_4  2  0.169    0.987      0.127   0.042   0.00201  0.00165  0.00446  0.994  0.168 0.909 0.102 0.0415 0.00195 -0.00131 0.00336
Jackson  manchester_05_1_4  3  0.231    1.58      0.235   0.0323   0.00141  0.00274  0.00309  0.976  0.226 1.15 0.118 0.0327 0.00144 0.00281 0.00308
Jackson  manchester_05_1_4  4  0.0997    5.89      1.93   0.0481   0.00332  -0.0296  0.0102  0.912  0.091 2.15 0.239 0.0495 0.00355 -0.0198 0.00887

Jackson  manchester_05_2_4  0  0.592    35.1      21.7   0.0279   0.00104  -0.009  0.00659  0.987  0.584 0.682 0.0536 0.0279 0.00106 0.00226 0.00145
Jackson  manchester_05_2_4  1  0.175    1.68      0.458   0.0326   0.0015  -0.00134  0.00349  0.969  0.17 0.897 0.113 0.0329 0.00153 -0.00209 0.00321
Jackson  manchester_05_2_4  2  0.239    1.18      0.133   0.0429   0.00171  -0.000956  0.00396  0.991  0.237 1.06 0.107 0.0426 0.00167 -0.00331 0.00338
Jackson  manchester_05_2_4  3  0.289    1.56      0.197   0.0348   0.0014  0.00296  0.0031  0.981  0.284 1.21 0.112 0.0352 0.00142 0.00302 0.00311
Jackson  manchester_05_2_4  4  0.139    5.02      1.44   0.0487   0.00295  -0.0214  0.008  0.929  0.129 1.96 0.196 0.0501 0.0031 -0.0147 0.00708

Jackson  manchester_05_3_4  0  0.684    30.6      18.8   0.0322   0.00115  -0.00665  0.00588  0.984  0.673 0.743 0.0537 0.0322 0.00116 0.0042 0.00178
Jackson  manchester_05_3_4  1  0.274    1.76      0.416   0.0367   0.00161  -0.00231  0.00297  0.972  0.266 0.926 0.098 0.0372 0.00164 -0.00274 0.00287
Jackson  manchester_05_3_4  2  0.319    1.57      0.213   0.0431   0.00149  -0.00345  0.00377  0.973  0.31 1.08 0.0959 0.0431 0.00147 -0.0021 0.00307
Jackson  manchester_05_3_4  3  0.353    1.89      0.311   0.0359   0.00137  0.0022  0.00345  0.975  0.344 1.16 0.0987 0.0362 0.00139 0.00152 0.00283
Jackson  manchester_05_3_4  4  0.179    7.24      2.71   0.0503   0.00256  -0.0208  0.00712  0.92  0.164 2.12 0.195 0.0522 0.00269 -0.015 0.00661

Jackson  manchester_01_1_3  0  0.318    35.6      34.9   0.0132   0.000357  -0.0064  0.00697  0.993  0.316 0.664 0.0715 0.0131 0.000359 0.000752 0.000795
Jackson  manchester_01_1_3  1  0.0537    1.96      1.28   0.018   0.000822  -0.00107  0.00213  0.98  0.0526 0.667 0.117 0.0183 0.000754 -0.00117 0.00217
Jackson  manchester_01_1_3  2  0.0548    1.14      0.217   0.0193   0.000669  -2.01e-05  0.00293  1  0.0548 1.14 0.217 0.0193 0.000669 -2.01e-05 0.00293
Jackson  manchester_01_1_3  3  0.112    1.88      0.445   0.017   0.000538  0.00247  0.00211  0.951  0.106 0.98 0.151 0.0171 0.000559 0.0026 0.00166

Jackson  manchester_01_2_3  0  0.353    32.2      31.4   0.0133   0.000328  -0.00528  0.00629  0.988  0.349 0.651 0.0671 0.0132 0.00033 0.000764 0.000752
Jackson  manchester_01_2_3  1  0.0789    1.81      0.894   0.017   0.000682  0.000388  0.00175  0.972  0.0767 0.761 0.125 0.0173 0.000654 0.000908 0.0017
Jackson  manchester_01_2_3  2  0.0789    1.29      0.268   0.0189   0.00059  -0.000273  0.00253  0.986  0.0778 1.1 0.199 0.019 0.000594 -0.00101 0.00246
Jackson  manchester_01_2_3  3  0.126    1.76      0.399   0.0163   0.000475  0.000204  0.0019  0.957  0.121 0.955 0.142 0.0164 0.000492 0.00022 0.0015

Jackson  manchester_01_3_3  0  0.363    31.4      30.6   0.0132   0.000318  -0.0051  0.00612  0.988  0.358 0.654 0.0657 0.0132 0.00032 0.00078 0.00074
Jackson  manchester_01_3_3  1  0.114    2.34      0.931   0.0163   0.000565  -0.000381  0.00146  0.962  0.11 0.798 0.137 0.0167 0.000545 0.000167 0.00137
Jackson  manchester_01_3_3  2  0.0987    2.17      0.546   0.0183   0.000547  -0.0024  0.00285  0.944  0.0932 1.13 0.179 0.0186 0.000545 -4.9e-05 0.00229
Jackson  manchester_01_3_3  3  0.148    1.96      0.472   0.0162   0.000444  -0.00112  0.00188  0.956  0.141 0.945 0.13 0.0162 0.000461 -0.000289 0.00136

Jackson  manchester_03_1_3  0  0.464    44.5      27.7   0.0223   0.000798  -0.0127  0.00828  0.988  0.458 0.622 0.0542 0.0223 0.000807 0.00196 0.00116
Jackson  manchester_03_1_3  1  0.106    1.66      0.672   0.0294   0.00147  0.00082  0.00386  0.979  0.104 0.895 0.147 0.0296 0.00147 -0.000374 0.00376
Jackson  manchester_03_1_3  2  0.158    0.921      0.107   0.0378   0.0016  -0.000997  0.00305  1  0.158 0.921 0.107 0.0378 0.0016 -0.000997 0.00305
Jackson  manchester_03_1_3  3  0.228    1.59      0.238   0.0312   0.00127  0.004  0.00301  0.976  0.223 1.16 0.12 0.0316 0.00128 0.00411 0.003

Jackson  manchester_03_2_3  0  0.569    36.5      22.6   0.0247   0.000772  -0.00838  0.00681  0.987  0.561 0.677 0.0549 0.0247 0.000782 0.00336 0.00125
Jackson  manchester_03_2_3  1  0.17    1.65      0.471   0.0308   0.0013  0.00212  0.00305  0.968  0.164 0.848 0.109 0.0311 0.00132 0.00146 0.00268
Jackson  manchester_03_2_3  2  0.208    1.1      0.127   0.0358   0.00126  -0.000852  0.0029  0.995  0.207 1.03 0.106 0.0359 0.00126 -0.00113 0.0029
Jackson  manchester_03_2_3  3  0.272    1.54      0.207   0.031   0.0011  0.00247  0.00261  0.98  0.266 1.17 0.115 0.0314 0.00111 0.00253 0.0026

Jackson  manchester_03_3_3  0  0.625    33.3      20.6   0.0258   0.000744  -0.00715  0.00623  0.984  0.615 0.695 0.0535 0.0258 0.000754 0.00414 0.00125
Jackson  manchester_03_3_3  1  0.25    1.8      0.455   0.031   0.00111  0.00311  0.00249  0.969  0.242 0.881 0.101 0.0314 0.00112 0.00281 0.0023
Jackson  manchester_03_3_3  2  0.265    1.44      0.22   0.0341   0.00102  -0.0012  0.00259  0.979  0.26 1.05 0.1 0.0346 0.00103 -0.000332 0.00255
Jackson  manchester_03_3_3  3  0.323    1.91      0.338   0.0306   0.000971  0.00168  0.00316  0.973  0.315 1.11 0.102 0.0307 0.000977 0.000919 0.00227

Jackson  manchester_05_1_3  0  0.474    43.6      27.1   0.0245   0.0011  -0.0128  0.00812  0.988  0.468 0.619 0.0532 0.0245 0.00111 0.00151 0.00126
Jackson  manchester_05_1_3  1  0.109    1.65      0.658   0.0308   0.00177  -0.00125  0.00421  0.98  0.106 0.905 0.146 0.0311 0.00177 -0.00246 0.00413
Jackson  manchester_05_1_3  2  0.169    0.987      0.127   0.042   0.00201  0.00165  0.00446  0.994  0.168 0.909 0.102 0.0415 0.00195 -0.00131 0.00336
Jackson  manchester_05_1_3  3  0.231    1.58      0.235   0.0323   0.00141  0.00274  0.00309  0.976  0.226 1.15 0.118 0.0327 0.00144 0.00281 0.00308

Jackson  manchester_05_2_3  0  0.592    35.1      21.7   0.0279   0.00104  -0.009  0.00659  0.987  0.584 0.682 0.0536 0.0279 0.00106 0.00226 0.00145
Jackson  manchester_05_2_3  1  0.176    3.9      2.27   0.0327   0.0015  -0.00758  0.00712  0.963  0.17 0.897 0.113 0.0329 0.00153 -0.00209 0.00321
Jackson  manchester_05_2_3  2  0.239    1.18      0.133   0.0429   0.00171  -0.000956  0.00396  0.991  0.237 1.06 0.107 0.0426 0.00167 -0.00331 0.00338
Jackson  manchester_05_2_3  3  0.289    1.56      0.197   0.0348   0.0014  0.00296  0.0031  0.981  0.284 1.21 0.112 0.0352 0.00142 0.00302 0.00311

Jackson  manchester_05_3_3  0  0.684    30.6      18.8   0.0322   0.00115  -0.00665  0.00588  0.984  0.673 0.743 0.0537 0.0322 0.00116 0.0042 0.00178
Jackson  manchester_05_3_3  1  0.274    1.76      0.416   0.0367   0.00161  -0.00231  0.00297  0.972  0.266 0.926 0.098 0.0372 0.00164 -0.00274 0.00287
Jackson  manchester_05_3_3  2  0.32    2.03      0.509   0.0433   0.00149  -0.00719  0.0053  0.969  0.31 1.08 0.0959 0.0431 0.00147 -0.0021 0.00307
Jackson  manchester_05_3_3  3  0.353    1.89      0.311   0.0359   0.00137  0.0022  0.00345  0.975  0.344 1.16 0.0987 0.0362 0.00139 0.00152 0.00283

Shafieloo  Arman1  0  0.554    0.347      0.0271   0.0531   0.00125  -0.0181  0.00125  1  0.554 0.347 0.0271 0.0531 0.00125 -0.0181 0.00125
Shafieloo  Arman1  1  0.387    0.23      0.0264   0.071   0.00129  -0.0227  0.00153  1  0.387 0.23 0.0264 0.071 0.00129 -0.0227 0.00153
Shafieloo  Arman1  2  0.376    0.367      0.0561   0.0793   0.00169  -0.0273  0.00256  0.997  0.375 0.321 0.0323 0.0791 0.00169 -0.026 0.0022
Shafieloo  Arman1  3  0.355    0.172      0.0211   0.1   0.00215  -0.0212  0.00215  1  0.355 0.172 0.0211 0.1 0.00215 -0.0212 0.00215
Shafieloo  Arman1  4  0.368    0.11      0.00997   0.155   0.00555  -0.0248  0.00228  1  0.368 0.11 0.00997 0.155 0.00555 -0.0248 0.00228

Shafieloo  Arman2  0  0.648    77.6      48.5   0.054   0.0012  -0.0502  0.0153  0.988  0.64 0.425 0.0339 0.0539 0.0012 -0.0199 0.00139
Shafieloo  Arman2  1  0.483    0.315      0.0401   0.0708   0.00119  -0.0243  0.0018  0.998  0.482 0.285 0.0263 0.0708 0.00119 -0.025 0.00163
Shafieloo  Arman2  2  0.461    15.7      7.94   0.0796   0.00159  -0.0586  0.012  0.981  0.453 0.378 0.0342 0.0795 0.00161 -0.0262 0.0022
Shafieloo  Arman2  3  0.452    5.55      2.4   0.0996   0.00203  -0.0605  0.0132  0.978  0.442 0.228 0.0234 0.099 0.00204 -0.0228 0.00215
Shafieloo  Arman2  4  0.47    1.51      1.33   0.154   0.00487  -0.0395  0.0119  0.998  0.469 0.173 0.0212 0.154 0.00488 -0.0279 0.0025

Shafieloo  Arman3  0  0.554    0.411      0.0332   0.0493   0.0012  -0.0181  0.00125  1  0.554 0.411 0.0332 0.0493 0.0012 -0.0181 0.00125
Shafieloo  Arman3  1  0.387    0.369      0.0417   0.0574   0.00128  -0.0227  0.00153  1  0.387 0.369 0.0417 0.0574 0.00128 -0.0227 0.00153
Shafieloo  Arman3  2  0.376    0.638      0.172   0.0685   0.00169  -0.0273  0.00256  0.994  0.374 0.442 0.0399 0.0686 0.00169 -0.0258 0.0022
Shafieloo  Arman3  3  0.355    0.316      0.0523   0.0786   0.00173  -0.0212  0.00215  0.997  0.354 0.271 0.0254 0.0786 0.00173 -0.0203 0.00196
Shafieloo  Arman3  4  0.368    0.301      0.0257   0.082   0.00218  -0.0248  0.00228  1  0.368 0.301 0.0257 0.082 0.00218 -0.0248 0.00228

Shafieloo  Arman4  0  0.554    0.526      0.0443   0.0424   0.00098  -0.0181  0.00125  0.998  0.552 0.5 0.0365 0.0424 0.000981 -0.0177 0.00121
Shafieloo  Arman4  1  0.387    0.478      0.0537   0.0493   0.00101  -0.0227  0.00153  0.997  0.386 0.443 0.0412 0.0493 0.00101 -0.0221 0.00141
Shafieloo  Arman4  2  0.376    0.816      0.221   0.0586   0.00138  -0.0273  0.00256  0.994  0.374 0.567 0.0501 0.0587 0.00138 -0.0258 0.0022
Shafieloo  Arman4  3  0.355    0.454      0.0725   0.0654   0.00149  -0.0212  0.00215  0.997  0.354 0.391 0.0363 0.0654 0.00149 -0.0203 0.00196
Shafieloo  Arman4  4  0.368    0.485      0.0416   0.0623   0.00158  -0.0248  0.00228  1  0.368 0.485 0.0416 0.0623 0.00158 -0.0248 0.00228

Shafieloo  Arman5  0  0.648    98.5      62.8   0.05   0.00114  -0.0502  0.0153  0.986  0.639 0.483 0.0362 0.05 0.00115 -0.0197 0.00138
Shafieloo  Arman5  1  0.483    0.495      0.0594   0.0574   0.00118  -0.0243  0.0018  0.998  0.482 0.452 0.0408 0.0573 0.00118 -0.025 0.00163
Shafieloo  Arman5  2  0.461    29.1      18.3   0.0692   0.00161  -0.0586  0.012  0.976  0.451 0.512 0.0424 0.0694 0.00163 -0.0258 0.00219
Shafieloo  Arman5  3  0.452    11.4      6.63   0.0792   0.00174  -0.0605  0.0132  0.976  0.441 0.353 0.0297 0.0786 0.00174 -0.0221 0.00204
Shafieloo  Arman5  4  0.47    2.2      1.73   0.0835   0.00207  -0.0395  0.0119  0.998  0.469 0.464 0.0504 0.0832 0.00206 -0.0279 0.0025

Shafieloo  Arman6  0  0.648    129      84.5   0.0433   0.000958  -0.0502  0.0153  0.983  0.637 0.576 0.0384 0.0433 0.000965 -0.0192 0.00132
Shafieloo  Arman6  1  0.483    0.637      0.0721   0.0496   0.000958  -0.0243  0.0018  0.995  0.481 0.562 0.0471 0.0495 0.00096 -0.0245 0.00156
Shafieloo  Arman6  2  0.461    37.5      23.7   0.0595   0.00135  -0.0586  0.012  0.976  0.451 0.652 0.0528 0.0596 0.00137 -0.0258 0.00219
Shafieloo  Arman6  3  0.452    17      10.6   0.0666   0.00157  -0.0605  0.0132  0.976  0.441 0.499 0.0417 0.066 0.00157 -0.0221 0.00204
Shafieloo  Arman6  4  0.47    2.67      1.94   0.0645   0.00162  -0.0395  0.0119  0.988  0.465 0.604 0.0493 0.0644 0.00161 -0.0263 0.00237

Shafieloo  Arman7  0  0.0855    0.772      0.109   0.0377   0.00217  -0.0197  0.00337  1  0.0855 0.772 0.109 0.0377 0.00217 -0.0197 0.00337
Shafieloo  Arman7  1  0.0723    0.933      0.14   0.0383   0.00223  -0.0278  0.00351  1  0.0723 0.933 0.14 0.0383 0.00223 -0.0278 0.00351
Shafieloo  Arman7  2  0.0603    2.24      1.03   0.0451   0.00314  -0.0307  0.00678  0.982  0.0592 1.24 0.286 0.0457 0.00314 -0.0296 0.00681
Shafieloo  Arman7  3  0.0625    0.765      0.118   0.046   0.00274  -0.0208  0.0035  1  0.0625 0.765 0.118 0.046 0.00274 -0.0208 0.0035
Shafieloo  Arman7  4  0.0647    1.15      0.312   0.0521   0.00404  -0.0279  0.00574  0.983  0.0636 0.885 0.179 0.0528 0.00405 -0.0276 0.00584

Shafieloo  Arman8  0  0.11    0.756      0.0954   0.0459   0.00259  -0.0218  0.00352  1  0.11 0.756 0.0954 0.0459 0.00259 -0.0218 0.00352
Shafieloo  Arman8  1  0.0932    0.911      0.151   0.0464   0.00259  -0.0281  0.00428  1  0.0932 0.911 0.151 0.0464 0.00259 -0.0281 0.00428
Shafieloo  Arman8  2  0.0866    2.46      1   0.0552   0.00324  -0.0385  0.00802  0.975  0.0844 1.05 0.209 0.0557 0.00328 -0.0322 0.00589
Shafieloo  Arman8  3  0.0811    0.747      0.106   0.0557   0.00343  -0.0232  0.00467  1  0.0811 0.747 0.106 0.0557 0.00343 -0.0232 0.00467
Shafieloo  Arman8  4  0.0866    0.98      0.238   0.0662   0.00457  -0.0313  0.00631  0.987  0.0855 0.784 0.14 0.0669 0.00458 -0.0312 0.00639


Tewes  pycs_tdc1_d3cs-vanilla-doupla-100bestP  0  0.0548    0.185      0.056   0.0462   0.00125  0.00262  0.00246  1  0.0548 0.185 0.056 0.0462 0.00125 0.00262 0.00246
Tewes  pycs_tdc1_d3cs-vanilla-doupla-100bestP  1  0.0121    0.147      0.0692   0.0444   0.00295  -0.00463  0.00507  1  0.0121 0.147 0.0692 0.0444 0.00295 -0.00463 0.00507
Tewes  pycs_tdc1_d3cs-vanilla-doupla-100bestP  2  0.00329    0.111      0.0566   0.0497   0.00217  0.000521  0.00891  1  0.00329 0.111 0.0566 0.0497 0.00217 0.000521 0.00891
Tewes  pycs_tdc1_d3cs-vanilla-doupla-100bestP  3  0.0373    0.104      0.0275   0.0483   0.00116  -0.000259  0.00284  1  0.0373 0.104 0.0275 0.0483 0.00116 -0.000259 0.00284
Tewes  pycs_tdc1_d3cs-vanilla-doupla-100bestP  4  0.00219    0.0964      0.0668   0.0526   0.0018  0.00972  0.00859  1  0.00219 0.0964 0.0668 0.0526 0.0018 0.00972 0.00859

Tewes  pycs_tdc1_d3cs-vanilla-doupla-800bestP  0  0.3    0.212      0.0323   0.0849   0.0016  0.00157  0.00247  1  0.3 0.212 0.0323 0.0849 0.0016 0.00157 0.00247
Tewes  pycs_tdc1_d3cs-vanilla-doupla-800bestP  1  0.186    0.195      0.0352   0.0906   0.00173  -0.00925  0.0032  1  0.186 0.195 0.0352 0.0906 0.00173 -0.00925 0.0032
Tewes  pycs_tdc1_d3cs-vanilla-doupla-800bestP  2  0.135    0.102      0.0207   0.096   0.00183  -0.00194  0.00273  1  0.135 0.102 0.0207 0.096 0.00183 -0.00194 0.00273
Tewes  pycs_tdc1_d3cs-vanilla-doupla-800bestP  3  0.209    0.806      0.454   0.0888   0.00326  0.026  0.0257  0.99  0.207 0.167 0.0296 0.0863 0.00195 0.00288 0.00298
Tewes  pycs_tdc1_d3cs-vanilla-doupla-800bestP  4  0.046    0.187      0.0536   0.107   0.00289  -0.00269  0.00673  1  0.046 0.187 0.0536 0.107 0.00289 -0.00269 0.00673

Tewes  pycs_tdc1_d3cs-vanilla-doupla-1600bestP  0  0.505    0.219      0.0251   0.122   0.00259  -0.00179  0.00365  1  0.505 0.219 0.0251 0.122 0.00259 -0.00179 0.00365
Tewes  pycs_tdc1_d3cs-vanilla-doupla-1600bestP  1  0.375    0.43      0.231   0.134   0.00284  -0.0114  0.0114  0.997  0.374 0.199 0.0229 0.133 0.00272 -0.000594 0.00352
Tewes  pycs_tdc1_d3cs-vanilla-doupla-1600bestP  2  0.316    0.481      0.293   0.142   0.00296  -0.0144  0.0138  0.993  0.313 0.123 0.0187 0.141 0.0028 0.000442 0.00362
Tewes  pycs_tdc1_d3cs-vanilla-doupla-1600bestP  3  0.343    1.09      0.589   0.122   0.00327  0.00659  0.0173  0.99  0.34 0.182 0.029 0.12 0.00293 -0.00101 0.00361
Tewes  pycs_tdc1_d3cs-vanilla-doupla-1600bestP  4  0.212    1.37      0.993   0.164   0.00329  -0.0122  0.0118  0.99  0.209 0.256 0.0489 0.165 0.0033 -0.000109 0.00655

Tewes  pycs_tdc1_d3cs-vanilla-doupla-full  0  0.813    0.671      0.272   0.236   0.00733  -0.0389  0.00635  0.995  0.809 0.264 0.0257 0.237 0.00737 -0.0343 0.00592
Tewes  pycs_tdc1_d3cs-vanilla-doupla-full  1  0.642    0.563      0.194   0.239   0.00686  -0.0519  0.0104  0.995  0.639 0.253 0.0251 0.238 0.00685 -0.0391 0.00634
Tewes  pycs_tdc1_d3cs-vanilla-doupla-full  2  0.602    1.6      1.25   0.287   0.0094  -0.0371  0.00885  0.993  0.597 0.122 0.0126 0.287 0.00945 -0.0253 0.00467
Tewes  pycs_tdc1_d3cs-vanilla-doupla-full  3  0.618    1.04      0.384   0.279   0.0103  -0.0421  0.0138  0.989  0.612 0.264 0.0343 0.279 0.0103 -0.0392 0.00898
Tewes  pycs_tdc1_d3cs-vanilla-doupla-full  4  0.635    0.903      0.367   0.382   0.0103  -0.0571  0.0116  0.99  0.628 0.278 0.0288 0.385 0.0103 -0.0467 0.0107

Tewes  pycs_tdc1_d3cs-vanilla-douplamul-full  0  0.875    1.94      0.569   0.251   0.00776  -0.056  0.0202  0.982  0.859 0.308 0.0283 0.249 0.00773 -0.0451 0.00733
Tewes  pycs_tdc1_d3cs-vanilla-douplamul-full  1  0.768    1.16      0.383   0.262   0.00778  -0.0441  0.0134  0.991  0.762 0.398 0.0385 0.26 0.00776 -0.0331 0.00892
Tewes  pycs_tdc1_d3cs-vanilla-douplamul-full  2  0.767    5.4      1.82   0.302   0.00906  -0.103  0.02  0.956  0.733 0.297 0.0356 0.301 0.00911 -0.0456 0.00838
Tewes  pycs_tdc1_d3cs-vanilla-douplamul-full  3  0.782    3.98      1.1   0.286   0.00995  -0.0775  0.0219  0.969  0.757 0.345 0.038 0.287 0.0101 -0.0295 0.0111
Tewes  pycs_tdc1_d3cs-vanilla-douplamul-full  4  0.742    1.37      0.362   0.386   0.0101  -0.0838  0.0174  0.976  0.725 0.396 0.0405 0.387 0.01 -0.0509 0.0117

Tewes  pycs_tdc1_d3cs-vb-doupla-full  0  0.88    11.2      3.36   0.219   0.0089  -0.0392  0.0235  0.968  0.852 0.533 0.0408 0.219 0.00908 -0.00269 0.00884
Tewes  pycs_tdc1_d3cs-vb-doupla-full  1  0.748    3.35      1.25   0.245   0.00667  -0.0283  0.0138  0.975  0.729 0.54 0.0435 0.245 0.00673 -0.0251 0.00838
Tewes  pycs_tdc1_d3cs-vb-doupla-full  2  0.791    11      3.6   0.2   0.00537  -0.0688  0.0219  0.932  0.738 0.563 0.046 0.2 0.00548 -0.0191 0.00678
Tewes  pycs_tdc1_d3cs-vb-doupla-full  3  0.798    15.4      2.93   0.208   0.00583  -0.107  0.0236  0.912  0.728 0.742 0.0586 0.212 0.00614 -0.0239 0.00973
Tewes  pycs_tdc1_d3cs-vb-doupla-full  4  0.752    4.47      1.04   0.337   0.00952  -0.0826  0.0226  0.945  0.71 0.563 0.0453 0.341 0.00967 -0.00354 0.0146

Tewes  pycs_tdc1_d3cs-vb-douplamul-full  0  0.917    12.5      3.36   0.224   0.00891  -0.0562  0.0251  0.955  0.876 0.551 0.0408 0.223 0.00919 -0.00555 0.00913
Tewes  pycs_tdc1_d3cs-vb-douplamul-full  1  0.874    6.29      1.51   0.262   0.00728  -0.0371  0.0229  0.954  0.833 0.711 0.0501 0.259 0.00727 0.000746 0.0127
Tewes  pycs_tdc1_d3cs-vb-douplamul-full  2  0.907    17.4      3.56   0.203   0.00561  -0.107  0.0272  0.895  0.811 0.674 0.0513 0.203 0.00578 -0.0106 0.00848
Tewes  pycs_tdc1_d3cs-vb-douplamul-full  3  0.899    18.5      3   0.21   0.00568  -0.101  0.0251  0.895  0.805 0.838 0.0593 0.212 0.0058 -0.0168 0.0101
Tewes  pycs_tdc1_d3cs-vb-douplamul-full  4  0.865    13.7      4   0.351   0.0107  -0.057  0.0548  0.909  0.786 0.652 0.05 0.347 0.00956 0.0192 0.0159

Tewes  pycs_tdc1_d3cs-resc-doupla-full  0  0.813    18.4      7.49   0.0452   0.0014  -0.0389  0.00635  0.84  0.683 2.23 0.102 0.0443 0.00151 -0.0137 0.00364
Tewes  pycs_tdc1_d3cs-resc-doupla-full  1  0.642    15.4      5.29   0.0457   0.00131  -0.0519  0.0104  0.811  0.521 2.25 0.118 0.0437 0.00139 -0.0108 0.00385
Tewes  pycs_tdc1_d3cs-resc-doupla-full  2  0.602    44.2      34.5   0.0548   0.0018  -0.0371  0.00885  0.92  0.554 1.6 0.0924 0.0554 0.00191 -0.02 0.00389
Tewes  pycs_tdc1_d3cs-resc-doupla-full  3  0.618    28.4      10.5   0.0535   0.00196  -0.0421  0.0138  0.853  0.527 2.09 0.107 0.0517 0.00202 -0.0229 0.00448
Tewes  pycs_tdc1_d3cs-resc-doupla-full  4  0.635    24.7      10.1   0.0731   0.00196  -0.0571  0.0116  0.789  0.501 2.33 0.114 0.0722 0.00216 -0.0276 0.00559



Tewes  pycs_tdc1_sdi-vanilla-doupla-282largestabstd  0  0.13    0.983      0.148   0.0227   0.00274  0.0037  0.00358  0.992  0.129 0.902 0.125 0.0229 0.00276 0.00354 0.00361
Tewes  pycs_tdc1_sdi-vanilla-doupla-282largestabstd  1  0.0559    0.341      0.118   0.119   0.0137  0.017  0.0068  1  0.0559 0.341 0.118 0.119 0.0137 0.017 0.0068
Tewes  pycs_tdc1_sdi-vanilla-doupla-282largestabstd  2  0.0395    0.425      0.152   0.0689   0.00705  0.0116  0.00521  1  0.0395 0.425 0.152 0.0689 0.00705 0.0116 0.00521
Tewes  pycs_tdc1_sdi-vanilla-doupla-282largestabstd  3  0.0417    0.467      0.184   0.0658   0.0069  0.00315  0.00584  1  0.0417 0.467 0.184 0.0658 0.0069 0.00315 0.00584
Tewes  pycs_tdc1_sdi-vanilla-doupla-282largestabstd  4  0.0417    48      46.7   0.0948   0.0152  -0.0363  0.0503  0.947  0.0395 0.254 0.0641 0.0971 0.016 0.0203 0.00979

Tewes  pycs_tdc1_sdi-vanilla-doupla-800bestP  0  0.333    1.1      0.089   0.0141   0.000329  0.000738  0.000953  0.997  0.332 1.07 0.0835 0.0141 0.000329 0.000666 0.000953
Tewes  pycs_tdc1_sdi-vanilla-doupla-800bestP  1  0.191    1.02      0.102   0.0162   0.000398  0.00227  0.00132  1  0.191 1.02 0.102 0.0162 0.000398 0.00227 0.00132
Tewes  pycs_tdc1_sdi-vanilla-doupla-800bestP  2  0.155    1.12      0.167   0.0161   0.000431  0.00212  0.00151  0.993  0.153 1.01 0.124 0.0161 0.000433 0.00254 0.00146
Tewes  pycs_tdc1_sdi-vanilla-doupla-800bestP  3  0.147    0.996      0.132   0.017   0.000426  -0.00132  0.00151  0.993  0.146 0.921 0.109 0.0169 0.000426 -0.000746 0.00141
Tewes  pycs_tdc1_sdi-vanilla-doupla-800bestP  4  0.0515    1.46      0.375   0.0224   0.000417  0.00867  0.00416  0.979  0.0504 1.19 0.272 0.0223 0.000418 0.00674 0.00377

Tewes  pycs_tdc1_sdi-vanilla-doupla-1600bestP  0  0.531    1.11      0.074   0.0238   0.000669  0.00228  0.00131  0.996  0.528 1.06 0.0675 0.0238 0.000671 0.00243 0.0013
Tewes  pycs_tdc1_sdi-vanilla-doupla-1600bestP  1  0.364    6.11      5.16   0.0279   0.000818  -0.00912  0.0124  0.997  0.363 0.947 0.0681 0.0277 0.000793 0.00315 0.00163
Tewes  pycs_tdc1_sdi-vanilla-doupla-1600bestP  2  0.316    2.56      1.53   0.0281   0.000828  0.00101  0.00244  0.99  0.312 0.929 0.0824 0.0281 0.000835 0.00254 0.00175
Tewes  pycs_tdc1_sdi-vanilla-doupla-1600bestP  3  0.293    0.884      0.0836   0.0289   0.000886  -0.000476  0.00175  0.996  0.292 0.846 0.0746 0.0289 0.000889 -0.000189 0.00173
Tewes  pycs_tdc1_sdi-vanilla-doupla-1600bestP  4  0.242    10.3      8.18   0.0371   0.000784  -0.00283  0.00905  0.982  0.238 0.986 0.0987 0.0372 0.000794 0.00611 0.00254

Tewes  pycs_tdc1_sdi-vanilla-doupla-full  0  0.777    1.05      0.0641   0.083   0.00538  -0.00278  0.0048  0.996  0.774 0.997 0.054 0.0831 0.00541 -0.00214 0.00479
Tewes  pycs_tdc1_sdi-vanilla-doupla-full  1  0.608    4.02      3.09   0.0884   0.00541  -0.00301  0.00861  0.991  0.603 0.818 0.0533 0.0882 0.00546 0.00374 0.00417
Tewes  pycs_tdc1_sdi-vanilla-doupla-full  2  0.571    1.77      0.85   0.103   0.00632  -0.00517  0.00489  0.992  0.567 0.808 0.0551 0.103 0.00636 -0.00374 0.0048
Tewes  pycs_tdc1_sdi-vanilla-doupla-full  3  0.566    1.87      0.887   0.128   0.0109  -0.0106  0.0122  0.99  0.56 0.75 0.0562 0.127 0.0109 -0.0095 0.00648
Tewes  pycs_tdc1_sdi-vanilla-doupla-full  4  0.611    5.75      3.3   0.143   0.0094  -0.00259  0.0088  0.978  0.597 0.957 0.0648 0.144 0.00959 0.0105 0.00714

Tewes  pycs_tdc1_sdi-vanilla-doupla-P3percent  0  0.552    1.1      0.0718   0.0254   0.000728  0.00293  0.00138  0.996  0.55 1.06 0.0656 0.0254 0.00073 0.00308 0.00137
Tewes  pycs_tdc1_sdi-vanilla-doupla-P3percent  1  0.377    6.01      4.98   0.0291   0.000863  -0.00857  0.012  0.991  0.374 0.954 0.0706 0.0287 0.000829 0.00288 0.00168
Tewes  pycs_tdc1_sdi-vanilla-doupla-P3percent  2  0.338    2.43      1.43   0.0303   0.00091  0.000859  0.00237  0.99  0.334 0.902 0.0781 0.0303 0.000917 0.00228 0.00176
Tewes  pycs_tdc1_sdi-vanilla-doupla-P3percent  3  0.304    0.88      0.082   0.0301   0.000938  0.000278  0.00183  0.996  0.303 0.843 0.0735 0.0302 0.000941 0.000558 0.00182
Tewes  pycs_tdc1_sdi-vanilla-doupla-P3percent  4  0.264    9.52      7.5   0.0391   0.000843  -0.00302  0.00839  0.983  0.26 1.01 0.099 0.0392 0.000853 0.00516 0.00266

Tewes  pycs_tdc1_spl-d3cserrs-doupla-full  0  0.8    3.03      1.28   0.0485   0.00152  -0.00029  0.00319  0.953  0.763 0.556 0.0493 0.0488 0.00157 -0.000548 0.00202
Tewes  pycs_tdc1_spl-d3cserrs-doupla-full  1  0.639    5.99      3.34   0.0489   0.00141  -0.0149  0.00802  0.943  0.603 0.694 0.0644 0.0492 0.00146 -0.00421 0.00191
Tewes  pycs_tdc1_spl-d3cserrs-doupla-full  2  0.597    32.6      28.7   0.0585   0.00193  -0.011  0.00472  0.958  0.572 0.629 0.0631 0.0589 0.00199 -0.00611 0.0027
Tewes  pycs_tdc1_spl-d3cserrs-doupla-full  3  0.613    20.5      9.28   0.057   0.00211  -0.00513  0.0119  0.927  0.568 0.783 0.0714 0.0558 0.00209 -0.000961 0.00266
Tewes  pycs_tdc1_spl-d3cserrs-doupla-full  4  0.627    14.8      8.68   0.0784   0.00211  -0.0114  0.00785  0.937  0.588 0.697 0.0604 0.0787 0.00215 0.00231 0.00337

Tewes  pycs_tdc1_spl-k1.5-doupla-full  0  0.793    0.548      0.0478   0.069   0.00499  0.00412  0.00293  0.996  0.789 0.493 0.0353 0.069 0.00501 0.00351 0.00281
Tewes  pycs_tdc1_spl-k1.5-doupla-full  1  0.632    1.91      1.13   0.059   0.00341  -0.00847  0.00701  0.986  0.624 0.47 0.0377 0.0588 0.00345 -0.00265 0.00222
Tewes  pycs_tdc1_spl-k1.5-doupla-full  2  0.597    7.94      6.05   0.0916   0.00718  -0.0113  0.00535  0.993  0.593 0.511 0.0446 0.092 0.00723 -0.0058 0.00436
Tewes  pycs_tdc1_spl-k1.5-doupla-full  3  0.611    9.19      4.94   0.129   0.0144  -0.00448  0.0125  0.984  0.601 0.528 0.0444 0.13 0.0146 -0.00342 0.00662
Tewes  pycs_tdc1_spl-k1.5-doupla-full  4  0.628    23.9      15.2   0.103   0.00637  -0.00485  0.00743  0.972  0.611 0.605 0.0407 0.105 0.00652 0.00279 0.00529

Tewes  pycs_tdc1_spl-median-doupla-splagree  0  0.584    0.4      0.0477   0.0706   0.00543  -0.00178  0.0026  0.998  0.583 0.361 0.028 0.0706 0.00544 -0.00134 0.00257
Tewes  pycs_tdc1_spl-median-doupla-splagree  1  0.461    0.478      0.0719   0.0609   0.00408  -0.00885  0.00597  0.993  0.458 0.381 0.0437 0.0608 0.0041 -0.0101 0.00588
Tewes  pycs_tdc1_spl-median-doupla-splagree  2  0.431    0.974      0.642   0.0783   0.00599  -0.00933  0.00353  0.997  0.43 0.331 0.0339 0.0785 0.00601 -0.00821 0.00335
Tewes  pycs_tdc1_spl-median-doupla-splagree  3  0.427    1.1      0.603   0.0971   0.0124  0.00108  0.00591  0.99  0.423 0.332 0.031 0.0975 0.0126 0.00302 0.00568
Tewes  pycs_tdc1_spl-median-doupla-splagree  4  0.444    0.514      0.0415   0.0822   0.0055  0.00147  0.00377  1  0.444 0.514 0.0415 0.0822 0.0055 0.00147 0.00377

Tewes  pycs_tdc1_spl-median-doupla-splsdiagree  0  0.299    0.292      0.029   0.0822   0.00893  -0.00428  0.00366  1  0.299 0.292 0.029 0.0822 0.00893 -0.00428 0.00366
Tewes  pycs_tdc1_spl-median-doupla-splsdiagree  1  0.206    0.192      0.0239   0.062   0.00529  -0.00359  0.00216  1  0.206 0.192 0.0239 0.062 0.00529 -0.00359 0.00216
Tewes  pycs_tdc1_spl-median-doupla-splsdiagree  2  0.226    0.294      0.0428   0.0838   0.0102  -0.0044  0.00468  1  0.226 0.294 0.0428 0.0838 0.0102 -0.0044 0.00468
Tewes  pycs_tdc1_spl-median-doupla-splsdiagree  3  0.213    0.228      0.0266   0.12   0.0241  -0.00918  0.0073  1  0.213 0.228 0.0266 0.12 0.0241 -0.00918 0.0073
Tewes  pycs_tdc1_spl-median-doupla-splsdiagree  4  0.223    0.368      0.0375   0.0804   0.00751  0.00182  0.0044  1  0.223 0.368 0.0375 0.0804 0.00751 0.00182 0.0044

Tewes  pycs_tdc1_spl-mintderr1.0-doupla-800bestP  0  0.286    0.281      0.0727   0.019   0.000376  0.00121  0.000656  0.996  0.285 0.234 0.0555 0.0191 0.000377 0.00101 0.000628
Tewes  pycs_tdc1_spl-mintderr1.0-doupla-800bestP  1  0.152    0.294      0.0531   0.0225   0.000436  0.000867  0.00106  1  0.152 0.294 0.0531 0.0225 0.000436 0.000867 0.00106
Tewes  pycs_tdc1_spl-mintderr1.0-doupla-800bestP  2  0.137    0.216      0.0564   0.0223   0.000468  0.000345  0.000847  1  0.137 0.216 0.0564 0.0223 0.000468 0.000345 0.000847
Tewes  pycs_tdc1_spl-mintderr1.0-doupla-800bestP  3  0.152    0.48      0.112   0.0212   0.000447  -0.000485  0.00126  0.993  0.151 0.383 0.0561 0.0212 0.00045 0.000107 0.00112
Tewes  pycs_tdc1_spl-mintderr1.0-doupla-800bestP  4  0.149    107      72   0.0227   0.00037  -0.0302  0.0191  0.978  0.146 0.593 0.0781 0.0228 0.000376 -0.000416 0.00152

Tewes  pycs_tdc1_spl-ml0.5-doupla-full  0  0.808    1.22      0.433   0.0589   0.00344  -0.00746  0.00349  0.989  0.799 0.606 0.0422 0.0587 0.00347 -0.00554 0.00289
Tewes  pycs_tdc1_spl-ml0.5-doupla-full  1  0.641    2.13      1.14   0.0593   0.00309  -0.0255  0.00876  0.979  0.628 0.657 0.0565 0.0587 0.00314 -0.0146 0.00533
Tewes  pycs_tdc1_spl-ml0.5-doupla-full  2  0.597    8.64      6.99   0.0789   0.00864  -0.014  0.0048  0.989  0.591 0.525 0.0439 0.0793 0.00873 -0.00814 0.00376
Tewes  pycs_tdc1_spl-ml0.5-doupla-full  3  0.616    4.97      2.19   0.0965   0.00869  -0.0124  0.0118  0.977  0.602 0.706 0.0582 0.0965 0.00888 -0.0104 0.00666
Tewes  pycs_tdc1_spl-ml0.5-doupla-full  4  0.634    20.9      11.3   0.0795   0.00441  -0.0197  0.0093  0.95  0.602 0.891 0.06 0.0786 0.00442 -0.00443 0.00507

Tewes  pycs_tdc1_spl-vanilla-doupla-286largestabstd  0  0.134    0.941      0.251   0.02   0.00128  0.00532  0.00244  0.984  0.132 0.645 0.124 0.0202 0.0013 0.00465 0.00244
Tewes  pycs_tdc1_spl-vanilla-doupla-286largestabstd  1  0.0636    1.15      0.281   0.0318   0.00157  0.00122  0.00582  0.983  0.0625 0.989 0.236 0.0317 0.0016 0.0034 0.00549
Tewes  pycs_tdc1_spl-vanilla-doupla-286largestabstd  2  0.0329    0.338      0.0897   0.032   0.00215  -0.000186  0.00389  1  0.0329 0.338 0.0897 0.032 0.00215 -0.000186 0.00389
Tewes  pycs_tdc1_spl-vanilla-doupla-286largestabstd  3  0.0449    1.7      0.865   0.0285   0.00185  -0.000341  0.00638  0.976  0.0438 0.849 0.197 0.0284 0.00189 0.00456 0.00427
Tewes  pycs_tdc1_spl-vanilla-doupla-286largestabstd  4  0.0384    403      273   0.0319   0.00135  -0.13  0.0716  0.829  0.0318 1.06 0.225 0.0323 0.00152 -0.00661 0.0066

Tewes  pycs_tdc1_spl-vanilla-doupla-800bestP  0  0.31    0.686      0.11   0.0103   0.000289  0.0006  0.000503  0.993  0.308 0.558 0.0541 0.0103 0.00029 0.000282 0.000452
Tewes  pycs_tdc1_spl-vanilla-doupla-800bestP  1  0.175    0.548      0.0635   0.0126   0.000332  -0.000178  0.000808  1  0.175 0.548 0.0635 0.0126 0.000332 -0.000178 0.000808
Tewes  pycs_tdc1_spl-vanilla-doupla-800bestP  2  0.144    0.549      0.1   0.0125   0.000363  -0.000639  0.000819  1  0.144 0.549 0.1 0.0125 0.000363 -0.000639 0.000819
Tewes  pycs_tdc1_spl-vanilla-doupla-800bestP  3  0.164    0.638      0.0738   0.0127   0.000346  -0.00035  0.000835  1  0.164 0.638 0.0738 0.0127 0.000346 -0.00035 0.000835
Tewes  pycs_tdc1_spl-vanilla-doupla-800bestP  4  0.08    0.87      0.144   0.016   0.000316  0.000461  0.00174  1  0.08 0.87 0.144 0.016 0.000316 0.000461 0.00174

Tewes  pycs_tdc1_spl-vanilla-doupla-1600bestP  0  0.469    0.624      0.0793   0.0165   0.000492  0.00116  0.000705  0.995  0.467 0.539 0.0481 0.0165 0.000494 0.000955 0.000692
Tewes  pycs_tdc1_spl-vanilla-doupla-1600bestP  1  0.347    0.531      0.0517   0.0211   0.00056  -0.000293  0.000937  1  0.347 0.531 0.0517 0.0211 0.00056 -0.000293 0.000937
Tewes  pycs_tdc1_spl-vanilla-doupla-1600bestP  2  0.29    0.429      0.0563   0.0208   0.000587  -0.000636  0.000823  1  0.29 0.429 0.0563 0.0208 0.000587 -0.000636 0.000823
Tewes  pycs_tdc1_spl-vanilla-doupla-1600bestP  3  0.307    0.674      0.0774   0.0203   0.000572  2.87e-05  0.00111  0.996  0.306 0.626 0.0615 0.0203 0.000574 0.000323 0.00107
Tewes  pycs_tdc1_spl-vanilla-doupla-1600bestP  4  0.288    58.9      37.5   0.0253   0.000487  -0.0192  0.0102  0.973  0.281 0.739 0.072 0.0254 0.000496 -0.000289 0.00139

Tewes  pycs_tdc1_spl-vanilla-doupla-full  0  0.8    0.977      0.231   0.0622   0.00393  -0.00029  0.00319  0.992  0.794 0.594 0.0442 0.0622 0.00396 -0.000331 0.0026
Tewes  pycs_tdc1_spl-vanilla-doupla-full  1  0.639    1.33      0.51   0.0579   0.00312  -0.0149  0.00802  0.988  0.631 0.674 0.0559 0.0575 0.00314 -0.00891 0.00479
Tewes  pycs_tdc1_spl-vanilla-doupla-full  2  0.597    13.6      11.8   0.0704   0.00406  -0.011  0.00472  0.991  0.592 0.549 0.0511 0.0707 0.00409 -0.00513 0.00359
Tewes  pycs_tdc1_spl-vanilla-doupla-full  3  0.613    5.85      2.77   0.097   0.0107  -0.00513  0.0119  0.977  0.598 0.639 0.0522 0.097 0.0109 -0.00105 0.00644
Tewes  pycs_tdc1_spl-vanilla-doupla-full  4  0.627    28.5      17.3   0.0765   0.00462  -0.0114  0.00785  0.958  0.601 0.898 0.0614 0.0771 0.0048 -0.00213 0.00564

Tewes  pycs_tdc1_spl-vanilla-doupla-P3percent  0  0.608    0.739      0.0901   0.0247   0.000762  0.00112  0.00124  0.995  0.605 0.617 0.0502 0.0247 0.000765 0.0014 0.00116
Tewes  pycs_tdc1_spl-vanilla-doupla-P3percent  1  0.48    0.739      0.0817   0.0294   0.000789  -0.00194  0.00156  0.993  0.477 0.64 0.0576 0.0293 0.000793 -0.00088 0.00144
Tewes  pycs_tdc1_spl-vanilla-doupla-P3percent  2  0.42    1.39      0.71   0.0305   0.000892  -0.00325  0.0021  0.992  0.417 0.539 0.0623 0.0304 0.000897 -0.000807 0.0015
Tewes  pycs_tdc1_spl-vanilla-doupla-P3percent  3  0.419    2.55      1.29   0.029   0.000992  0.0101  0.0126  0.984  0.412 0.589 0.0504 0.0283 0.000845 -0.000641 0.00122
Tewes  pycs_tdc1_spl-vanilla-doupla-P3percent  4  0.446    39.2      24.2   0.0351   0.000804  -0.0106  0.0073  0.958  0.427 0.894 0.0697 0.0349 0.000793 0.00223 0.00197

Tewes  pycs_tdc1_d3cs-mtall-douplamul-full  0  0.0669    1.48      1.08   0.189   0.0169  -0.00807  0.0605  0.967  0.0647 0.107 0.0246 0.182 0.0166 -0.0275 0.0107
Tewes  pycs_tdc1_d3cs-mtall-douplamul-full  1  0.541    17.5      4.31   0.284   0.033  -0.0181  0.0445  0.915  0.495 0.533 0.0608 0.287 0.036 0.0243 0.0264
Tewes  pycs_tdc1_d3cs-mtall-douplamul-full  2  0.236    8.19      1.86   0.383   0.0447  0.0298  0.0827  0.888  0.209 0.45 0.0819 0.388 0.0501 0.016 0.0422
Tewes  pycs_tdc1_d3cs-mtall-douplamul-full  3  0.57    13.1      3.72   0.354   0.0293  -0.123  0.0526  0.912  0.52 0.418 0.0571 0.346 0.0315 0.0512 0.0252
Tewes  pycs_tdc1_d3cs-mtall-douplamul-full  4  0.107    10.9      3.29   0.427   0.0492  -0.318  0.198  0.796  0.0855 0.867 0.205 0.371 0.0533 0.0357 0.0583

Tewes  pycs_tdc1_d3cs-mtall-doupla-full  0  0.0614    0.0798      0.0187   0.179   0.0167  -0.0205  0.00952  1  0.0614 0.0798 0.0187 0.179 0.0167 -0.0205 0.00952
Tewes  pycs_tdc1_d3cs-mtall-doupla-full  1  0.385    0.53      0.265   0.2   0.0111  -0.02  0.0136  0.994  0.383 0.197 0.0241 0.199 0.0111 -0.00781 0.00956
Tewes  pycs_tdc1_d3cs-mtall-doupla-full  2  0.16    1.07      0.87   0.236   0.015  -0.0412  0.0115  0.993  0.159 0.196 0.0431 0.237 0.0151 -0.0467 0.0102
Tewes  pycs_tdc1_d3cs-mtall-doupla-full  3  0.351    0.127      0.0173   0.204   0.0166  -0.000414  0.0133  1  0.351 0.127 0.0173 0.204 0.0166 -0.000414 0.0133
Tewes  pycs_tdc1_d3cs-mtall-doupla-full  4  0.0636    2.23      1.61   0.277   0.0238  -0.0769  0.0427  0.966  0.0614 0.403 0.164 0.278 0.0244 -0.035 0.0322


Tewes  pycs_tdc1_sdi-vanilla-doupla-100bestP  0  0.0734    1.06      0.203   0.00704   0.000146  0.00129  0.000883  0.985  0.0723 0.91 0.146 0.00705 0.000149 0.000971 0.000835
Tewes  pycs_tdc1_sdi-vanilla-doupla-100bestP  1  0.0164    0.887      0.306   0.00792   0.000185  0.00362  0.00178  1  0.0164 0.887 0.306 0.00792 0.000185 0.00362 0.00178
Tewes  pycs_tdc1_sdi-vanilla-doupla-100bestP  2  0.0142    0.4      0.132   0.00758   0.000219  5.99e-05  0.00125  1  0.0142 0.4 0.132 0.00758 0.000219 5.99e-05 0.00125
Tewes  pycs_tdc1_sdi-vanilla-doupla-100bestP  3  0.00548    1.67      0.923   0.00824   0.000269  0.00832  0.00296  1  0.00548 1.67 0.923 0.00824 0.000269 0.00832 0.00296

Tewes  pycs_tdc1_spl-vanilla-doupla-100bestP  0  0.0789    0.956      0.159   0.0044   0.00015  -0.000228  0.000527  1  0.0789 0.956 0.159 0.0044 0.00015 -0.000228 0.000527
Tewes  pycs_tdc1_spl-vanilla-doupla-100bestP  1  0.0132    0.95      0.395   0.00533   0.000281  0.00154  0.00139  1  0.0132 0.95 0.395 0.00533 0.000281 0.00154 0.00139
Tewes  pycs_tdc1_spl-vanilla-doupla-100bestP  2  0.00767    0.532      0.0584   0.00567   0.00026  0.000274  0.0016  1  0.00767 0.532 0.0584 0.00567 0.00026 0.000274 0.0016
Tewes  pycs_tdc1_spl-vanilla-doupla-100bestP  3  0.00987    1.18      0.626   0.00546   0.000271  -0.00104  0.00163  1  0.00987 1.18 0.626 0.00546 0.000271 -0.00104 0.00163


Tewes  pycs_tdc1_d3cs-mtall-dou-full-bugfix  0  0.057    0.0794      0.0199   0.18   0.0177  -0.018  0.01  1  0.057 0.0794 0.0199 0.18 0.0177 -0.018 0.01
Tewes  pycs_tdc1_d3cs-mtall-dou-full-bugfix  1  0.231    0.0787      0.00994   0.165   0.00827  -0.00459  0.00338  1  0.231 0.0787 0.00994 0.165 0.00827 -0.00459 0.00338
Tewes  pycs_tdc1_d3cs-mtall-dou-full-bugfix  2  0.104    0.132      0.0262   0.216   0.0147  -0.0286  0.0107  1  0.104 0.132 0.0262 0.216 0.0147 -0.0286 0.0107
Tewes  pycs_tdc1_d3cs-mtall-dou-full-bugfix  3  0.218    0.089      0.0104   0.164   0.0105  -0.00476  0.00425  1  0.218 0.089 0.0104 0.164 0.0105 -0.00476 0.00425
Tewes  pycs_tdc1_d3cs-mtall-dou-full-bugfix  4  0.0307    0.103      0.0375   0.213   0.0236  -0.00687  0.0185  1  0.0307 0.103 0.0375 0.213 0.0236 -0.00687 0.0185

Tewes  pycs_tdc1_d3cs-quadexploit-dou-full-bugfix  0  0.648    0.432      0.106   0.197   0.00614  -0.0461  0.0078  0.993  0.643 0.264 0.0302 0.197 0.00613 -0.039 0.00651
Tewes  pycs_tdc1_d3cs-quadexploit-dou-full-bugfix  1  0.409    0.766      0.214   0.214   0.00783  -0.0757  0.012  0.987  0.403 0.366 0.0465 0.213 0.00783 -0.0637 0.00994
Tewes  pycs_tdc1_d3cs-quadexploit-dou-full-bugfix  2  0.358    0.653      0.191   0.218   0.00827  -0.072  0.0132  0.988  0.354 0.35 0.0526 0.218 0.00826 -0.0594 0.0108
Tewes  pycs_tdc1_d3cs-quadexploit-dou-full-bugfix  3  0.419    2.24      1.35   0.198   0.00742  -0.0755  0.0126  0.984  0.412 0.338 0.0456 0.198 0.00742 -0.0587 0.00977
Tewes  pycs_tdc1_d3cs-quadexploit-dou-full-bugfix  4  0.356    1.51      0.822   0.265   0.0101  -0.0974  0.0157  0.985  0.351 0.41 0.0526 0.266 0.0102 -0.0775 0.0117

Tewes  pycs_tdc1_d3cs-resc-dou-full-bugfix  0  0.534    4.02      0.364   0.0361   0.00125  -0.0166  0.00396  0.897  0.479 2.12 0.116 0.0357 0.00131 -0.0101 0.00291
Tewes  pycs_tdc1_d3cs-resc-dou-full-bugfix  1  0.267    4.46      0.525   0.041   0.00169  -0.0249  0.00644  0.857  0.229 1.98 0.151 0.0403 0.00183 -0.0108 0.00467
Tewes  pycs_tdc1_d3cs-resc-dou-full-bugfix  2  0.209    1.39      0.134   0.0427   0.00175  -0.0146  0.00443  1  0.209 1.39 0.134 0.0427 0.00175 -0.0146 0.00443
Tewes  pycs_tdc1_d3cs-resc-dou-full-bugfix  3  0.303    3.2      0.414   0.0438   0.00195  -0.0299  0.00615  0.935  0.283 1.86 0.13 0.0435 0.00202 -0.0215 0.00429
Tewes  pycs_tdc1_d3cs-resc-dou-full-bugfix  4  0.215    5.74      0.567   0.064   0.00258  -0.0594  0.0109  0.832  0.179 2.93 0.206 0.065 0.00284 -0.0476 0.00942

Tewes  pycs_tdc1_d3cs-vanilla-dou-100bestP-bugfix  0  0.0658    0.129      0.0423   0.0513   0.00138  0.00205  0.00203  1  0.0658 0.129 0.0423 0.0513 0.00138 0.00205 0.00203
Tewes  pycs_tdc1_d3cs-vanilla-dou-100bestP-bugfix  1  0.0164    0.0855      0.0313   0.0592   0.00269  0.00838  0.00433  1  0.0164 0.0855 0.0313 0.0592 0.00269 0.00838 0.00433
Tewes  pycs_tdc1_d3cs-vanilla-dou-100bestP-bugfix  2  0.00329    0.0245      0.0184   0.0646   0.00112  0.00743  0.00414  1  0.00329 0.0245 0.0184 0.0646 0.00112 0.00743 0.00414
Tewes  pycs_tdc1_d3cs-vanilla-dou-100bestP-bugfix  3  0.0219    0.0616      0.0322   0.0511   0.00182  -0.00512  0.00286  1  0.0219 0.0616 0.0322 0.0511 0.00182 -0.00512 0.00286
Tewes  pycs_tdc1_d3cs-vanilla-dou-100bestP-bugfix  4  0.0011    0.00195      0   0.0552   0  -0.00243  0  1  0.0011 0.00195 0 0.0552 0 -0.00243 0

Tewes  pycs_tdc1_d3cs-vanilla-dou-800bestP-bugfix  0  0.356    0.116      0.0119   0.116   0.0028  -0.000894  0.00236  1  0.356 0.116 0.0119 0.116 0.0028 -0.000894 0.00236
Tewes  pycs_tdc1_d3cs-vanilla-dou-800bestP-bugfix  1  0.151    0.132      0.0238   0.129   0.0041  0.000598  0.00433  1  0.151 0.132 0.0238 0.129 0.0041 0.000598 0.00433
Tewes  pycs_tdc1_d3cs-vanilla-dou-800bestP-bugfix  2  0.121    0.0375      0.00527   0.144   0.00419  0.00305  0.00269  1  0.121 0.0375 0.00527 0.144 0.00419 0.00305 0.00269
Tewes  pycs_tdc1_d3cs-vanilla-dou-800bestP-bugfix  3  0.175    0.0832      0.0102   0.119   0.00363  -0.00573  0.00287  1  0.175 0.0832 0.0102 0.119 0.00363 -0.00573 0.00287
Tewes  pycs_tdc1_d3cs-vanilla-dou-800bestP-bugfix  4  0.0691    0.218      0.0406   0.161   0.00569  0.00758  0.00985  1  0.0691 0.218 0.0406 0.161 0.00569 0.00758 0.00985

Tewes  pycs_tdc1_d3cs-vanilla-dou-full-bugfix  0  0.534    0.125      0.0113   0.205   0.00708  -0.0166  0.00396  1  0.534 0.125 0.0113 0.205 0.00708 -0.0166 0.00396
Tewes  pycs_tdc1_d3cs-vanilla-dou-full-bugfix  1  0.267    0.138      0.0163   0.233   0.00958  -0.0249  0.00644  1  0.267 0.138 0.0163 0.233 0.00958 -0.0249 0.00644
Tewes  pycs_tdc1_d3cs-vanilla-dou-full-bugfix  2  0.209    0.0431      0.00415   0.242   0.00996  -0.0146  0.00443  1  0.209 0.0431 0.00415 0.242 0.00996 -0.0146 0.00443
Tewes  pycs_tdc1_d3cs-vanilla-dou-full-bugfix  3  0.303    0.0994      0.0128   0.247   0.0111  -0.0299  0.00615  1  0.303 0.0994 0.0128 0.247 0.0111 -0.0299 0.00615
Tewes  pycs_tdc1_d3cs-vanilla-dou-full-bugfix  4  0.215    0.178      0.0175   0.363   0.0146  -0.0594  0.0109  1  0.215 0.178 0.0175 0.363 0.0146 -0.0594 0.0109

Tewes  pycs_tdc1_d3cs-vb-dou-full-bugfix  0  0.65    0.762      0.312   0.19   0.00592  -0.00191  0.00613  0.995  0.647 0.339 0.0293 0.19 0.00595 -0.00274 0.00537
Tewes  pycs_tdc1_d3cs-vb-dou-full-bugfix  1  0.297    0.221      0.0211   0.249   0.00983  -0.0199  0.00823  1  0.297 0.221 0.0211 0.249 0.00983 -0.0199 0.00823
Tewes  pycs_tdc1_d3cs-vb-dou-full-bugfix  2  0.414    2.45      1.05   0.207   0.00706  -0.052  0.017  0.984  0.408 0.285 0.0362 0.208 0.00713 -0.0211 0.00695
Tewes  pycs_tdc1_d3cs-vb-dou-full-bugfix  3  0.407    5.9      2.61   0.2   0.00674  -0.0335  0.0185  0.978  0.398 0.354 0.044 0.202 0.00677 -0.0239 0.00786
Tewes  pycs_tdc1_d3cs-vb-dou-full-bugfix  4  0.362    1.79      1.29   0.321   0.0109  -0.0597  0.0123  0.991  0.358 0.309 0.028 0.323 0.011 -0.0494 0.0106

Tewes  pycs_tdc1_sdi-vanilla-dou-100largestabstd-bugfix  0  0.0866    1.04      0.2   0.0117   0.000948  0.000855  0.00134  0.987  0.0855 0.916 0.16 0.0118 0.000958 0.000577 0.00133
Tewes  pycs_tdc1_sdi-vanilla-dou-100largestabstd-bugfix  1  0.0121    0.894      0.464   0.0549   0.013  0.00365  0.0033  1  0.0121 0.894 0.464 0.0549 0.013 0.00365 0.0033
Tewes  pycs_tdc1_sdi-vanilla-dou-100largestabstd-bugfix  2  0.00219    0.059      0.0203   0.0231   0.0104  0.00632  0.00345  1  0.00219 0.059 0.0203 0.0231 0.0104 0.00632 0.00345
Tewes  pycs_tdc1_sdi-vanilla-dou-100largestabstd-bugfix  3  0.00548    0.622      0.378   0.0148   0.00258  0.00746  0.00276  1  0.00548 0.622 0.378 0.0148 0.00258 0.00746 0.00276
Tewes  pycs_tdc1_sdi-vanilla-dou-100largestabstd-bugfix  4  0.00329    0.384      0.167   0.023   0.00167  -0.00108  0.00892  1  0.00329 0.384 0.167 0.023 0.00167 -0.00108 0.00892

Tewes  pycs_tdc1_sdi-vanilla-dou-800bestP-bugfix  0  0.354    1.08      0.0876   0.0167   0.000454  0.000148  0.0011  0.997  0.353 1.05 0.0826 0.0167 0.000454 7.84e-05 0.00111
Tewes  pycs_tdc1_sdi-vanilla-dou-800bestP-bugfix  1  0.169    1.01      0.0931   0.0195   0.000637  0.00396  0.00169  1  0.169 1.01 0.0931 0.0195 0.000637 0.00396 0.00169
Tewes  pycs_tdc1_sdi-vanilla-dou-800bestP-bugfix  2  0.14    1.14      0.179   0.0204   0.000726  -0.000171  0.00205  0.992  0.139 1.02 0.13 0.0204 0.00073 0.000273 0.00201
Tewes  pycs_tdc1_sdi-vanilla-dou-800bestP-bugfix  3  0.156    0.942      0.11   0.0207   0.000632  -0.000409  0.00181  1  0.156 0.942 0.11 0.0207 0.000632 -0.000409 0.00181
Tewes  pycs_tdc1_sdi-vanilla-dou-800bestP-bugfix  4  0.057    1.42      0.337   0.0283   0.000714  0.0135  0.00446  0.981  0.0559 1.18 0.241 0.0283 0.000727 0.0119 0.00423

Tewes  pycs_tdc1_sdi-vanilla-dou-full-bugfix  0  0.529    1.07      0.0686   0.0428   0.00326  -0.000242  0.00275  0.998  0.528 1.05 0.0658 0.0428 0.00326 -0.000289 0.00275
Tewes  pycs_tdc1_sdi-vanilla-dou-full-bugfix  1  0.264    1.03      0.0969   0.0405   0.00327  0.00764  0.00293  0.996  0.263 0.977 0.0806 0.0403 0.00328 0.00637 0.00265
Tewes  pycs_tdc1_sdi-vanilla-dou-full-bugfix  2  0.209    1.02      0.131   0.0426   0.00368  -0.00202  0.00355  0.995  0.208 0.939 0.101 0.0428 0.0037 -0.00173 0.00355
Tewes  pycs_tdc1_sdi-vanilla-dou-full-bugfix  3  0.298    0.813      0.0735   0.0679   0.00602  -0.00398  0.00556  1  0.298 0.813 0.0735 0.0679 0.00602 -0.00398 0.00556
Tewes  pycs_tdc1_sdi-vanilla-dou-full-bugfix  4  0.215    1.07      0.226   0.0976   0.0145  0.000418  0.00793  0.99  0.213 0.804 0.0963 0.0977 0.0146 0.00481 0.00631

Tewes  pycs_tdc1_sdi-vanilla-dou-P3percent-bugfix  0  0.471    1.1      0.0743   0.0259   0.000893  0.00408  0.0017  0.998  0.47 1.07 0.0711 0.026 0.000894 0.00404 0.0017
Tewes  pycs_tdc1_sdi-vanilla-dou-P3percent-bugfix  1  0.239    1.09      0.104   0.0293   0.0012  0.00595  0.00281  0.995  0.238 1.03 0.0862 0.029 0.00118 0.00454 0.00244
Tewes  pycs_tdc1_sdi-vanilla-dou-P3percent-bugfix  2  0.181    1.05      0.147   0.0272   0.00119  0.00104  0.00226  0.994  0.18 0.956 0.112 0.0273 0.00119 0.00139 0.00225
Tewes  pycs_tdc1_sdi-vanilla-dou-P3percent-bugfix  3  0.231    0.886      0.0846   0.0312   0.00122  0.000715  0.00225  1  0.231 0.886 0.0846 0.0312 0.00122 0.000715 0.00225
Tewes  pycs_tdc1_sdi-vanilla-dou-P3percent-bugfix  4  0.124    1.04      0.177   0.0421   0.00146  0.0114  0.00376  0.991  0.123 0.928 0.137 0.0423 0.00147 0.0106 0.00371

Tewes  pycs_tdc1_spl-d3cserrs-dou-full-bugfix  0  0.533    1.58      0.406   0.0222   0.000767  -0.000105  0.00131  0.977  0.521 0.801 0.0725 0.0223 0.000775 -0.0012 0.00116
Tewes  pycs_tdc1_spl-d3cserrs-dou-full-bugfix  1  0.267    2      0.87   0.0252   0.00104  0.000318  0.0017  0.971  0.26 0.571 0.0847 0.0255 0.00105 -0.00136 0.00118
Tewes  pycs_tdc1_spl-d3cserrs-dou-full-bugfix  2  0.209    0.674      0.169   0.0262   0.00108  -0.00106  0.00168  0.984  0.206 0.422 0.0627 0.0262 0.00109 -0.000728 0.00137
Tewes  pycs_tdc1_spl-d3cserrs-dou-full-bugfix  3  0.303    1.86      0.43   0.0271   0.0012  -0.00297  0.00313  0.975  0.295 0.871 0.1 0.027 0.00122 -0.00185 0.00173
Tewes  pycs_tdc1_spl-d3cserrs-dou-full-bugfix  4  0.214    1.17      0.207   0.0394   0.00158  0.000813  0.00326  0.979  0.209 0.827 0.106 0.0395 0.0016 0.00101 0.00285

Tewes  pycs_tdc1_spl-k1.5-dou-full-bugfix  0  0.533    0.39      0.0286   0.0336   0.00202  0.0018  0.00127  1  0.533 0.39 0.0286 0.0336 0.00202 0.0018 0.00127
Tewes  pycs_tdc1_spl-k1.5-dou-full-bugfix  1  0.266    0.475      0.0912   0.0303   0.00184  0.0026  0.00177  0.996  0.265 0.394 0.0422 0.0302 0.00184 0.00135 0.00127
Tewes  pycs_tdc1_spl-k1.5-dou-full-bugfix  2  0.209    0.403      0.0558   0.0359   0.00267  -0.000573  0.0018  1  0.209 0.403 0.0558 0.0359 0.00267 -0.000573 0.0018
Tewes  pycs_tdc1_spl-k1.5-dou-full-bugfix  3  0.303    0.383      0.0403   0.0578   0.00772  -0.000429  0.00297  1  0.303 0.383 0.0403 0.0578 0.00772 -0.000429 0.00297
Tewes  pycs_tdc1_spl-k1.5-dou-full-bugfix  4  0.215    0.494      0.0505   0.0638   0.00406  0.00396  0.00388  1  0.215 0.494 0.0505 0.0638 0.00406 0.00396 0.00388

Tewes  pycs_tdc1_spl-median-dou-splagree-bugfix  0  0.392    0.341      0.0286   0.0331   0.00206  -0.000319  0.00143  1  0.392 0.341 0.0286 0.0331 0.00206 -0.000319 0.00143
Tewes  pycs_tdc1_spl-median-dou-splagree-bugfix  1  0.186    0.376      0.0833   0.0292   0.00208  0.000505  0.00208  0.994  0.185 0.299 0.0319 0.0289 0.00207 -0.00119 0.00123
Tewes  pycs_tdc1_spl-median-dou-splagree-bugfix  2  0.16    0.326      0.0459   0.0334   0.00259  -0.00127  0.00196  1  0.16 0.326 0.0459 0.0334 0.00259 -0.00127 0.00196
Tewes  pycs_tdc1_spl-median-dou-splagree-bugfix  3  0.216    0.303      0.0349   0.0409   0.00382  -8.01e-05  0.00244  1  0.216 0.303 0.0349 0.0409 0.00382 -8.01e-05 0.00244
Tewes  pycs_tdc1_spl-median-dou-splagree-bugfix  4  0.162    0.52      0.0527   0.0516   0.00398  0.00289  0.0039  1  0.162 0.52 0.0527 0.0516 0.00398 0.00289 0.0039

Tewes  pycs_tdc1_spl-median-dou-splsdiagree-bugfix  0  0.198    0.287      0.0319   0.0382   0.003  -0.00195  0.00182  1  0.198 0.287 0.0319 0.0382 0.003 -0.00195 0.00182
Tewes  pycs_tdc1_spl-median-dou-splsdiagree-bugfix  1  0.0778    0.166      0.0251   0.0333   0.00394  -0.000229  0.00205  1  0.0778 0.166 0.0251 0.0333 0.00394 -0.000229 0.00205
Tewes  pycs_tdc1_spl-median-dou-splsdiagree-bugfix  2  0.0921    0.29      0.058   0.0351   0.00397  0.000317  0.00214  1  0.0921 0.29 0.058 0.0351 0.00397 0.000317 0.00214
Tewes  pycs_tdc1_spl-median-dou-splsdiagree-bugfix  3  0.107    0.261      0.0415   0.0478   0.00629  -0.00312  0.00264  1  0.107 0.261 0.0415 0.0478 0.00629 -0.00312 0.00264
Tewes  pycs_tdc1_spl-median-dou-splsdiagree-bugfix  4  0.0932    0.344      0.0504   0.0545   0.00399  0.00163  0.00429  1  0.0932 0.344 0.0504 0.0545 0.00399 0.00163 0.00429

Tewes  pycs_tdc1_spl-mintderr0.3-dou-full-bugfix  0  0.533    0.412      0.0413   0.0332   0.00178  -0.000105  0.00131  0.998  0.532 0.387 0.0328 0.0332 0.00178 -0.000214 0.0013
Tewes  pycs_tdc1_spl-mintderr0.3-dou-full-bugfix  1  0.267    0.458      0.0635   0.0286   0.00164  0.000318  0.0017  1  0.267 0.458 0.0635 0.0286 0.00164 0.000318 0.0017
Tewes  pycs_tdc1_spl-mintderr0.3-dou-full-bugfix  2  0.209    0.442      0.0686   0.0287   0.00197  -0.00106  0.00168  1  0.209 0.442 0.0686 0.0287 0.00197 -0.00106 0.00168
Tewes  pycs_tdc1_spl-mintderr0.3-dou-full-bugfix  3  0.303    0.513      0.0715   0.0425   0.00342  -0.00297  0.00313  0.996  0.301 0.465 0.0534 0.0422 0.00342 -0.00117 0.00257
Tewes  pycs_tdc1_spl-mintderr0.3-dou-full-bugfix  4  0.214    0.665      0.0654   0.045   0.00274  0.000813  0.00326  1  0.214 0.665 0.0654 0.045 0.00274 0.000813 0.00326

Tewes  pycs_tdc1_spl-ml0.5-dou-full-bugfix  0  0.533    0.458      0.0345   0.0309   0.00167  -0.00118  0.00137  1  0.533 0.458 0.0345 0.0309 0.00167 -0.00118 0.00137
Tewes  pycs_tdc1_spl-ml0.5-dou-full-bugfix  1  0.267    0.518      0.083   0.0299   0.00173  -0.00082  0.00188  0.996  0.266 0.448 0.0458 0.0297 0.00173 -0.00213 0.00136
Tewes  pycs_tdc1_spl-ml0.5-dou-full-bugfix  2  0.209    0.415      0.0405   0.0293   0.00203  -0.000396  0.00144  1  0.209 0.415 0.0405 0.0293 0.00203 -0.000396 0.00144
Tewes  pycs_tdc1_spl-ml0.5-dou-full-bugfix  3  0.303    0.543      0.0575   0.044   0.00373  -0.005  0.00303  1  0.303 0.543 0.0575 0.044 0.00373 -0.005 0.00303
Tewes  pycs_tdc1_spl-ml0.5-dou-full-bugfix  4  0.215    0.755      0.0782   0.0482   0.00292  -0.0037  0.00339  1  0.215 0.755 0.0782 0.0482 0.00292 -0.0037 0.00339

Tewes  pycs_tdc1_spl-vanilla-dou-100largestabstd-bugfix  0  0.0888    0.648      0.177   0.0146   0.00117  0.00179  0.00139  0.988  0.0877 0.498 0.0985 0.0146 0.00118 0.00115 0.00126
Tewes  pycs_tdc1_spl-vanilla-dou-100largestabstd-bugfix  1  0.0132    1      0.471   0.0209   0.0023  0.00588  0.00753  1  0.0132 1 0.471 0.0209 0.0023 0.00588 0.00753
Tewes  pycs_tdc1_spl-vanilla-dou-100largestabstd-bugfix  2  0.00219    0.292      0.105   0.0188   0.00317  -0.00916  0.000255  1  0.00219 0.292 0.105 0.0188 0.00317 -0.00916 0.000255
Tewes  pycs_tdc1_spl-vanilla-dou-100largestabstd-bugfix  3  0.00438    0.14      0.0727   0.0168   0.00441  -0.004  0.000393  1  0.00438 0.14 0.0727 0.0168 0.00441 -0.004 0.000393
Tewes  pycs_tdc1_spl-vanilla-dou-100largestabstd-bugfix  4  0.0011    0.881      0   0.0226   0  -0.0212  0  1  0.0011 0.881 0 0.0226 0 -0.0212 0

Tewes  pycs_tdc1_spl-vanilla-dou-800bestP-bugfix  0  0.332    0.574      0.0648   0.0118   0.00036  -2.18e-05  0.000514  0.997  0.331 0.534 0.0514 0.0118 0.000361 -0.000196 0.000486
Tewes  pycs_tdc1_spl-vanilla-dou-800bestP-bugfix  1  0.169    0.544      0.0635   0.0143   0.000461  -0.000234  0.000927  1  0.169 0.544 0.0635 0.0143 0.000461 -0.000234 0.000927
Tewes  pycs_tdc1_spl-vanilla-dou-800bestP-bugfix  2  0.133    0.465      0.0875   0.0143   0.000514  -0.000672  0.000836  1  0.133 0.465 0.0875 0.0143 0.000514 -0.000672 0.000836
Tewes  pycs_tdc1_spl-vanilla-dou-800bestP-bugfix  3  0.157    0.532      0.0646   0.0139   0.000452  -0.00143  0.000874  1  0.157 0.532 0.0646 0.0139 0.000452 -0.00143 0.000874
Tewes  pycs_tdc1_spl-vanilla-dou-800bestP-bugfix  4  0.0734    0.663      0.117   0.0184   0.000487  0.000192  0.00174  1  0.0734 0.663 0.117 0.0184 0.000487 0.000192 0.00174

Tewes  pycs_tdc1_spl-vanilla-dou-full-bugfix  0  0.533    0.497      0.0472   0.0325   0.0018  -0.000105  0.00131  0.998  0.532 0.472 0.0402 0.0326 0.0018 -0.000214 0.0013
Tewes  pycs_tdc1_spl-vanilla-dou-full-bugfix  1  0.267    0.528      0.0663   0.0277   0.00167  0.000318  0.0017  1  0.267 0.528 0.0663 0.0277 0.00167 0.000318 0.0017
Tewes  pycs_tdc1_spl-vanilla-dou-full-bugfix  2  0.209    0.464      0.0692   0.0283   0.00199  -0.00106  0.00168  1  0.209 0.464 0.0692 0.0283 0.00199 -0.00106 0.00168
Tewes  pycs_tdc1_spl-vanilla-dou-full-bugfix  3  0.303    0.542      0.0742   0.0422   0.00343  -0.00297  0.00313  0.996  0.301 0.494 0.0571 0.0418 0.00343 -0.00117 0.00257
Tewes  pycs_tdc1_spl-vanilla-dou-full-bugfix  4  0.214    0.665      0.0654   0.045   0.00274  0.000813  0.00326  1  0.214 0.665 0.0654 0.045 0.00274 0.000813 0.00326

Tewes  pycs_tdc1_sdi-vanilla-dou-100bestP-bugfix  0  0.0811    0.965      0.184   0.00745   0.00015  0.00127  0.000835  0.986  0.08 0.833 0.13 0.00746 0.000152 0.00098 0.000794
Tewes  pycs_tdc1_sdi-vanilla-dou-100bestP-bugfix  1  0.0142    0.988      0.361   0.00808   0.000206  0.00289  0.00222  1  0.0142 0.988 0.361 0.00808 0.000206 0.00289 0.00222
Tewes  pycs_tdc1_sdi-vanilla-dou-100bestP-bugfix  2  0.00877    0.366      0.115   0.00813   0.000273  0.00273  0.0015  1  0.00877 0.366 0.115 0.00813 0.000273 0.00273 0.0015
Tewes  pycs_tdc1_sdi-vanilla-dou-100bestP-bugfix  3  0.00548    1.32      0.505   0.00842   0.000324  -0.000775  0.00429  1  0.00548 1.32 0.505 0.00842 0.000324 -0.000775 0.00429

Tewes  pycs_tdc1_spl-mintderr0.3-dou-100bestP-bugfix  0  0.0811    0.536      0.1   0.00542   0.000152  0.000348  0.000439  1  0.0811 0.536 0.1 0.00542 0.000152 0.000348 0.000439
Tewes  pycs_tdc1_spl-mintderr0.3-dou-100bestP-bugfix  1  0.011    0.678      0.431   0.00616   0.000269  0.00032  0.00144  1  0.011 0.678 0.431 0.00616 0.000269 0.00032 0.00144
Tewes  pycs_tdc1_spl-mintderr0.3-dou-100bestP-bugfix  2  0.00877    0.588      0.12   0.00671   0.000172  0.000924  0.00181  1  0.00877 0.588 0.12 0.00671 0.000172 0.000924 0.00181
Tewes  pycs_tdc1_spl-mintderr0.3-dou-100bestP-bugfix  3  0.00877    1.13      0.468   0.00612   0.000261  -0.00294  0.00201  1  0.00877 1.13 0.468 0.00612 0.000261 -0.00294 0.00201

Tewes  pycs_tdc1_spl-vanilla-dou-100bestP-bugfix  0  0.0789    0.948      0.16   0.00444   0.000151  -0.000181  0.000526  1  0.0789 0.948 0.16 0.00444 0.000151 -0.000181 0.000526
Tewes  pycs_tdc1_spl-vanilla-dou-100bestP-bugfix  1  0.0132    0.95      0.395   0.00533   0.000281  0.00154  0.00139  1  0.0132 0.95 0.395 0.00533 0.000281 0.00154 0.00139
Tewes  pycs_tdc1_spl-vanilla-dou-100bestP-bugfix  2  0.00767    0.532      0.0584   0.00567   0.00026  0.000274  0.0016  1  0.00767 0.532 0.0584 0.00567 0.00026 0.000274 0.0016
Tewes  pycs_tdc1_spl-vanilla-dou-100bestP-bugfix  3  0.00987    1.18      0.626   0.00546   0.000271  -0.00104  0.00163  1  0.00987 1.18 0.626 0.00546 0.000271 -0.00104 0.00163

Tewes  pycs_tdc1_spl-vanilla-dou-P3percent-bugfix  0  0.499    0.511      0.0502   0.0244   0.00102  0.000935  0.000893  0.998  0.498 0.484 0.0426 0.0244 0.00102 0.000821 0.000888
Tewes  pycs_tdc1_spl-vanilla-dou-P3percent-bugfix  1  0.259    0.542      0.0683   0.0243   0.0012  0.000763  0.00169  1  0.259 0.542 0.0683 0.0243 0.0012 0.000763 0.00169
Tewes  pycs_tdc1_spl-vanilla-dou-P3percent-bugfix  2  0.206    0.47      0.0701   0.0261   0.0015  -0.000567  0.00164  1  0.206 0.47 0.0701 0.0261 0.0015 -0.000567 0.00164
Tewes  pycs_tdc1_spl-vanilla-dou-P3percent-bugfix  3  0.278    0.479      0.0546   0.0284   0.00133  -0.000922  0.00125  1  0.278 0.479 0.0546 0.0284 0.00133 -0.000922 0.00125
Tewes  pycs_tdc1_spl-vanilla-dou-P3percent-bugfix  4  0.202    0.676      0.0686   0.0381   0.00163  0.00171  0.00275  1  0.202 0.676 0.0686 0.0381 0.00163 0.00171 0.00275

DeltaTBayes  DeltaTBayes1_tdc1  4  0.269    8.74      3.49   0.0354   0.00241  0.00271  0.00632  0.939  0.252 1.2 0.103 0.0363 0.00254 -0.0064 0.00375
DeltaTBayes  DeltaTBayes2_tdc1  4  0.0493    121      73.4   0.0108   0.00113  -0.017  0.0104  0.667  0.0329 1.44 0.352 0.0114 0.00161 -0.00333 0.00277

JPL  fot_tdc1_algorithmGPI  0  0.331    64.7      51.3   0.0404   0.00296  -0.0113  0.00925  0.95  0.315 1.42 0.116 0.041 0.00309 -0.00138 0.00427
JPL  fot_tdc1_algorithmGPI  1  0.243    2.71      0.498   0.0363   0.00277  0.00206  0.00562  0.95  0.231 1.39 0.132 0.0372 0.00287 -0.00031 0.00553
JPL  fot_tdc1_algorithmGPI  2  0.366    3.21      0.553   0.0402   0.00273  0.00815  0.00552  0.943  0.345 1.41 0.101 0.0403 0.0028 0.00603 0.00395
JPL  fot_tdc1_algorithmGPI  3  0.298    2.39      0.388   0.0515   0.00445  0.0197  0.0125  0.952  0.284 1.28 0.113 0.0508 0.00404 0.00747 0.00695
JPL  fot_tdc1_algorithmGPI  4  0.224    185      119   0.0619   0.0046  -0.0303  0.0195  0.931  0.208 1.33 0.136 0.0631 0.00482 0.0033 0.00683


######################################afterfeedbacks
# Jackson  manchester2_05_3_4  0  0.684    0.91      0.0915   0.0322   0.00115  0.00303  0.00189  0.989  0.676 0.741 0.0534 0.0322 0.00116 0.00421 0.00177
# Jackson  manchester2_05_3_4  1  0.274    1.76      0.416   0.0367   0.00161  -0.00231  0.00297  0.972  0.266 0.926 0.098 0.0372 0.00164 -0.00274 0.00287
# Jackson  manchester2_05_3_4  2  0.319    1.57      0.213   0.0431   0.00149  -0.00345  0.00377  0.973  0.31 1.08 0.0959 0.0431 0.00147 -0.0021 0.00307
# Jackson  manchester2_05_3_4  3  0.353    1.89      0.311   0.0359   0.00137  0.0022  0.00345  0.975  0.344 1.16 0.0987 0.0362 0.00139 0.00152 0.00283
# Jackson  manchester2_05_3_4  4  0.179    7.24      2.71   0.0503   0.00256  -0.0208  0.00712  0.92  0.164 2.12 0.195 0.0522 0.00269 -0.015 0.00661
# 
# Hojjati  Freefolk  0  0.566    294      122   0.0779   0.0112  -0.0557  0.0393  0.924  0.523 0.372 0.0436 0.079 0.012 0.0212 0.0181
# Hojjati  Freefolk  1  0.318    18.3      12.4   0.179   0.0689  0.0564  0.0223  0.931  0.296 0.438 0.0656 0.187 0.074 0.0146 0.0123
# Hojjati  Freefolk  2  0.281    176      80.1   0.101   0.00961  0.0435  0.0331  0.922  0.259 0.534 0.0803 0.101 0.0101 0.00732 0.0149
# Hojjati  Freefolk  3  0.289    85.8      36.1   0.0966   0.0133  -0.00486  0.0277  0.928  0.269 0.541 0.077 0.0986 0.0143 0.00647 0.007
# Hojjati  Freefolk  4  0.274    33      17.4   0.0982   0.0126  -0.000501  0.0225  0.94  0.258 0.669 0.0912 0.1 0.0133 0.0147 0.00816
# 
# Kumar  RSP-IIA_tdc1_difference-smoothing2  0  0.0153    0.765      0.25   0.0434   0.0181  0.00207  0.00774  1  0.0153 0.765 0.25 0.0434 0.0181 0.00207 0.00774
# Kumar  RSP-IIA_tdc1_difference-smoothing2  1  0.0121    5.38      1.79   0.0581   0.0168  0.0449  0.0157  0.818  0.00987 2.95 0.924 0.0663 0.0194 0.0349 0.0161
