## Time Delay Challenge light curves
##
## [time]=days, [lc]=[err]=flux in nanomaggies
##
##       time       lc_A      err_A       lc_B      err_B
##-------------------------------------------------------
      0.00000    1.73569    0.05352    2.18036    0.06408
     14.00000    1.83818    0.05322    2.21233    0.06487
     28.00000    1.73567    0.05492    2.16978    0.06444
     42.00000    1.79573    0.05431    2.12772    0.06307
     56.00000    1.86160    0.05539    2.31815    0.06568
     70.00000    1.95931    0.05671    2.17456    0.06516
     84.00000    1.93073    0.05782    2.20772    0.06593
     98.00000    2.01073    0.05957    2.31628    0.06752
    112.00000    1.84305    0.05766    2.32635    0.06944
    126.00000    1.90344    0.05578    2.33562    0.07210
    140.00000    1.88706    0.05634    2.36337    0.06892
    154.00000    1.85609    0.05732    2.20963    0.06651
    168.00000    1.78882    0.05564    2.23697    0.06759
    182.00000    1.77328    0.05401    2.32296    0.06826
    196.00000    1.67997    0.05174    2.19163    0.06673
    210.00000    1.71278    0.05143    2.15497    0.06558
    224.00000    1.77415    0.05253    1.96041    0.06153
    238.00000    1.60493    0.05167    2.07506    0.06153
    252.00000    1.81583    0.05258    2.17438    0.06317
    266.00000    1.65916    0.05140    1.91947    0.06164
    280.00000    1.72757    0.05283    2.14240    0.06290
    294.00000    1.77187    0.05166    2.09834    0.06167
    308.00000    1.73554    0.05198    2.01791    0.06348
    322.00000    1.86268    0.05338    2.07972    0.06139
    336.00000    1.71296    0.05197    2.02707    0.06257
    350.00000    1.66795    0.05282    2.14214    0.06401
    364.00000    1.83545    0.05394    2.00270    0.06199
    378.00000    1.83679    0.05387    2.12873    0.06319
    392.00000    1.92319    0.05541    2.14554    0.06437
    406.00000    1.91458    0.05625    2.15487    0.06392
    420.00000    1.90857    0.05538    2.12882    0.06604
    434.00000    1.96447    0.05843    2.25672    0.06708
    448.00000    1.96121    0.05859    2.17923    0.06579
    462.00000    2.01551    0.05921    2.26872    0.06942
    476.00000    1.91710    0.05794    2.31388    0.06994
    490.00000    1.85479    0.05775    2.34455    0.07057
    504.00000    1.90959    0.05598    2.25915    0.06952
    518.00000    1.85796    0.05635    2.28366    0.06864
    532.00000    1.77141    0.05544    2.30219    0.06707
    546.00000    1.70982    0.05273    2.20979    0.06683
    560.00000    1.80640    0.05386    2.07333    0.06672
    574.00000    1.83435    0.05382    2.21818    0.06331
    588.00000    1.78585    0.05430    2.15175    0.06433
    602.00000    1.83403    0.05353    2.02240    0.06400
    616.00000    1.81710    0.05283    2.08631    0.06440
    630.00000    1.70692    0.05211    2.11732    0.06354
    644.00000    1.68491    0.05156    2.25609    0.06354
    658.00000    1.84577    0.05302    2.20828    0.06284
    672.00000    1.78425    0.05447    2.02636    0.06232
    686.00000    1.74012    0.05524    2.05265    0.06337
    700.00000    1.81336    0.05599    2.11226    0.06488
    714.00000    1.94746    0.05804    2.18454    0.06570
    728.00000    1.89672    0.05844    2.17461    0.06703
    742.00000    1.74933    0.05457    2.26921    0.06857
    756.00000    1.70124    0.05235    2.31299    0.06950
    770.00000    1.63958    0.04983    2.01885    0.06495
    784.00000    1.56747    0.04858    2.06153    0.06218
    798.00000    1.60434    0.04737    2.03130    0.05920
    812.00000    1.67293    0.04962    1.85268    0.05811
    826.00000    1.66887    0.05109    1.92162    0.05679
    840.00000    1.76003    0.05146    1.97086    0.05937
    854.00000    1.61655    0.04984    2.02808    0.06149
    868.00000    1.68934    0.04956    2.01826    0.06120
    882.00000    1.65345    0.04858    1.95200    0.05999
    896.00000    1.74958    0.05060    2.02284    0.05888
    910.00000    1.71299    0.05040    1.91900    0.05895
    924.00000    1.73567    0.05145    2.09284    0.06052
    938.00000    1.81950    0.05399    2.04331    0.05996
    952.00000    1.86954    0.05343    1.91121    0.06219
    966.00000    1.86139    0.05675    2.24307    0.06518
    980.00000    1.83465    0.05788    2.04657    0.06387
    994.00000    1.90872    0.06075    2.28216    0.06776
   1008.00000    2.22284    0.06467    2.23406    0.06912
   1022.00000    2.07714    0.06271    2.36421    0.07268
   1036.00000    1.98591    0.05973    2.43342    0.07648
   1050.00000    1.90081    0.05975    2.51094    0.07450
   1064.00000    2.04381    0.05873    2.38230    0.07149
   1078.00000    1.84909    0.05668    2.35054    0.07095
   1092.00000    1.94914    0.05866    2.36223    0.06983
   1106.00000    1.95622    0.05887    2.26219    0.06851
   1120.00000    1.97924    0.05959    2.34598    0.06958
   1134.00000    1.94239    0.05897    2.40414    0.07030
   1148.00000    2.06104    0.06158    2.37183    0.07087
   1162.00000    2.07671    0.06344    2.31039    0.07068
   1176.00000    2.06110    0.06173    2.42656    0.07279
   1190.00000    2.03277    0.06039    2.53783    0.07602
   1204.00000    1.99259    0.05955    2.45024    0.07437
   1218.00000    1.88281    0.05686    2.44551    0.07185
   1232.00000    1.92207    0.05683    2.31902    0.07086
   1246.00000    1.91846    0.05742    2.29963    0.06798
   1260.00000    1.97912    0.05949    2.27476    0.06765
   1274.00000    1.89445    0.05951    2.44195    0.06951
   1288.00000    2.06528    0.05986    2.51535    0.07153
   1302.00000    2.16142    0.06246    2.53889    0.07151
   1316.00000    2.12667    0.06229    2.44575    0.07212
   1330.00000    1.90075    0.06131    2.39105    0.07459
   1344.00000    1.85219    0.05616    2.47245    0.07439
   1358.00000    1.92032    0.05564    2.45359    0.07360
   1372.00000    1.76766    0.05141    2.29659    0.06785
   1386.00000    1.69709    0.05097    2.15462    0.06621
   1400.00000    1.84475    0.05604    2.01391    0.06123
   1414.00000    1.77745    0.05482    1.99018    0.06067
   1428.00000    1.67166    0.04977    2.20337    0.06752
   1442.00000    1.74789    0.05121    2.15395    0.06514
   1456.00000    1.69545    0.04941    2.00727    0.05941
   1470.00000    1.74687    0.05137    2.05924    0.06159
   1484.00000    1.89592    0.05622    1.94053    0.05890
   1498.00000    1.90698    0.05819    2.00731    0.06194
   1512.00000    1.74890    0.05657    2.30940    0.06746
   1526.00000    1.71466    0.05285    2.26747    0.07002
   1540.00000    1.77506    0.05160    2.28148    0.06750
   1554.00000    1.70906    0.05105    2.10273    0.06269
   1568.00000    1.72017    0.05062    2.13791    0.06160
   1582.00000    1.75198    0.05353    2.04050    0.06124
   1596.00000    1.82056    0.05535    2.16063    0.06059
   1610.00000    1.84256    0.05609    2.11626    0.06383
   1624.00000    1.95143    0.05631    2.16730    0.06545
   1638.00000    1.84098    0.05515    2.31180    0.06699
   1652.00000    1.90284    0.05683    2.22488    0.06725
   1666.00000    2.04754    0.05885    2.11611    0.06510
   1680.00000    2.00278    0.06180    2.31802    0.06845
   1694.00000    2.18013    0.06405    2.26822    0.07015
   1708.00000    2.18953    0.06545    2.36856    0.07366
   1722.00000    2.03927    0.06420    2.56005    0.07693
   1736.00000    2.18226    0.06407    2.61018    0.07736
   1750.00000    2.12985    0.06324    2.56481    0.07717
   1764.00000    2.12000    0.06191    2.67256    0.07756
   1778.00000    1.97827    0.06168    2.51543    0.07525
   1792.00000    2.05458    0.06042    2.56976    0.07478
   1806.00000    1.96602    0.05745    2.47295    0.07404
   1820.00000    1.89676    0.05607    2.57308    0.07205
   1834.00000    1.91669    0.05788    2.27946    0.06829
   1848.00000    1.90006    0.05735    2.21826    0.06711
   1862.00000    1.81203    0.05409    2.16492    0.06860
   1876.00000    1.81742    0.05468    2.25540    0.06817
   1890.00000    1.72790    0.05438    2.27634    0.06548
   1904.00000    1.70619    0.05294    2.11151    0.06539
   1918.00000    1.83649    0.05419    2.19090    0.06553
   1932.00000    1.78564    0.05564    2.11953    0.06330
   1946.00000    1.97680    0.05732    2.09734    0.06450
   1960.00000    1.92437    0.05594    2.17019    0.06664
   1974.00000    1.89000    0.05644    2.25470    0.06868
   1988.00000    1.93860    0.05797    2.19956    0.06682
   2002.00000    1.81152    0.05354    2.36863    0.06835
   2016.00000    1.81720    0.05334    2.15987    0.06977
   2030.00000    1.90066    0.05761    2.18441    0.06415
   2044.00000    1.88563    0.05675    2.11070    0.06390
   2058.00000    1.80433    0.05349    2.33518    0.06878
   2072.00000    1.83938    0.05391    2.41839    0.06747
   2086.00000    1.64950    0.05361    2.05371    0.06358
   2100.00000    1.70537    0.05268    2.15459    0.06481
   2114.00000    1.75473    0.05214    2.19334    0.06405
   2128.00000    1.78979    0.05361    2.14897    0.06316
   2142.00000    1.78154    0.05260    2.08832    0.06225
   2156.00000    1.91858    0.05484    2.15283    0.06440
   2170.00000    1.84274    0.05558    2.08264    0.06207
   2184.00000    1.85483    0.05510    2.19093    0.06583
   2198.00000    1.90052    0.05591    2.28328    0.06642
   2212.00000    2.04218    0.05787    2.20263    0.06617
   2226.00000    1.95502    0.05759    2.26911    0.06758
   2240.00000    1.98158    0.05654    2.36632    0.06896
   2254.00000    1.91860    0.05497    2.25940    0.06823
   2268.00000    1.74830    0.05328    2.25625    0.06768
   2282.00000    1.74178    0.05274    2.26202    0.06595
   2296.00000    1.77532    0.05505    2.10820    0.06421
   2310.00000    1.99424    0.05907    2.12442    0.06370
   2324.00000    2.10733    0.06015    2.22136    0.06618
   2338.00000    2.01339    0.06077    2.44865    0.07129
   2352.00000    2.09102    0.06113    2.44638    0.07295
   2366.00000    1.98932    0.05917    2.47064    0.07309
   2380.00000    2.01845    0.06080    2.51677    0.07263
   2394.00000    1.95136    0.05829    2.38169    0.07094
   2408.00000    2.01867    0.05911    2.39152    0.07276
   2422.00000    2.13737    0.06163    2.46213    0.07028
   2436.00000    1.90060    0.05900    2.43192    0.07124
   2450.00000    1.85943    0.05743    2.34836    0.07387
   2464.00000    1.87966    0.05648    2.47462    0.06984
   2478.00000    1.82697    0.05667    2.38612    0.06858
   2492.00000    2.00700    0.05904    2.35147    0.06845
   2506.00000    1.92593    0.05811    2.20397    0.06783
   2520.00000    1.99469    0.05751    2.37622    0.07020
   2534.00000    2.08056    0.06120    2.40068    0.07014
   2548.00000    1.91291    0.05928    2.23548    0.06948
   2562.00000    1.98983    0.05614    2.47988    0.07312
   2576.00000    2.01070    0.05859    2.46681    0.07076
   2590.00000    1.85967    0.05754    2.11237    0.06646
   2604.00000    2.02072    0.05986    2.28128    0.06961
   2618.00000    1.93580    0.05883    2.28908    0.06878
   2632.00000    1.96618    0.05792    2.33105    0.07116
   2646.00000    1.92345    0.05539    2.28186    0.06958
   2660.00000    1.96041    0.05542    2.27758    0.06965
   2674.00000    1.92230    0.05712    2.20692    0.06590
   2688.00000    1.90747    0.05667    2.19286    0.06652
   2702.00000    1.94799    0.05807    2.29404    0.06791
   2716.00000    2.02627    0.06160    2.38977    0.06826
   2730.00000    1.97448    0.06131    2.33678    0.06938
   2744.00000    2.03284    0.05768    2.46974    0.07301
   2758.00000    1.75317    0.05669    2.47897    0.07293
   2772.00000    1.93236    0.05510    2.26986    0.06896
   2786.00000    1.87041    0.05510    2.14898    0.06847
   2800.00000    1.76088    0.05423    2.17483    0.06554
   2814.00000    1.76106    0.05242    2.20149    0.06618
   2828.00000    1.85538    0.05374    2.22743    0.06538
   2842.00000    1.78884    0.05407    2.11816    0.06246
   2856.00000    1.81241    0.05407    2.18586    0.06433
   2870.00000    1.74375    0.05133    2.15361    0.06547
   2884.00000    1.58571    0.04945    2.07214    0.06453
   2898.00000    1.63007    0.05067    2.04775    0.06158
   2912.00000    1.68259    0.05039    1.87639    0.05992
   2926.00000    1.70082    0.04994    2.04121    0.06081
   2940.00000    1.67337    0.05016    1.96388    0.05995
   2954.00000    1.67414    0.05239    1.84026    0.05938
   2968.00000    1.75484    0.05498    2.00759    0.06047
   2982.00000    2.01087    0.05508    2.05963    0.06325
   2996.00000    1.78222    0.05303    2.14656    0.06544
   3010.00000    1.87419    0.05408    2.17240    0.06589
   3024.00000    1.82211    0.05640    2.20424    0.06364
   3038.00000    1.86007    0.05579    2.15298    0.06557
   3052.00000    1.87505    0.05539    2.33882    0.06764
   3066.00000    1.78560    0.05565    2.23875    0.06702
   3080.00000    1.91855    0.05746    2.24981    0.06590
   3094.00000    1.76514    0.05353    2.26788    0.06648
   3108.00000    1.66778    0.05212    2.38485    0.06870
   3122.00000    1.86548    0.05355    2.19848    0.06339
   3136.00000    1.85114    0.05373    2.15529    0.06201
   3150.00000    1.72633    0.05468    2.15507    0.06421
   3164.00000    1.84549    0.05552    2.10125    0.06385
   3178.00000    1.94438    0.05807    2.26805    0.06453
   3192.00000    1.96035    0.05961    2.10902    0.06666
   3206.00000    1.93671    0.05725    2.23973    0.06896
   3220.00000    1.79995    0.05615    2.40110    0.07099
   3234.00000    1.97864    0.05864    2.36108    0.06865
   3248.00000    1.88332    0.06116    2.38919    0.06759
   3262.00000    1.90793    0.05899    2.39583    0.07013
   3276.00000    1.97395    0.05708    2.34759    0.07308
   3290.00000    1.90775    0.05687    2.44157    0.07072
   3304.00000    1.92214    0.05626    2.33600    0.06845
   3318.00000    1.83236    0.05455    2.30076    0.06852
   3332.00000    1.75426    0.05468    2.24941    0.06685
   3346.00000    1.87827    0.05617    2.18965    0.06583
   3360.00000    1.89347    0.05650    2.24254    0.06609
   3374.00000    1.84263    0.05616    2.28521    0.06663
   3388.00000    1.88682    0.05761    2.38201    0.06739
   3402.00000    1.75595    0.05561    2.40779    0.06756
   3416.00000    1.88130    0.05453    2.28912    0.06857
   3430.00000    1.88168    0.05469    2.32407    0.06610
   3444.00000    1.91987    0.05637    2.29455    0.06553
   3458.00000    1.79111    0.05580    2.22979    0.06615
   3472.00000    1.84847    0.05462    2.24512    0.06771
   3486.00000    1.75166    0.05375    2.28062    0.06643
   3500.00000    1.89168    0.05615    2.16946    0.06545
   3514.00000    1.88564    0.05681    2.12125    0.06403
   3528.00000    1.83354    0.05648    2.33034    0.06777
   3542.00000    1.88474    0.05631    2.32629    0.06750
   3556.00000    1.88183    0.05396    2.26345    0.06763
   3570.00000    1.79475    0.05668    2.24307    0.06719
   3584.00000    1.87928    0.05654    2.28945    0.06455
   3598.00000    1.84633    0.05632    2.29343    0.06749
   3612.00000    1.78670    0.05474    2.36145    0.06774
   3626.00000    1.88939    0.05613    2.31968    0.06736
   3640.00000    1.74658    0.05537    2.16541    0.06606
