## Time Delay Challenge light curves
##
## [time]=days, [lc]=[err]=flux in nanomaggies
##
##       time       lc_A      err_A       lc_B      err_B
##-------------------------------------------------------
      0.00000    0.96486    0.02853    0.49895    0.01509
     14.00000    0.95377    0.02829    0.51974    0.01473
     28.00000    0.92939    0.02802    0.46241    0.01466
     42.00000    0.90846    0.02741    0.48746    0.01482
     56.00000    0.95037    0.02775    0.50332    0.01493
     70.00000    0.91593    0.02711    0.50909    0.01464
     84.00000    0.89072    0.02662    0.48454    0.01462
     98.00000    0.86883    0.02751    0.46544    0.01450
    112.00000    0.94298    0.02722    0.49964    0.01555
    126.00000    0.93578    0.02785    0.50059    0.01535
    140.00000    0.98398    0.02871    0.53240    0.01578
    154.00000    0.96965    0.02847    0.52268    0.01545
    168.00000    0.97595    0.02914    0.53098    0.01571
    182.00000    0.94102    0.02808    0.50793    0.01513
    196.00000    0.89945    0.02654    0.50166    0.01518
    210.00000    0.87667    0.02622    0.50309    0.01494
    224.00000    0.89099    0.02659    0.49528    0.01483
    238.00000    0.90201    0.02734    0.46380    0.01434
    252.00000    0.94418    0.02835    0.47051    0.01475
    266.00000    0.88083    0.02744    0.49185    0.01463
    280.00000    0.89345    0.02699    0.47947    0.01476
    294.00000    0.90254    0.02668    0.50684    0.01527
    308.00000    0.94071    0.02761    0.53365    0.01573
    322.00000    0.85424    0.02741    0.52054    0.01555
    336.00000    0.90952    0.02730    0.50291    0.01555
    350.00000    0.90317    0.02755    0.49757    0.01453
    364.00000    0.94202    0.02745    0.48218    0.01436
    378.00000    0.93555    0.02750    0.50092    0.01458
    392.00000    0.90032    0.02762    0.48601    0.01475
    406.00000    0.87746    0.02712    0.52953    0.01545
    420.00000    0.94952    0.02759    0.52594    0.01495
    434.00000    0.90373    0.02658    0.49266    0.01472
    448.00000    0.84340    0.02627    0.49923    0.01455
    462.00000    0.88777    0.02634    0.47054    0.01509
    476.00000    0.88835    0.02618    0.51377    0.01486
    490.00000    0.87480    0.02666    0.48152    0.01478
    504.00000    0.91873    0.02584    0.47829    0.01478
    518.00000    0.83356    0.02547    0.50289    0.01490
    532.00000    0.86472    0.02631    0.49669    0.01482
    546.00000    0.89602    0.02648    0.50119    0.01486
    560.00000    0.92829    0.02748    0.48247    0.01477
    574.00000    0.89169    0.02728    0.52146    0.01483
    588.00000    0.84599    0.02691    0.48850    0.01461
    602.00000    0.88975    0.02723    0.46449    0.01443
    616.00000    0.91468    0.02654    0.48228    0.01445
    630.00000    0.86714    0.02648    0.46361    0.01422
    644.00000    0.87697    0.02607    0.48005    0.01454
    658.00000    0.91309    0.02706    0.47357    0.01425
    672.00000    0.92179    0.02747    0.48333    0.01392
    686.00000    0.87502    0.02652    0.46701    0.01416
    700.00000    0.89826    0.02702    0.48900    0.01451
    714.00000    0.92163    0.02734    0.48566    0.01473
    728.00000    0.96026    0.02811    0.48175    0.01485
    742.00000    0.94168    0.02754    0.48334    0.01454
    756.00000    0.92297    0.02719    0.48361    0.01459
    770.00000    0.91636    0.02838    0.47567    0.01442
    784.00000    0.96627    0.02856    0.49083    0.01433
    798.00000    0.97105    0.02904    0.47673    0.01405
    812.00000    0.92933    0.02804    0.49819    0.01440
    826.00000    0.90235    0.02762    0.49333    0.01506
    840.00000    0.92140    0.02760    0.49442    0.01443
    854.00000    0.95396    0.02763    0.47791    0.01474
    868.00000    0.86708    0.02693    0.51467    0.01490
    882.00000    0.90013    0.02767    0.51379    0.01495
    896.00000    0.93788    0.02818    0.51403    0.01500
    910.00000    0.93735    0.02790    0.51446    0.01485
    924.00000    0.93930    0.02792    0.49062    0.01511
    938.00000    0.98059    0.02885    0.50918    0.01514
    952.00000    0.97946    0.02817    0.52801    0.01570
    966.00000    0.92030    0.02772    0.54037    0.01540
    980.00000    0.91201    0.02782    0.49485    0.01513
    994.00000    0.97340    0.02857    0.49822    0.01487
   1008.00000    0.97335    0.02790    0.53660    0.01512
   1022.00000    0.89240    0.02792    0.47331    0.01473
   1036.00000    0.94129    0.02768    0.50608    0.01492
   1050.00000    0.92767    0.02761    0.50779    0.01500
   1064.00000    0.96160    0.02854    0.51247    0.01522
   1078.00000    0.90446    0.02852    0.51802    0.01522
   1092.00000    0.93653    0.02869    0.51492    0.01561
   1106.00000    0.92382    0.02957    0.51844    0.01552
   1120.00000    0.96607    0.02901    0.50844    0.01538
   1134.00000    0.97864    0.02918    0.53568    0.01516
   1148.00000    0.96821    0.02884    0.47453    0.01515
   1162.00000    0.95194    0.02869    0.49897    0.01501
   1176.00000    0.95783    0.02831    0.49725    0.01513
   1190.00000    0.96125    0.02774    0.48544    0.01504
   1204.00000    0.96069    0.02733    0.48728    0.01495
   1218.00000    0.92913    0.02778    0.51600    0.01519
   1232.00000    0.87581    0.02706    0.52591    0.01520
   1246.00000    0.93828    0.02738    0.49265    0.01564
   1260.00000    0.92127    0.02787    0.52549    0.01603
   1274.00000    0.94472    0.02805    0.51564    0.01569
   1288.00000    0.93964    0.02828    0.51071    0.01572
   1302.00000    0.89952    0.02776    0.52876    0.01575
   1316.00000    0.94020    0.02804    0.49948    0.01561
   1330.00000    0.90847    0.02788    0.52690    0.01549
   1344.00000    0.92715    0.02788    0.50156    0.01512
   1358.00000    0.91547    0.02759    0.48917    0.01492
   1372.00000    0.86778    0.02678    0.47683    0.01506
   1386.00000    0.82477    0.02608    0.49053    0.01482
   1400.00000    0.84848    0.02572    0.49371    0.01473
   1414.00000    0.86914    0.02586    0.50812    0.01500
   1428.00000    0.84833    0.02576    0.51625    0.01518
   1442.00000    0.82568    0.02612    0.50333    0.01545
   1456.00000    0.87686    0.02568    0.52154    0.01511
   1470.00000    0.88817    0.02664    0.51828    0.01515
   1484.00000    0.89947    0.02692    0.51899    0.01516
   1498.00000    0.86279    0.02581    0.49516    0.01511
   1512.00000    0.85385    0.02561    0.49932    0.01495
   1526.00000    0.86041    0.02686    0.49764    0.01478
   1540.00000    0.87418    0.02664    0.49587    0.01427
   1554.00000    0.84063    0.02632    0.47158    0.01415
   1568.00000    0.88891    0.02709    0.46137    0.01379
   1582.00000    0.91524    0.02735    0.43327    0.01396
   1596.00000    0.94178    0.02795    0.47495    0.01431
   1610.00000    0.93917    0.02743    0.48110    0.01396
   1624.00000    0.96083    0.02829    0.47396    0.01438
   1638.00000    0.92181    0.02785    0.48658    0.01457
   1652.00000    0.90136    0.02784    0.47124    0.01420
   1666.00000    0.98599    0.02886    0.48008    0.01404
   1680.00000    0.94777    0.02877    0.48417    0.01455
   1694.00000    0.94939    0.02789    0.48864    0.01459
   1708.00000    0.87807    0.02730    0.47145    0.01435
   1722.00000    0.92751    0.02726    0.50570    0.01455
   1736.00000    0.91918    0.02772    0.48323    0.01454
   1750.00000    0.93144    0.02827    0.52157    0.01512
   1764.00000    0.89381    0.02823    0.49349    0.01477
   1778.00000    0.89041    0.02825    0.49644    0.01506
   1792.00000    0.93488    0.02874    0.52937    0.01536
   1806.00000    0.95921    0.02849    0.51484    0.01492
   1820.00000    0.97151    0.02880    0.50381    0.01563
   1834.00000    0.93365    0.02831    0.52482    0.01564
   1848.00000    0.94644    0.02859    0.51817    0.01514
   1862.00000    0.96843    0.02871    0.49348    0.01479
   1876.00000    0.99334    0.02962    0.51382    0.01483
   1890.00000    0.91354    0.02878    0.48865    0.01501
   1904.00000    0.97339    0.02882    0.50093    0.01501
   1918.00000    0.93640    0.02797    0.49693    0.01534
   1932.00000    0.91813    0.02730    0.51897    0.01511
   1946.00000    0.97615    0.02774    0.52707    0.01563
   1960.00000    0.89007    0.02753    0.52134    0.01544
   1974.00000    0.90466    0.02703    0.51762    0.01523
   1988.00000    0.87308    0.02732    0.51074    0.01527
   2002.00000    0.94360    0.02814    0.53098    0.01536
   2016.00000    0.92700    0.02786    0.51642    0.01555
   2030.00000    0.90387    0.02768    0.51215    0.01597
   2044.00000    0.93545    0.02777    0.54131    0.01567
   2058.00000    0.92152    0.02804    0.55320    0.01566
   2072.00000    0.93382    0.02724    0.49057    0.01489
   2086.00000    0.87671    0.02714    0.49748    0.01505
   2100.00000    0.92817    0.02767    0.48862    0.01487
   2114.00000    0.92596    0.02783    0.48115    0.01503
   2128.00000    1.02631    0.02933    0.46862    0.01467
   2142.00000    1.05275    0.02988    0.47311    0.01499
   2156.00000    0.95781    0.02932    0.49341    0.01526
   2170.00000    0.95761    0.02932    0.51072    0.01521
   2184.00000    1.01588    0.02880    0.49162    0.01516
   2198.00000    1.00497    0.02846    0.49434    0.01521
   2212.00000    0.98100    0.02884    0.49748    0.01515
   2226.00000    0.94006    0.02877    0.50163    0.01487
   2240.00000    0.98348    0.03021    0.51625    0.01487
   2254.00000    1.01146    0.02978    0.47104    0.01465
   2268.00000    0.96654    0.02930    0.52520    0.01519
   2282.00000    1.01471    0.02968    0.52919    0.01580
   2296.00000    0.94434    0.02899    0.51027    0.01620
   2310.00000    1.00409    0.02944    0.52793    0.01579
   2324.00000    0.99285    0.02867    0.52233    0.01569
   2338.00000    0.92027    0.02773    0.53214    0.01595
   2352.00000    0.92556    0.02740    0.52274    0.01549
   2366.00000    0.94429    0.02635    0.52008    0.01550
   2380.00000    0.85764    0.02641    0.50382    0.01556
   2394.00000    0.87317    0.02647    0.53054    0.01638
   2408.00000    0.81527    0.02584    0.48213    0.01580
   2422.00000    0.88491    0.02586    0.51653    0.01584
   2436.00000    0.85551    0.02652    0.51314    0.01614
   2450.00000    0.90662    0.02670    0.51194    0.01571
   2464.00000    0.88017    0.02667    0.51920    0.01584
   2478.00000    0.88790    0.02681    0.50271    0.01572
   2492.00000    0.92089    0.02710    0.49572    0.01510
   2506.00000    0.92722    0.02709    0.50884    0.01481
   2520.00000    0.88996    0.02634    0.48022    0.01465
   2534.00000    0.90138    0.02801    0.48396    0.01431
   2548.00000    0.90859    0.02768    0.48847    0.01433
   2562.00000    0.95177    0.02676    0.46052    0.01401
   2576.00000    0.88979    0.02715    0.49137    0.01403
   2590.00000    0.95201    0.02754    0.45671    0.01415
   2604.00000    0.87221    0.02749    0.46664    0.01435
   2618.00000    0.94050    0.02768    0.50989    0.01473
   2632.00000    0.92894    0.02728    0.46869    0.01458
   2646.00000    0.89832    0.02779    0.51167    0.01484
   2660.00000    0.95526    0.02835    0.48831    0.01478
   2674.00000    1.00372    0.02917    0.47983    0.01449
   2688.00000    0.92670    0.02876    0.50658    0.01486
   2702.00000    0.95761    0.02912    0.51163    0.01509
   2716.00000    0.96817    0.02903    0.45152    0.01426
   2730.00000    0.96774    0.02791    0.49326    0.01457
   2744.00000    0.95918    0.02857    0.49683    0.01504
   2758.00000    0.97470    0.02869    0.49646    0.01510
   2772.00000    0.88654    0.02825    0.51225    0.01513
   2786.00000    0.94526    0.02803    0.51215    0.01490
   2800.00000    0.93787    0.02810    0.51640    0.01503
   2814.00000    0.91043    0.02801    0.49603    0.01519
   2828.00000    0.87531    0.02704    0.53329    0.01559
   2842.00000    0.86965    0.02777    0.50960    0.01566
   2856.00000    0.89931    0.02785    0.50669    0.01546
   2870.00000    0.86749    0.02766    0.51530    0.01561
   2884.00000    0.93709    0.02693    0.53170    0.01560
   2898.00000    0.93785    0.02751    0.50352    0.01535
   2912.00000    0.88129    0.02766    0.49863    0.01529
   2926.00000    0.93451    0.02692    0.50271    0.01558
   2940.00000    0.95966    0.02746    0.49165    0.01515
   2954.00000    0.89697    0.02700    0.49722    0.01506
   2968.00000    0.95535    0.02758    0.50755    0.01532
   2982.00000    0.90642    0.02716    0.48820    0.01477
   2996.00000    0.91875    0.02747    0.48167    0.01513
   3010.00000    0.88780    0.02714    0.50516    0.01520
   3024.00000    0.88553    0.02709    0.53521    0.01492
   3038.00000    0.90766    0.02723    0.49028    0.01457
   3052.00000    0.95132    0.02739    0.49608    0.01498
   3066.00000    0.92376    0.02725    0.49924    0.01503
   3080.00000    1.02923    0.02868    0.49330    0.01486
   3094.00000    0.93391    0.02840    0.46798    0.01447
   3108.00000    0.92147    0.02807    0.47952    0.01483
   3122.00000    0.84482    0.02777    0.44941    0.01467
   3136.00000    0.90817    0.02696    0.51184    0.01466
   3150.00000    0.90274    0.02589    0.46683    0.01476
   3164.00000    0.95558    0.02632    0.46903    0.01469
   3178.00000    0.89979    0.02613    0.51183    0.01449
   3192.00000    0.86799    0.02654    0.47456    0.01459
   3206.00000    0.90540    0.02637    0.50267    0.01493
   3220.00000    0.87083    0.02623    0.49449    0.01467
   3234.00000    0.84383    0.02598    0.51558    0.01499
   3248.00000    0.93672    0.02701    0.48349    0.01522
   3262.00000    0.87515    0.02691    0.53211    0.01541
   3276.00000    0.87588    0.02801    0.51904    0.01511
   3290.00000    0.94042    0.02880    0.51437    0.01474
   3304.00000    0.92319    0.02880    0.46278    0.01402
   3318.00000    0.94370    0.02869    0.49765    0.01425
   3332.00000    0.98923    0.03003    0.49056    0.01432
   3346.00000    0.94658    0.02859    0.47304    0.01436
   3360.00000    0.90844    0.02743    0.47612    0.01435
   3374.00000    0.88551    0.02761    0.43757    0.01408
   3388.00000    0.93430    0.02770    0.48516    0.01400
   3402.00000    0.91151    0.02782    0.45781    0.01446
   3416.00000    0.93715    0.02735    0.47234    0.01473
   3430.00000    0.84460    0.02616    0.49489    0.01481
   3444.00000    0.86638    0.02612    0.50208    0.01546
   3458.00000    0.86844    0.02680    0.50766    0.01534
   3472.00000    0.86852    0.02652    0.50456    0.01561
   3486.00000    0.96531    0.02778    0.54748    0.01610
   3500.00000    0.89196    0.02770    0.52678    0.01570
   3514.00000    0.89703    0.02762    0.46999    0.01500
   3528.00000    0.92409    0.02778    0.48343    0.01483
   3542.00000    0.96851    0.02765    0.49444    0.01504
   3556.00000    0.92815    0.02787    0.49665    0.01499
   3570.00000    0.97923    0.02867    0.48922    0.01518
   3584.00000    1.01851    0.02823    0.45470    0.01415
   3598.00000    0.98903    0.02891    0.46987    0.01402
   3612.00000    0.88526    0.02772    0.46632    0.01427
   3626.00000    0.88157    0.02714    0.47773    0.01452
   3640.00000    0.92315    0.02762    0.51313    0.01486
