## Time Delay Challenge light curves
##
## [time]=days, [lc]=[err]=flux in nanomaggies
##
##       time       lc_A      err_A       lc_B      err_B
##-------------------------------------------------------
      0.00000    4.74533    0.14397    1.40350    0.04071
     14.00000    4.67348    0.14359    1.35499    0.04126
     28.00000    5.01742    0.14625    1.36582    0.04103
     42.00000    4.69101    0.14293    1.42982    0.04178
     56.00000    4.55627    0.13733    1.34896    0.04137
     70.00000    4.37528    0.13598    1.51621    0.04241
     84.00000    4.33453    0.13674    1.32105    0.04038
     98.00000    4.92873    0.13828    1.34152    0.03976
    112.00000    4.46288    0.13874    1.30238    0.03869
    126.00000    4.61480    0.14226    1.31934    0.03955
    140.00000    4.79211    0.14070    1.33130    0.04048
    154.00000    4.69281    0.14234    1.30316    0.03958
    168.00000    4.97969    0.14624    1.28199    0.03995
    182.00000    4.73342    0.14161    1.29777    0.04045
    196.00000    4.64979    0.13463    1.41645    0.04184
    210.00000    4.70285    0.13972    1.38961    0.04064
    224.00000    4.80108    0.14010    1.32144    0.03932
    238.00000    4.60317    0.14265    1.37621    0.04033
    252.00000    4.54020    0.13896    1.31361    0.03975
    266.00000    4.83652    0.14237    1.39931    0.04035
    280.00000    4.65912    0.14545    1.27715    0.04064
    294.00000    4.92948    0.14612    1.33097    0.04064
    308.00000    4.58657    0.14413    1.31286    0.04138
    322.00000    4.80386    0.14239    1.36452    0.04117
    336.00000    4.67269    0.13613    1.33665    0.04182
    350.00000    4.60175    0.13559    1.34532    0.04120
    364.00000    4.62175    0.13722    1.31732    0.03961
    378.00000    4.36738    0.13562    1.29282    0.03973
    392.00000    4.51777    0.14044    1.27486    0.03931
    406.00000    4.85900    0.14350    1.23543    0.03945
    420.00000    4.92370    0.14617    1.36108    0.03986
    434.00000    4.95004    0.14799    1.31921    0.04114
    448.00000    4.92356    0.14760    1.40956    0.04077
    462.00000    4.47427    0.14101    1.32977    0.04133
    476.00000    4.76354    0.14130    1.45654    0.04228
    490.00000    4.61850    0.13840    1.31392    0.04041
    504.00000    4.68100    0.13737    1.35775    0.04076
    518.00000    4.64341    0.13846    1.31755    0.04079
    532.00000    4.69085    0.13948    1.33533    0.04004
    546.00000    4.60623    0.13763    1.34710    0.04043
    560.00000    4.67322    0.13988    1.40194    0.04037
    574.00000    4.51654    0.13310    1.28700    0.03926
    588.00000    4.46258    0.13312    1.29432    0.03988
    602.00000    4.45243    0.13721    1.33826    0.03916
    616.00000    4.55608    0.13576    1.29112    0.03832
    630.00000    4.37631    0.13216    1.28378    0.03878
    644.00000    4.58296    0.13178    1.26935    0.03971
    658.00000    4.42722    0.13410    1.31159    0.03812
    672.00000    4.54188    0.13772    1.27101    0.03751
    686.00000    4.37016    0.13478    1.28160    0.03731
    700.00000    4.82532    0.13888    1.31956    0.03984
    714.00000    4.80412    0.14365    1.28688    0.03902
    728.00000    4.80564    0.14471    1.25801    0.03907
    742.00000    4.59903    0.14036    1.37116    0.04047
    756.00000    4.51688    0.13841    1.39301    0.04135
    770.00000    4.87079    0.14149    1.33891    0.04050
    784.00000    4.90437    0.13981    1.27204    0.04020
    798.00000    4.50655    0.13666    1.35395    0.04136
    812.00000    4.57513    0.13782    1.28595    0.03936
    826.00000    4.74281    0.14216    1.28979    0.03937
    840.00000    4.41030    0.14016    1.27019    0.03861
    854.00000    4.35650    0.13596    1.34469    0.04009
    868.00000    4.71533    0.13654    1.31575    0.04005
    882.00000    4.70863    0.13689    1.31248    0.04017
    896.00000    4.72591    0.13733    1.31986    0.03933
    910.00000    4.49098    0.14011    1.26654    0.03871
    924.00000    4.59575    0.13758    1.32090    0.03909
    938.00000    4.85299    0.13993    1.35749    0.03975
    952.00000    4.59453    0.13548    1.44002    0.03991
    966.00000    4.44551    0.13672    1.27603    0.03987
    980.00000    4.55599    0.13896    1.27970    0.04007
    994.00000    4.50921    0.13731    1.32959    0.03915
   1008.00000    4.53987    0.13949    1.24938    0.03935
   1022.00000    4.57610    0.13472    1.27581    0.04022
   1036.00000    4.57595    0.13625    1.31821    0.04030
   1050.00000    4.60178    0.14084    1.33649    0.03951
   1064.00000    4.54832    0.13721    1.32902    0.03895
   1078.00000    4.62968    0.14535    1.29150    0.03955
   1092.00000    4.94723    0.14986    1.35396    0.04002
   1106.00000    4.74114    0.15066    1.40006    0.04078
   1120.00000    5.06295    0.14809    1.40504    0.04228
   1134.00000    4.80219    0.14902    1.46818    0.04259
   1148.00000    4.74854    0.14566    1.46094    0.04325
   1162.00000    4.65588    0.14100    1.51659    0.04261
   1176.00000    4.87403    0.14417    1.45166    0.04259
   1190.00000    4.90071    0.14348    1.39172    0.04197
   1204.00000    4.67250    0.14308    1.31412    0.04087
   1218.00000    4.60677    0.14339    1.38522    0.04104
   1232.00000    4.40224    0.13789    1.43106    0.04100
   1246.00000    4.57764    0.13613    1.46824    0.04210
   1260.00000    4.47739    0.13495    1.33642    0.04002
   1274.00000    4.55043    0.14169    1.34417    0.03908
   1288.00000    4.41146    0.13605    1.23154    0.03883
   1302.00000    4.61993    0.13434    1.34968    0.04034
   1316.00000    4.36018    0.13077    1.35153    0.03987
   1330.00000    4.44166    0.13082    1.27114    0.03926
   1344.00000    4.42350    0.13864    1.28855    0.03795
   1358.00000    4.83850    0.14362    1.29977    0.03736
   1372.00000    4.96797    0.14509    1.24268    0.03840
   1386.00000    4.47332    0.14321    1.39394    0.04086
   1400.00000    4.67173    0.13962    1.30597    0.04133
   1414.00000    4.54562    0.14039    1.33734    0.04173
   1428.00000    4.52570    0.13958    1.33889    0.04170
   1442.00000    4.62832    0.13977    1.31326    0.04003
   1456.00000    4.64929    0.14018    1.32000    0.04031
   1470.00000    4.66425    0.13851    1.31805    0.04045
   1484.00000    4.64058    0.14104    1.39005    0.04069
   1498.00000    4.82183    0.14511    1.34691    0.04052
   1512.00000    4.67172    0.14150    1.36071    0.04044
   1526.00000    4.67509    0.14498    1.33813    0.04122
   1540.00000    4.81184    0.14737    1.34486    0.04062
   1554.00000    4.60556    0.14274    1.35901    0.04075
   1568.00000    4.75505    0.14047    1.44509    0.04261
   1582.00000    4.70904    0.14236    1.47520    0.04223
   1596.00000    4.79685    0.14512    1.42672    0.04115
   1610.00000    4.90425    0.14052    1.33216    0.04033
   1624.00000    4.60928    0.13714    1.35593    0.04180
   1638.00000    4.61864    0.13570    1.35831    0.04116
   1652.00000    4.61367    0.13264    1.36789    0.03979
   1666.00000    4.40626    0.13327    1.31687    0.03890
   1680.00000    4.37247    0.13741    1.25834    0.03851
   1694.00000    4.86061    0.13762    1.24137    0.03786
   1708.00000    4.50180    0.13535    1.34484    0.03864
   1722.00000    4.63052    0.13548    1.33746    0.03987
   1736.00000    4.78047    0.14124    1.40597    0.03990
   1750.00000    4.49176    0.13653    1.29474    0.03809
   1764.00000    4.31128    0.13057    1.26074    0.04003
   1778.00000    4.35464    0.13291    1.34705    0.04007
   1792.00000    4.21265    0.13512    1.24075    0.03811
   1806.00000    4.22522    0.12987    1.29289    0.03827
   1820.00000    4.36810    0.13276    1.23799    0.03826
   1834.00000    4.57701    0.13489    1.20005    0.03765
   1848.00000    4.75214    0.13848    1.30088    0.03753
   1862.00000    4.66394    0.13845    1.23938    0.03848
   1876.00000    4.85044    0.13847    1.22655    0.03877
   1890.00000    4.52627    0.13917    1.40717    0.03961
   1904.00000    4.72007    0.13845    1.34140    0.04018
   1918.00000    4.46529    0.13914    1.34215    0.03976
   1932.00000    4.52864    0.13721    1.34906    0.04053
   1946.00000    4.98145    0.13875    1.31783    0.03875
   1960.00000    4.66999    0.14177    1.34086    0.04034
   1974.00000    4.92682    0.13875    1.31807    0.03918
   1988.00000    4.59933    0.13911    1.33685    0.03971
   2002.00000    4.84286    0.14103    1.35084    0.04093
   2016.00000    4.53533    0.14040    1.32976    0.03930
   2030.00000    4.49285    0.13942    1.30524    0.04046
   2044.00000    4.54848    0.14124    1.41839    0.04131
   2058.00000    4.59893    0.14148    1.38873    0.04081
   2072.00000    4.71055    0.14422    1.31232    0.03973
   2086.00000    4.73294    0.14327    1.37310    0.04043
   2100.00000    4.89680    0.14480    1.29484    0.03988
   2114.00000    4.92726    0.14587    1.47481    0.04153
   2128.00000    4.51791    0.14254    1.35948    0.04160
   2142.00000    4.52108    0.14111    1.42797    0.04155
   2156.00000    4.86550    0.14148    1.35274    0.04107
   2170.00000    4.75778    0.14545    1.35807    0.04046
   2184.00000    4.70722    0.14482    1.29353    0.04074
   2198.00000    4.97664    0.14460    1.37246    0.04156
   2212.00000    4.96050    0.14513    1.36335    0.04128
   2226.00000    4.86272    0.14778    1.40086    0.04119
   2240.00000    4.80090    0.14561    1.37898    0.04231
   2254.00000    5.01606    0.14387    1.36027    0.04247
   2268.00000    4.71747    0.14186    1.46702    0.04295
   2282.00000    4.72164    0.14242    1.37520    0.04107
   2296.00000    4.51716    0.14052    1.34683    0.03989
   2310.00000    4.76384    0.14142    1.38155    0.04143
   2324.00000    4.71002    0.14490    1.39172    0.04093
   2338.00000    4.83357    0.14255    1.32789    0.04090
   2352.00000    4.72208    0.14040    1.39306    0.04077
   2366.00000    4.54843    0.13820    1.31884    0.04123
   2380.00000    4.75272    0.14313    1.29140    0.03976
   2394.00000    4.86793    0.14606    1.31845    0.03993
   2408.00000    5.04891    0.14785    1.35992    0.03971
   2422.00000    4.94701    0.14711    1.37231    0.04140
   2436.00000    4.96741    0.14257    1.49375    0.04303
   2450.00000    5.09565    0.14293    1.36165    0.04261
   2464.00000    4.68513    0.13828    1.41005    0.04142
   2478.00000    4.51691    0.14288    1.37079    0.04072
   2492.00000    4.75856    0.13776    1.33428    0.04084
   2506.00000    4.55793    0.13844    1.31463    0.04060
   2520.00000    4.39283    0.13465    1.27718    0.04013
   2534.00000    4.43719    0.13454    1.31624    0.03964
   2548.00000    4.50544    0.14101    1.20151    0.03907
   2562.00000    4.59445    0.13567    1.24015    0.03921
   2576.00000    4.55708    0.13662    1.31103    0.03885
   2590.00000    4.70022    0.13797    1.32113    0.03998
   2604.00000    4.87723    0.14398    1.29064    0.03880
   2618.00000    4.78101    0.14026    1.31121    0.03966
   2632.00000    5.01729    0.14397    1.30988    0.03991
   2646.00000    4.89848    0.14390    1.26686    0.04017
   2660.00000    5.00281    0.14627    1.28514    0.04030
   2674.00000    4.75034    0.14608    1.38628    0.04143
   2688.00000    4.65995    0.14164    1.47806    0.04197
   2702.00000    4.49959    0.14324    1.43181    0.04233
   2716.00000    4.90428    0.14477    1.43327    0.04176
   2730.00000    4.80704    0.14459    1.37635    0.04116
   2744.00000    4.35709    0.13873    1.31078    0.04110
   2758.00000    4.54272    0.13701    1.37738    0.04095
   2772.00000    4.47616    0.13828    1.27947    0.03957
   2786.00000    4.99663    0.13941    1.33730    0.03933
   2800.00000    4.83802    0.14153    1.37843    0.04056
   2814.00000    4.68426    0.13782    1.28090    0.04078
   2828.00000    4.53439    0.13590    1.38792    0.04054
   2842.00000    4.47514    0.13886    1.46982    0.04134
   2856.00000    4.89938    0.14483    1.29669    0.03875
   2870.00000    4.86804    0.14287    1.33445    0.03943
   2884.00000    4.90270    0.14420    1.39818    0.04062
   2898.00000    4.91862    0.14401    1.34045    0.04154
   2912.00000    4.77121    0.14279    1.35210    0.04066
   2926.00000    4.65808    0.14218    1.42748    0.04100
   2940.00000    4.74793    0.14078    1.35551    0.04145
   2954.00000    4.74104    0.14036    1.42435    0.04122
   2968.00000    4.86241    0.14095    1.38080    0.04144
   2982.00000    4.33875    0.13915    1.34587    0.04002
   2996.00000    4.40725    0.13811    1.36490    0.04031
   3010.00000    4.47677    0.13253    1.36552    0.04052
   3024.00000    4.45251    0.13189    1.29765    0.04007
   3038.00000    4.46475    0.13939    1.32282    0.03909
   3052.00000    4.62155    0.13959    1.26835    0.03832
   3066.00000    4.68647    0.14428    1.28156    0.03829
   3080.00000    4.56190    0.13967    1.31210    0.04090
   3094.00000    4.61232    0.14288    1.40886    0.04220
   3108.00000    4.68272    0.14574    1.37577    0.04054
   3122.00000    4.80021    0.14481    1.38652    0.04053
   3136.00000    4.64203    0.14484    1.41302    0.04210
   3150.00000    4.50632    0.14246    1.39222    0.04306
   3164.00000    5.02315    0.14460    1.38659    0.04093
   3178.00000    4.75432    0.14271    1.32868    0.04103
   3192.00000    4.80519    0.13932    1.45891    0.04085
   3206.00000    4.88534    0.14122    1.41870    0.04117
   3220.00000    4.64143    0.14746    1.37501    0.04018
   3234.00000    4.49030    0.14551    1.33304    0.04094
   3248.00000    4.76181    0.14537    1.35606    0.04191
   3262.00000    5.08163    0.14676    1.45131    0.04215
   3276.00000    4.79010    0.15003    1.43950    0.04195
   3290.00000    5.01888    0.14265    1.43465    0.04197
   3304.00000    4.72459    0.14044    1.42907    0.04240
   3318.00000    4.60878    0.13906    1.44901    0.04331
   3332.00000    4.58406    0.13753    1.34237    0.04131
   3346.00000    4.71050    0.13858    1.30752    0.04047
   3360.00000    4.67426    0.14112    1.29358    0.03991
   3374.00000    4.78785    0.14035    1.34450    0.04021
   3388.00000    4.99189    0.14471    1.28598    0.03982
   3402.00000    4.80309    0.14636    1.36734    0.03953
   3416.00000    5.01711    0.14628    1.41247    0.04132
   3430.00000    5.16622    0.14598    1.42901    0.04267
   3444.00000    4.72956    0.14363    1.50028    0.04216
   3458.00000    4.80402    0.14606    1.40182    0.04293
   3472.00000    4.58056    0.14184    1.43680    0.04274
   3486.00000    4.46547    0.13817    1.33927    0.04166
   3500.00000    4.81914    0.14220    1.36668    0.04157
   3514.00000    4.57528    0.14288    1.38025    0.04107
   3528.00000    4.57162    0.14322    1.34145    0.04072
   3542.00000    4.85133    0.14289    1.41617    0.04163
   3556.00000    4.38753    0.13978    1.46554    0.04261
   3570.00000    4.65345    0.13967    1.34483    0.04100
   3584.00000    4.55212    0.13953    1.41936    0.04115
   3598.00000    4.47484    0.13834    1.35517    0.03938
   3612.00000    5.20271    0.15073    1.27974    0.04028
   3626.00000    4.88272    0.14558    1.27993    0.03982
   3640.00000    4.82291    0.14361    1.35236    0.04140
