## Time Delay Challenge light curves
##
## [time]=days, [lc]=[err]=flux in nanomaggies
##
##       time       lc_A      err_A       lc_B      err_B
##-------------------------------------------------------
      0.00000   35.22640    1.08114    5.01967    0.14500
     14.00000   36.66776    1.05824    4.60111    0.14262
     28.00000   35.54177    1.02783    4.71111    0.14045
     42.00000   32.77426    1.03296    4.62711    0.13955
     56.00000   30.75131    0.96504    4.26909    0.13035
     70.00000   30.54280    0.96599    4.37290    0.12932
     84.00000   36.47080    1.03633    4.97994    0.13857
     98.00000   33.88891    1.01400    4.40063    0.13565
    112.00000   31.22007    0.93807    4.07406    0.12440
    126.00000   32.67774    0.96426    4.37014    0.12960
    140.00000   28.81100    0.89005    3.77699    0.11892
    154.00000   28.94069    0.87294    3.73113    0.11705
    168.00000   25.66202    0.79820    3.46049    0.10711
    182.00000   26.38737    0.77750    3.48546    0.10379
    196.00000   25.33515    0.78239    3.46706    0.10397
    210.00000   26.53048    0.78739    3.39970    0.10470
    224.00000   27.97972    0.81351    3.59878    0.10872
    238.00000   27.63905    0.83210    3.56449    0.11044
    252.00000   28.52642    0.83511    3.81677    0.11214
    266.00000   27.15120    0.84521    3.91654    0.11208
    280.00000   27.57210    0.85780    3.58358    0.11285
    294.00000   28.37297    0.84561    3.79577    0.11340
    308.00000   29.87987    0.90216    4.08464    0.12071
    322.00000   30.09230    0.94269    4.12648    0.12557
    336.00000   28.38090    0.86395    3.93939    0.11572
    350.00000   31.00605    0.89781    4.20446    0.11954
    364.00000   29.30379    0.89813    4.10617    0.11948
    378.00000   29.93948    0.89751    3.87873    0.12051
    392.00000   28.74540    0.87260    3.83666    0.11563
    406.00000   28.34208    0.84536    3.77597    0.11457
    420.00000   28.95667    0.85969    3.90094    0.11459
    434.00000   27.16499    0.80075    3.51293    0.10856
    448.00000   29.11963    0.86016    3.83770    0.11436
    462.00000   28.05899    0.82143    3.78213    0.10959
    476.00000   28.92801    0.85688    3.94973    0.11573
    490.00000   29.75969    0.88758    3.81300    0.11735
    504.00000   30.84877    0.93996    4.41583    0.12605
    518.00000   30.78684    1.01742    4.39695    0.13548
    532.00000   31.48379    0.95584    4.21396    0.12969
    546.00000   32.36567    0.99471    4.36192    0.13248
    560.00000   33.74959    1.03431    4.62474    0.13681
    574.00000   32.42750    1.02632    4.79464    0.13954
    588.00000   37.69910    1.10606    5.03136    0.14904
    602.00000   35.80438    1.13775    5.02289    0.15158
    616.00000   38.22700    1.13259    5.19390    0.15146
    630.00000   38.30131    1.15721    5.26412    0.15547
    644.00000   39.71532    1.17621    5.25652    0.15816
    658.00000   38.86858    1.13639    5.06381    0.15323
    672.00000   42.64267    1.20657    5.54590    0.16443
    686.00000   42.30950    1.21911    5.43411    0.16192
    700.00000   42.04356    1.22248    5.45110    0.16454
    714.00000   43.95411    1.26382    5.64722    0.16767
    728.00000   41.08219    1.23066    5.68326    0.16337
    742.00000   39.92073    1.19439    5.27363    0.15805
    756.00000   41.32362    1.25783    5.68964    0.16637
    770.00000   41.00598    1.21918    5.42470    0.16208
    784.00000   38.43629    1.11583    4.93368    0.15174
    798.00000   40.86717    1.22673    5.75422    0.16234
    812.00000   40.89546    1.22689    5.61378    0.16526
    826.00000   41.57764    1.27169    6.06307    0.17096
    840.00000   41.81035    1.19704    5.49886    0.16039
    854.00000   40.00857    1.19959    5.28488    0.15933
    868.00000   38.81944    1.14529    5.18599    0.15170
    882.00000   38.85692    1.17269    5.10068    0.15735
    896.00000   42.27756    1.25094    5.70187    0.16519
    910.00000   40.00690    1.26949    5.60919    0.16940
    924.00000   42.49141    1.26968    5.74547    0.16913
    938.00000   39.87342    1.21876    5.47671    0.16435
    952.00000   37.57727    1.08475    4.73368    0.14498
    966.00000   35.21609    1.03245    4.61650    0.14018
    980.00000   33.19029    1.00415    4.51168    0.13481
    994.00000   32.30752    0.99074    4.28514    0.13398
   1008.00000   30.79421    0.95073    4.11101    0.12710
   1022.00000   31.59678    0.93220    4.05061    0.12547
   1036.00000   31.00385    0.94986    4.21620    0.12699
   1050.00000   33.82952    0.96559    4.42175    0.13070
   1064.00000   32.35201    1.00218    4.38015    0.13389
   1078.00000   35.29683    1.08033    4.87685    0.14569
   1092.00000   33.86639    1.04777    4.64344    0.13947
   1106.00000   34.67943    1.08800    4.81645    0.14503
   1120.00000   37.47639    1.11127    4.79769    0.14713
   1134.00000   38.00244    1.16848    5.40553    0.15752
   1148.00000   42.60432    1.23523    5.66234    0.16658
   1162.00000   38.46823    1.15295    5.16462    0.15149
   1176.00000   33.03744    1.05093    4.65273    0.14118
   1190.00000   35.98850    1.10842    5.18150    0.14847
   1204.00000   39.53152    1.18798    5.42755    0.15852
   1218.00000   41.82667    1.21011    5.45525    0.16170
   1232.00000   39.55034    1.20581    5.37119    0.16275
   1246.00000   40.25255    1.21987    5.58617    0.16278
   1260.00000   38.37298    1.20755    5.37100    0.16036
   1274.00000   40.31664    1.16684    5.33318    0.15414
   1288.00000   35.22726    1.13360    5.02386    0.15041
   1302.00000   39.44868    1.17567    5.09171    0.15781
   1316.00000   40.77426    1.22526    5.46631    0.16287
   1330.00000   41.56823    1.23662    5.62388    0.16631
   1344.00000   44.03789    1.29783    5.70328    0.17702
   1358.00000   44.61737    1.29851    5.63830    0.17334
   1372.00000   44.50716    1.33494    5.80892    0.18056
   1386.00000   41.60168    1.31734    5.84785    0.17543
   1400.00000   44.52282    1.27636    5.70255    0.17070
   1414.00000   39.30323    1.20238    5.08225    0.16093
   1428.00000   41.12806    1.20213    5.38068    0.16032
   1442.00000   39.84520    1.20688    5.28815    0.16196
   1456.00000   41.32274    1.21321    5.12072    0.16163
   1470.00000   39.87162    1.19851    5.24405    0.15969
   1484.00000   39.33652    1.19628    5.52727    0.16026
   1498.00000   39.72026    1.16186    5.01092    0.15578
   1512.00000   34.69464    1.12654    4.90771    0.14915
   1526.00000   34.75301    1.05485    4.79002    0.14284
   1540.00000   36.78354    1.10420    4.81415    0.14767
   1554.00000   38.17316    1.13443    4.89033    0.15115
   1568.00000   38.68005    1.18275    5.29923    0.15705
   1582.00000   36.61600    1.16784    5.08330    0.15639
   1596.00000   35.93795    1.06926    4.88467    0.14448
   1610.00000   35.07294    1.09272    5.12162    0.14701
   1624.00000   37.81264    1.11520    5.03950    0.14970
   1638.00000   39.06267    1.16079    5.32855    0.15617
   1652.00000   38.68251    1.16322    5.23126    0.15580
   1666.00000   39.11820    1.12375    5.08744    0.14863
   1680.00000   38.06816    1.10466    4.72364    0.14665
   1694.00000   34.46898    1.06885    4.75402    0.14397
   1708.00000   31.97225    1.01557    4.67949    0.13647
   1722.00000   34.29033    0.98915    4.43629    0.13184
   1736.00000   35.52577    0.99864    4.58853    0.13361
   1750.00000   31.53526    0.96882    4.17259    0.12907
   1764.00000   33.55646    0.99939    4.62608    0.13304
   1778.00000   34.53276    1.06836    4.76482    0.14184
   1792.00000   38.17012    1.17030    5.00735    0.15413
   1806.00000   46.34074    1.27892    5.79148    0.17164
   1820.00000   43.76852    1.29803    5.65274    0.17419
   1834.00000   46.08482    1.38090    5.71457    0.18386
   1848.00000   46.48723    1.39013    6.30996    0.18698
   1862.00000   46.45909    1.44964    6.68233    0.19555
   1876.00000   49.59873    1.47285    6.54606    0.19804
   1890.00000   46.04826    1.30949    5.89286    0.17752
   1904.00000   47.22654    1.35776    6.09186    0.18043
   1918.00000   44.88154    1.36812    6.40567    0.18508
   1932.00000   46.34632    1.42944    6.18200    0.19083
   1946.00000   47.03496    1.38401    6.19214    0.18526
   1960.00000   48.56568    1.45626    6.58506    0.19602
   1974.00000   47.28363    1.42435    6.25685    0.19367
   1988.00000   42.95506    1.31943    5.97209    0.17513
   2002.00000   45.80027    1.34193    5.89871    0.17882
   2016.00000   43.88889    1.31516    5.74400    0.17569
   2030.00000   44.80296    1.34652    5.98969    0.18209
   2044.00000   43.30388    1.29882    5.91770    0.17554
   2058.00000   42.71120    1.26671    5.76711    0.16734
   2072.00000   40.79059    1.26261    5.62257    0.16876
   2086.00000   40.74911    1.26340    5.72807    0.17060
   2100.00000   37.13275    1.20722    5.21011    0.16152
   2114.00000   40.06187    1.19097    5.15873    0.15975
   2128.00000   42.03189    1.19321    5.58069    0.16189
   2142.00000   39.58619    1.15245    4.91706    0.15443
   2156.00000   39.16943    1.17663    5.27231    0.15903
   2170.00000   37.03632    1.15106    5.18272    0.15527
   2184.00000   36.36702    1.10412    4.75429    0.14816
   2198.00000   36.48661    1.11706    5.13512    0.15050
   2212.00000   35.80707    1.06400    4.76840    0.14365
   2226.00000   36.90610    1.11709    4.74416    0.14767
   2240.00000   36.72812    1.08854    5.04093    0.14687
   2254.00000   33.62676    1.02245    4.37700    0.13822
   2268.00000   34.83871    1.09067    4.92958    0.14624
   2282.00000   38.85420    1.10984    4.88695    0.14895
   2296.00000   35.21407    1.10207    4.98268    0.14654
   2310.00000   35.74930    1.11519    5.18237    0.14997
   2324.00000   35.38730    1.08692    5.00417    0.14631
   2338.00000   38.00085    1.16068    5.06662    0.15439
   2352.00000   39.42471    1.15653    5.23753    0.15378
   2366.00000   38.10885    1.13102    4.96634    0.15154
   2380.00000   36.94893    1.12511    5.17353    0.15126
   2394.00000   35.80453    1.05901    4.69405    0.14106
   2408.00000   36.71785    1.03321    4.75379    0.13789
   2422.00000   32.79654    0.97319    4.17929    0.12951
   2436.00000   31.14525    0.92838    4.21977    0.12336
   2450.00000   35.63451    1.04685    4.53497    0.13895
   2464.00000   33.61228    1.03647    4.87404    0.13867
   2478.00000   39.36732    1.08964    4.81747    0.14623
   2492.00000   40.54252    1.16334    5.38508    0.15573
   2506.00000   39.65050    1.21026    5.27082    0.15954
   2520.00000   40.68953    1.20054    5.05421    0.15956
   2534.00000   35.24852    1.12851    5.16702    0.15194
   2548.00000   39.29575    1.16744    5.46027    0.15839
   2562.00000   37.78010    1.13333    4.78728    0.15108
   2576.00000   37.46487    1.11119    5.20802    0.15047
   2590.00000   34.44104    1.05384    4.85309    0.14135
   2604.00000   38.54679    1.11991    5.07711    0.15112
   2618.00000   36.21339    1.11806    5.01431    0.15001
   2632.00000   38.50967    1.11527    4.55467    0.14601
   2646.00000   35.81440    1.08799    4.95291    0.14596
   2660.00000   36.80326    1.16921    5.25884    0.15558
   2674.00000   40.34979    1.22894    5.89351    0.16650
   2688.00000   39.35759    1.12069    5.00999    0.14850
   2702.00000   36.20470    1.14225    5.00771    0.15332
   2716.00000   34.59448    1.07255    4.68630    0.14302
   2730.00000   36.35016    1.08015    4.91955    0.14343
   2744.00000   33.40663    1.03325    4.85969    0.13796
   2758.00000   34.91594    1.06202    4.61926    0.14129
   2772.00000   36.52482    1.12305    5.05833    0.15046
   2786.00000   37.19914    1.09515    4.78658    0.14713
   2800.00000   33.39028    1.00958    4.29074    0.13612
   2814.00000   34.14243    0.98876    4.56762    0.13247
   2828.00000   34.42144    1.08602    4.72031    0.14460
   2842.00000   38.28086    1.10123    5.04331    0.14820
   2856.00000   36.84152    1.08034    4.78659    0.14485
   2870.00000   35.34974    1.05503    4.73312    0.14151
   2884.00000   34.86362    1.03405    4.61712    0.13789
   2898.00000   33.69421    1.02648    4.70909    0.13672
   2912.00000   33.39234    1.03192    4.71045    0.13898
   2926.00000   37.58326    1.07253    5.02640    0.14390
   2940.00000   35.19251    1.06032    4.85024    0.14219
   2954.00000   34.82041    1.08337    4.60773    0.14433
   2968.00000   37.59515    1.11381    4.91560    0.14843
   2982.00000   37.04920    1.10450    4.96908    0.14622
   2996.00000   36.68404    1.07493    4.54650    0.14278
   3010.00000   35.31104    1.07528    5.10356    0.14437
   3024.00000   37.06879    1.14377    4.94091    0.15293
   3038.00000   36.11556    1.12132    5.00875    0.15219
   3052.00000   36.37713    1.12849    5.11351    0.15322
   3066.00000   34.32944    1.00994    4.59061    0.13546
   3080.00000   36.65898    1.08517    4.91734    0.14700
   3094.00000   36.57596    1.07042    4.79935    0.14291
   3108.00000   35.56655    1.05315    4.73192    0.14120
   3122.00000   34.31859    1.04681    4.59944    0.13885
   3136.00000   36.41368    1.02111    4.55498    0.13728
   3150.00000   35.24691    1.06363    4.48513    0.14185
   3164.00000   33.02431    1.04623    4.75395    0.13854
   3178.00000   35.51386    1.03994    4.47771    0.14174
   3192.00000   33.32031    1.01161    4.43013    0.13538
   3206.00000   31.87715    0.96490    4.29728    0.12857
   3220.00000   32.60941    0.98550    4.25624    0.13081
   3234.00000   31.81935    0.94520    4.02801    0.12586
   3248.00000   28.58055    0.88915    3.93343    0.12007
   3262.00000   28.73708    0.87370    4.02797    0.11624
   3276.00000   28.51844    0.85563    3.88390    0.11460
   3290.00000   30.67988    0.88596    3.89096    0.11734
   3304.00000   29.02386    0.89388    4.31174    0.12007
   3318.00000   28.46638    0.86970    3.86051    0.11582
   3332.00000   33.85822    0.98131    4.51741    0.13303
   3346.00000   30.89720    0.91073    4.03001    0.12191
   3360.00000   31.09080    0.92825    4.32643    0.12497
   3374.00000   29.26231    0.89801    3.95512    0.12150
   3388.00000   29.00235    0.84374    3.58336    0.11215
   3402.00000   27.23680    0.81817    3.51582    0.10867
   3416.00000   25.47928    0.76275    3.49757    0.10399
   3430.00000   26.83412    0.80316    3.54721    0.10837
   3444.00000   28.55112    0.85422    3.64084    0.11481
   3458.00000   28.71900    0.84060    3.72385    0.11276
   3472.00000   27.13817    0.82176    3.69519    0.11083
   3486.00000   26.50955    0.85517    3.59488    0.11349
   3500.00000   29.54212    0.89600    4.18945    0.11961
   3514.00000   32.51015    0.97723    4.19693    0.13028
   3528.00000   32.75401    0.97960    4.50078    0.12991
   3542.00000   33.67828    1.03271    4.41332    0.13783
   3556.00000   32.22480    1.00781    4.47678    0.13626
   3570.00000   34.06457    1.00644    4.49391    0.13463
   3584.00000   37.46700    1.09962    4.76967    0.14669
   3598.00000   36.30100    1.14701    5.13503    0.15166
   3612.00000   38.10584    1.15411    5.30255    0.15302
   3626.00000   38.78749    1.19217    5.35142    0.15961
   3640.00000   40.68481    1.21028    5.43374    0.15961
