## Time Delay Challenge light curves
##
## [time]=days, [lc]=[err]=flux in nanomaggies
##
##       time       lc_A      err_A       lc_B      err_B
##-------------------------------------------------------
      0.00000    1.30199    0.04035    0.51072    0.01555
     14.00000    1.34411    0.03995    0.52844    0.01581
     28.00000    1.33462    0.03905    0.51589    0.01562
     42.00000    1.30664    0.03789    0.54063    0.01592
     56.00000    1.29735    0.03876    0.50686    0.01533
     70.00000    1.23638    0.03892    0.49505    0.01501
     84.00000    1.28579    0.03913    0.49373    0.01461
     98.00000    1.37842    0.03988    0.49050    0.01452
    112.00000    1.33204    0.04026    0.49347    0.01484
    126.00000    1.27913    0.04074    0.46344    0.01490
    140.00000    1.34288    0.04030    0.50576    0.01504
    154.00000    1.32178    0.04051    0.51089    0.01512
    168.00000    1.29544    0.04048    0.51938    0.01535
    182.00000    1.38528    0.04008    0.51255    0.01542
    196.00000    1.30271    0.03895    0.51997    0.01531
    210.00000    1.31379    0.03807    0.49599    0.01522
    224.00000    1.22327    0.03804    0.53404    0.01526
    238.00000    1.24266    0.03866    0.50306    0.01527
    252.00000    1.23809    0.03800    0.50170    0.01479
    266.00000    1.20311    0.03779    0.48208    0.01440
    280.00000    1.22758    0.03742    0.49925    0.01455
    294.00000    1.17712    0.03604    0.47461    0.01467
    308.00000    1.24438    0.03760    0.48840    0.01445
    322.00000    1.21447    0.03636    0.48595    0.01443
    336.00000    1.22064    0.03683    0.50164    0.01422
    350.00000    1.16666    0.03648    0.47578    0.01382
    364.00000    1.15986    0.03562    0.48986    0.01427
    378.00000    1.20258    0.03581    0.47448    0.01398
    392.00000    1.12298    0.03537    0.44882    0.01399
    406.00000    1.18352    0.03505    0.45824    0.01372
    420.00000    1.12186    0.03506    0.43510    0.01357
    434.00000    1.10671    0.03394    0.43770    0.01348
    448.00000    1.14303    0.03451    0.45758    0.01346
    462.00000    1.07463    0.03348    0.44317    0.01329
    476.00000    1.06898    0.03397    0.41745    0.01340
    490.00000    1.20811    0.03447    0.44241    0.01295
    504.00000    1.13959    0.03466    0.45254    0.01326
    518.00000    1.20295    0.03342    0.45017    0.01288
    532.00000    1.10257    0.03272    0.44914    0.01290
    546.00000    1.08741    0.03197    0.43873    0.01307
    560.00000    1.16630    0.03279    0.42511    0.01309
    574.00000    1.12461    0.03255    0.42195    0.01277
    588.00000    1.04467    0.03220    0.41663    0.01236
    602.00000    1.07956    0.03223    0.40003    0.01216
    616.00000    1.06893    0.03208    0.42450    0.01255
    630.00000    1.05386    0.03187    0.41056    0.01241
    644.00000    1.04837    0.03127    0.40274    0.01226
    658.00000    1.04447    0.03161    0.40224    0.01229
    672.00000    1.04973    0.03067    0.38856    0.01220
    686.00000    1.01745    0.03091    0.40934    0.01216
    700.00000    0.97268    0.03050    0.40088    0.01180
    714.00000    1.01386    0.03052    0.37717    0.01202
    728.00000    1.03594    0.03113    0.37413    0.01164
    742.00000    1.02689    0.03139    0.37562    0.01171
    756.00000    0.99701    0.03024    0.39451    0.01161
    770.00000    0.98497    0.03053    0.39973    0.01165
    784.00000    0.97196    0.03035    0.41133    0.01184
    798.00000    1.03986    0.03022    0.40179    0.01182
    812.00000    0.99273    0.02984    0.39583    0.01172
    826.00000    0.92107    0.02935    0.39314    0.01164
    840.00000    1.03320    0.03024    0.38527    0.01159
    854.00000    1.02098    0.02998    0.37406    0.01140
    868.00000    1.01529    0.02992    0.40806    0.01132
    882.00000    1.06688    0.03089    0.39271    0.01120
    896.00000    1.12156    0.03259    0.37302    0.01138
    910.00000    1.09977    0.03349    0.38027    0.01135
    924.00000    1.14815    0.03370    0.37409    0.01140
    938.00000    1.05783    0.03321    0.41180    0.01190
    952.00000    1.19612    0.03551    0.40686    0.01225
    966.00000    1.08323    0.03372    0.42266    0.01280
    980.00000    1.13935    0.03398    0.42509    0.01273
    994.00000    1.15448    0.03465    0.42861    0.01273
   1008.00000    1.16846    0.03566    0.44510    0.01356
   1022.00000    1.17892    0.03545    0.42402    0.01282
   1036.00000    1.20574    0.03435    0.45008    0.01304
   1050.00000    1.21666    0.03511    0.44361    0.01327
   1064.00000    1.12478    0.03488    0.45917    0.01349
   1078.00000    1.22982    0.03578    0.44559    0.01340
   1092.00000    1.19752    0.03492    0.44405    0.01307
   1106.00000    1.18639    0.03574    0.46120    0.01339
   1120.00000    1.25575    0.03697    0.45199    0.01330
   1134.00000    1.23776    0.03732    0.47446    0.01357
   1148.00000    1.26411    0.03728    0.40734    0.01326
   1162.00000    1.13070    0.03684    0.44104    0.01375
   1176.00000    1.26728    0.03709    0.48582    0.01418
   1190.00000    1.18689    0.03803    0.47486    0.01409
   1204.00000    1.23651    0.03774    0.48651    0.01417
   1218.00000    1.18367    0.03594    0.46807    0.01408
   1232.00000    1.25290    0.03565    0.46171    0.01411
   1246.00000    1.21146    0.03723    0.49738    0.01451
   1260.00000    1.19715    0.03749    0.48955    0.01429
   1274.00000    1.29237    0.03734    0.46100    0.01357
   1288.00000    1.30698    0.03724    0.47645    0.01366
   1302.00000    1.23589    0.03674    0.44446    0.01405
   1316.00000    1.20652    0.03708    0.48300    0.01433
   1330.00000    1.18779    0.03684    0.45707    0.01411
   1344.00000    1.21163    0.03706    0.47999    0.01416
   1358.00000    1.26961    0.03806    0.45237    0.01383
   1372.00000    1.27970    0.03717    0.47192    0.01430
   1386.00000    1.22243    0.03615    0.48624    0.01406
   1400.00000    1.23994    0.03649    0.47511    0.01410
   1414.00000    1.16511    0.03669    0.46038    0.01454
   1428.00000    1.29489    0.03749    0.48355    0.01408
   1442.00000    1.30024    0.03727    0.46420    0.01372
   1456.00000    1.20006    0.03689    0.45104    0.01383
   1470.00000    1.22543    0.03655    0.47571    0.01402
   1484.00000    1.21612    0.03570    0.46864    0.01425
   1498.00000    1.22286    0.03591    0.48546    0.01430
   1512.00000    1.24840    0.03734    0.45403    0.01411
   1526.00000    1.24630    0.03747    0.48414    0.01395
   1540.00000    1.17001    0.03703    0.45028    0.01341
   1554.00000    1.24396    0.03860    0.45418    0.01380
   1568.00000    1.20271    0.03728    0.47051    0.01407
   1582.00000    1.27599    0.03812    0.47426    0.01425
   1596.00000    1.21157    0.03666    0.49854    0.01417
   1610.00000    1.19207    0.03666    0.49293    0.01473
   1624.00000    1.26020    0.03720    0.46402    0.01419
   1638.00000    1.20792    0.03652    0.48541    0.01432
   1652.00000    1.26206    0.03581    0.46135    0.01378
   1666.00000    1.20831    0.03485    0.46822    0.01397
   1680.00000    1.17390    0.03680    0.45507    0.01414
   1694.00000    1.21729    0.03657    0.46566    0.01396
   1708.00000    1.17994    0.03705    0.45700    0.01357
   1722.00000    1.22634    0.03658    0.44164    0.01332
   1736.00000    1.20686    0.03684    0.44918    0.01388
   1750.00000    1.19526    0.03590    0.44923    0.01376
   1764.00000    1.22003    0.03672    0.49230    0.01419
   1778.00000    1.17726    0.03646    0.44573    0.01384
   1792.00000    1.18637    0.03570    0.46476    0.01399
   1806.00000    1.20347    0.03525    0.44977    0.01364
   1820.00000    1.13805    0.03559    0.45798    0.01401
   1834.00000    1.16587    0.03556    0.47574    0.01386
   1848.00000    1.20219    0.03540    0.45438    0.01357
   1862.00000    1.23780    0.03672    0.42813    0.01343
   1876.00000    1.22777    0.03583    0.44322    0.01343
   1890.00000    1.19198    0.03585    0.45604    0.01351
   1904.00000    1.13769    0.03486    0.46673    0.01363
   1918.00000    1.14565    0.03345    0.47407    0.01394
   1932.00000    1.11654    0.03344    0.47570    0.01367
   1946.00000    1.13452    0.03500    0.46605    0.01356
   1960.00000    1.26616    0.03617    0.43387    0.01320
   1974.00000    1.27963    0.03846    0.42232    0.01260
   1988.00000    1.38732    0.03953    0.43880    0.01273
   2002.00000    1.31974    0.03970    0.41623    0.01323
   2016.00000    1.31835    0.04018    0.45948    0.01390
   2030.00000    1.35252    0.04083    0.46291    0.01474
   2044.00000    1.39791    0.04092    0.51145    0.01504
   2058.00000    1.38546    0.04134    0.48407    0.01509
   2072.00000    1.37788    0.04011    0.49278    0.01527
   2086.00000    1.28640    0.03942    0.53808    0.01551
   2100.00000    1.31596    0.03884    0.51177    0.01571
   2114.00000    1.33187    0.03904    0.50682    0.01582
   2128.00000    1.21804    0.03773    0.51032    0.01538
   2142.00000    1.13308    0.03750    0.46547    0.01480
   2156.00000    1.23809    0.03650    0.47412    0.01472
   2170.00000    1.19925    0.03668    0.50698    0.01481
   2184.00000    1.22432    0.03692    0.47336    0.01435
   2198.00000    1.23761    0.03716    0.46983    0.01404
   2212.00000    1.23177    0.03671    0.47844    0.01389
   2226.00000    1.28097    0.03705    0.46030    0.01395
   2240.00000    1.30168    0.03822    0.45414    0.01417
   2254.00000    1.23868    0.03857    0.46387    0.01418
   2268.00000    1.22210    0.03809    0.45538    0.01404
   2282.00000    1.22640    0.03731    0.47938    0.01419
   2296.00000    1.26735    0.03656    0.47317    0.01468
   2310.00000    1.24157    0.03636    0.48323    0.01459
   2324.00000    1.17966    0.03589    0.48086    0.01434
   2338.00000    1.20869    0.03639    0.46157    0.01413
   2352.00000    1.27180    0.03666    0.46487    0.01392
   2366.00000    1.20552    0.03634    0.45389    0.01391
   2380.00000    1.27701    0.03769    0.45174    0.01369
   2394.00000    1.25067    0.03787    0.46415    0.01379
   2408.00000    1.26186    0.03786    0.46870    0.01391
   2422.00000    1.32393    0.03867    0.46015    0.01389
   2436.00000    1.28025    0.03825    0.45418    0.01430
   2450.00000    1.18501    0.03754    0.46000    0.01453
   2464.00000    1.32308    0.03743    0.48723    0.01450
   2478.00000    1.26056    0.03692    0.48273    0.01475
   2492.00000    1.16056    0.03580    0.48314    0.01457
   2506.00000    1.19929    0.03613    0.49962    0.01423
   2520.00000    1.05637    0.03514    0.48271    0.01426
   2534.00000    1.12570    0.03364    0.44649    0.01405
   2548.00000    1.07941    0.03361    0.45862    0.01360
   2562.00000    1.10273    0.03248    0.47792    0.01377
   2576.00000    0.96887    0.03121    0.44458    0.01332
   2590.00000    0.99235    0.03025    0.43820    0.01285
   2604.00000    1.02001    0.03056    0.42770    0.01279
   2618.00000    1.00109    0.03013    0.42223    0.01239
   2632.00000    1.01419    0.03025    0.41028    0.01187
   2646.00000    1.02749    0.03096    0.39428    0.01144
   2660.00000    1.05980    0.03130    0.40270    0.01153
   2674.00000    1.00279    0.03090    0.37506    0.01137
   2688.00000    1.04318    0.03094    0.37458    0.01160
   2702.00000    1.02532    0.03123    0.39264    0.01183
   2716.00000    1.05055    0.03120    0.40642    0.01185
   2730.00000    1.04050    0.03218    0.39948    0.01182
   2744.00000    1.12354    0.03283    0.39108    0.01170
   2758.00000    1.10115    0.03266    0.39501    0.01185
   2772.00000    1.08706    0.03345    0.39039    0.01189
   2786.00000    1.06768    0.03291    0.40510    0.01219
   2800.00000    1.10482    0.03323    0.39068    0.01238
   2814.00000    1.10837    0.03321    0.41656    0.01250
   2828.00000    1.12546    0.03336    0.42961    0.01262
   2842.00000    1.08632    0.03338    0.40919    0.01254
   2856.00000    1.11299    0.03270    0.41573    0.01260
   2870.00000    1.08681    0.03298    0.42492    0.01272
   2884.00000    1.12899    0.03329    0.43053    0.01269
   2898.00000    1.10825    0.03292    0.40594    0.01268
   2912.00000    1.09792    0.03302    0.42585    0.01247
   2926.00000    1.08604    0.03247    0.43525    0.01257
   2940.00000    1.06534    0.03142    0.40960    0.01275
   2954.00000    1.05581    0.03232    0.42775    0.01246
   2968.00000    1.08261    0.03263    0.41892    0.01248
   2982.00000    1.11248    0.03213    0.39469    0.01217
   2996.00000    1.02039    0.03212    0.40041    0.01201
   3010.00000    1.07033    0.03230    0.39535    0.01225
   3024.00000    1.04023    0.03079    0.40517    0.01237
   3038.00000    1.05811    0.03127    0.42396    0.01210
   3052.00000    1.09458    0.03154    0.41734    0.01222
   3066.00000    1.07165    0.03149    0.39227    0.01211
   3080.00000    1.01692    0.03108    0.39172    0.01169
   3094.00000    1.06502    0.03142    0.39703    0.01193
   3108.00000    1.01550    0.03093    0.38766    0.01191
   3122.00000    1.01121    0.03025    0.41352    0.01203
   3136.00000    1.04036    0.03054    0.39073    0.01200
   3150.00000    0.99646    0.03008    0.39684    0.01196
   3164.00000    0.98829    0.02965    0.40356    0.01174
   3178.00000    1.02738    0.02963    0.36965    0.01150
   3192.00000    0.98560    0.03001    0.38461    0.01165
   3206.00000    1.01296    0.03036    0.37479    0.01135
   3220.00000    1.02588    0.03070    0.37633    0.01129
   3234.00000    1.02383    0.03053    0.36856    0.01133
   3248.00000    1.03384    0.03103    0.35910    0.01145
   3262.00000    1.06148    0.03208    0.36993    0.01167
   3276.00000    1.08101    0.03194    0.40877    0.01165
   3290.00000    1.11431    0.03251    0.39548    0.01172
   3304.00000    1.06341    0.03255    0.39517    0.01183
   3318.00000    1.07593    0.03332    0.40003    0.01219
   3332.00000    1.07851    0.03311    0.41461    0.01217
   3346.00000    1.11683    0.03217    0.39922    0.01230
   3360.00000    1.08037    0.03152    0.41291    0.01246
   3374.00000    1.14249    0.03211    0.40192    0.01261
   3388.00000    1.02653    0.03081    0.38993    0.01244
   3402.00000    0.98152    0.03049    0.40831    0.01212
   3416.00000    0.99408    0.03009    0.39264    0.01200
   3430.00000    1.03763    0.03076    0.41339    0.01223
   3444.00000    1.07577    0.03104    0.38626    0.01173
   3458.00000    0.99315    0.03075    0.37904    0.01159
   3472.00000    1.00783    0.03028    0.38230    0.01140
   3486.00000    1.02645    0.03099    0.39899    0.01177
   3500.00000    1.07638    0.03077    0.40322    0.01165
   3514.00000    1.03712    0.03153    0.37465    0.01159
   3528.00000    1.03354    0.03173    0.38312    0.01155
   3542.00000    1.05221    0.03053    0.38788    0.01180
   3556.00000    1.03098    0.03026    0.38421    0.01168
   3570.00000    0.99917    0.02985    0.39931    0.01202
   3584.00000    1.00428    0.03012    0.39917    0.01201
   3598.00000    0.98071    0.02985    0.38322    0.01162
   3612.00000    0.96383    0.02961    0.36120    0.01150
   3626.00000    0.94260    0.02949    0.39730    0.01123
   3640.00000    0.96964    0.02910    0.38179    0.01141
