## Time Delay Challenge light curves
##
## [time]=days, [lc]=[err]=flux in nanomaggies
##
##       time       lc_A      err_A       lc_B      err_B
##-------------------------------------------------------
      0.00000    0.74146    0.02168    0.03775    0.00109
     14.00000    0.74503    0.02155    0.03349    0.00105
     28.00000    0.70929    0.02140    0.03381    0.00103
     42.00000    0.68831    0.02110    0.03413    0.00101
     56.00000    0.68973    0.02081    0.03138    0.00096
     70.00000    0.71448    0.02110    0.03294    0.00100
     84.00000    0.71363    0.02110    0.03236    0.00100
     98.00000    0.70126    0.02188    0.03472    0.00103
    112.00000    0.72905    0.02214    0.03420    0.00102
    126.00000    0.73890    0.02201    0.03403    0.00098
    140.00000    0.74985    0.02213    0.03061    0.00096
    154.00000    0.72766    0.02166    0.03168    0.00094
    168.00000    0.73522    0.02246    0.03240    0.00099
    182.00000    0.73248    0.02256    0.03352    0.00102
    196.00000    0.78183    0.02229    0.03305    0.00100
    210.00000    0.72485    0.02210    0.03124    0.00100
    224.00000    0.80640    0.02294    0.03449    0.00100
    238.00000    0.76903    0.02168    0.03186    0.00099
    252.00000    0.77964    0.02214    0.03214    0.00098
    266.00000    0.71109    0.02219    0.03216    0.00097
    280.00000    0.75022    0.02275    0.03309    0.00098
    294.00000    0.71498    0.02190    0.03335    0.00098
    308.00000    0.76161    0.02216    0.03367    0.00101
    322.00000    0.73367    0.02299    0.03595    0.00103
    336.00000    0.81640    0.02451    0.03408    0.00102
    350.00000    0.82269    0.02485    0.03461    0.00102
    364.00000    0.78780    0.02384    0.03238    0.00100
    378.00000    0.83474    0.02547    0.03568    0.00105
    392.00000    0.84906    0.02578    0.03523    0.00105
    406.00000    0.87134    0.02582    0.03253    0.00104
    420.00000    0.83444    0.02561    0.03395    0.00102
    434.00000    0.82458    0.02490    0.03449    0.00106
    448.00000    0.82812    0.02484    0.03224    0.00100
    462.00000    0.78368    0.02504    0.03410    0.00103
    476.00000    0.84662    0.02533    0.03419    0.00103
    490.00000    0.84838    0.02429    0.03637    0.00105
    504.00000    0.80781    0.02362    0.03220    0.00101
    518.00000    0.81138    0.02444    0.03482    0.00103
    532.00000    0.82326    0.02496    0.03634    0.00107
    546.00000    0.84437    0.02550    0.03755    0.00113
    560.00000    0.81194    0.02510    0.03957    0.00115
    574.00000    0.77117    0.02550    0.03810    0.00111
    588.00000    0.87852    0.02612    0.03895    0.00118
    602.00000    0.84478    0.02500    0.04057    0.00120
    616.00000    0.81007    0.02623    0.03805    0.00120
    630.00000    0.86658    0.02614    0.04031    0.00119
    644.00000    0.86341    0.02523    0.03929    0.00115
    658.00000    0.84912    0.02576    0.03797    0.00115
    672.00000    0.85003    0.02625    0.03802    0.00116
    686.00000    0.84642    0.02585    0.03968    0.00118
    700.00000    0.85629    0.02587    0.03796    0.00113
    714.00000    0.91269    0.02630    0.03617    0.00109
    728.00000    0.91126    0.02614    0.03738    0.00113
    742.00000    0.90090    0.02757    0.03594    0.00116
    756.00000    0.91619    0.02738    0.03975    0.00118
    770.00000    0.92367    0.02692    0.03913    0.00117
    784.00000    0.81577    0.02711    0.03974    0.00118
    798.00000    0.93832    0.02657    0.04030    0.00121
    812.00000    0.86306    0.02572    0.03764    0.00116
    826.00000    0.90262    0.02608    0.03778    0.00121
    840.00000    0.87348    0.02544    0.03890    0.00122
    854.00000    0.86616    0.02591    0.03827    0.00117
    868.00000    0.88060    0.02616    0.04073    0.00120
    882.00000    0.84139    0.02563    0.04248    0.00121
    896.00000    0.85987    0.02489    0.03850    0.00120
    910.00000    0.77001    0.02346    0.04015    0.00120
    924.00000    0.74724    0.02402    0.03935    0.00122
    938.00000    0.76658    0.02393    0.04094    0.00121
    952.00000    0.79308    0.02362    0.04261    0.00128
    966.00000    0.78724    0.02326    0.04237    0.00127
    980.00000    0.76901    0.02282    0.03993    0.00125
    994.00000    0.74594    0.02307    0.03967    0.00125
   1008.00000    0.73611    0.02257    0.04055    0.00123
   1022.00000    0.74448    0.02285    0.04094    0.00119
   1036.00000    0.76325    0.02253    0.04172    0.00121
   1050.00000    0.73457    0.02248    0.03831    0.00118
   1064.00000    0.83239    0.02308    0.03770    0.00120
   1078.00000    0.79399    0.02360    0.04246    0.00121
   1092.00000    0.83371    0.02331    0.03990    0.00119
   1106.00000    0.77254    0.02318    0.03790    0.00116
   1120.00000    0.78843    0.02224    0.03517    0.00109
   1134.00000    0.74904    0.02297    0.03709    0.00111
   1148.00000    0.78185    0.02264    0.03631    0.00111
   1162.00000    0.78245    0.02276    0.03495    0.00110
   1176.00000    0.76607    0.02238    0.03639    0.00108
   1190.00000    0.74081    0.02283    0.03539    0.00106
   1204.00000    0.76263    0.02303    0.03297    0.00107
   1218.00000    0.78620    0.02354    0.03477    0.00105
   1232.00000    0.80269    0.02441    0.03580    0.00106
   1246.00000    0.79055    0.02432    0.03573    0.00104
   1260.00000    0.76870    0.02377    0.03478    0.00104
   1274.00000    0.77215    0.02318    0.03685    0.00107
   1288.00000    0.74925    0.02235    0.03500    0.00109
   1302.00000    0.75138    0.02262    0.03704    0.00108
   1316.00000    0.77282    0.02255    0.03499    0.00107
   1330.00000    0.79738    0.02268    0.03470    0.00103
   1344.00000    0.78050    0.02280    0.03728    0.00107
   1358.00000    0.77258    0.02308    0.03543    0.00105
   1372.00000    0.76368    0.02341    0.03498    0.00105
   1386.00000    0.78721    0.02362    0.03406    0.00104
   1400.00000    0.76117    0.02301    0.03520    0.00106
   1414.00000    0.79401    0.02325    0.03568    0.00107
   1428.00000    0.73962    0.02269    0.03784    0.00109
   1442.00000    0.74489    0.02216    0.03735    0.00113
   1456.00000    0.74355    0.02283    0.03636    0.00113
   1470.00000    0.84494    0.02487    0.03779    0.00110
   1484.00000    0.84096    0.02458    0.03783    0.00108
   1498.00000    0.84074    0.02495    0.03606    0.00104
   1512.00000    0.77595    0.02378    0.03540    0.00105
   1526.00000    0.76323    0.02367    0.03479    0.00105
   1540.00000    0.77409    0.02309    0.03556    0.00105
   1554.00000    0.74524    0.02276    0.03412    0.00106
   1568.00000    0.81008    0.02391    0.03568    0.00107
   1582.00000    0.78754    0.02483    0.03505    0.00108
   1596.00000    0.82977    0.02518    0.03557    0.00109
   1610.00000    0.81280    0.02409    0.03834    0.00107
   1624.00000    0.77653    0.02342    0.03453    0.00108
   1638.00000    0.73400    0.02317    0.03491    0.00105
   1652.00000    0.78897    0.02312    0.03461    0.00103
   1666.00000    0.79262    0.02308    0.03527    0.00106
   1680.00000    0.73444    0.02335    0.03662    0.00115
   1694.00000    0.78777    0.02372    0.03720    0.00114
   1708.00000    0.79343    0.02393    0.03958    0.00115
   1722.00000    0.76600    0.02402    0.03617    0.00110
   1736.00000    0.82470    0.02503    0.03606    0.00110
   1750.00000    0.86705    0.02528    0.03764    0.00107
   1764.00000    0.80858    0.02502    0.03421    0.00105
   1778.00000    0.88560    0.02625    0.03748    0.00111
   1792.00000    0.85814    0.02569    0.03860    0.00115
   1806.00000    0.85159    0.02539    0.04021    0.00117
   1820.00000    0.85289    0.02497    0.03743    0.00112
   1834.00000    0.85232    0.02548    0.03689    0.00109
   1848.00000    0.86241    0.02579    0.03465    0.00108
   1862.00000    0.83976    0.02678    0.03644    0.00107
   1876.00000    0.89816    0.02672    0.03651    0.00107
   1890.00000    0.87291    0.02616    0.03771    0.00108
   1904.00000    0.82290    0.02682    0.03700    0.00110
   1918.00000    0.86617    0.02634    0.03788    0.00111
   1932.00000    0.93930    0.02757    0.03844    0.00111
   1946.00000    0.87748    0.02682    0.03807    0.00116
   1960.00000    0.91220    0.02843    0.03979    0.00117
   1974.00000    0.97589    0.02901    0.03749    0.00116
   1988.00000    0.94907    0.02897    0.03905    0.00122
   2002.00000    0.97423    0.02916    0.03952    0.00119
   2016.00000    0.89937    0.02821    0.03833    0.00118
   2030.00000    0.95658    0.02804    0.03960    0.00116
   2044.00000    0.92848    0.02815    0.04057    0.00118
   2058.00000    0.86657    0.02737    0.04128    0.00119
   2072.00000    0.89795    0.02645    0.04132    0.00124
   2086.00000    0.85452    0.02699    0.04023    0.00124
   2100.00000    0.94139    0.02751    0.04035    0.00121
   2114.00000    0.87994    0.02621    0.04150    0.00124
   2128.00000    0.85180    0.02633    0.04101    0.00122
   2142.00000    0.90268    0.02729    0.04299    0.00127
   2156.00000    0.87929    0.02678    0.04076    0.00124
   2170.00000    0.86561    0.02771    0.04618    0.00132
   2184.00000    0.92490    0.02732    0.04568    0.00135
   2198.00000    0.96382    0.02914    0.04443    0.00134
   2212.00000    0.94408    0.02877    0.04596    0.00135
   2226.00000    0.96911    0.02907    0.04419    0.00131
   2240.00000    0.97331    0.02916    0.04117    0.00130
   2254.00000    0.96233    0.02858    0.04261    0.00131
   2268.00000    0.94919    0.02882    0.04060    0.00127
   2282.00000    0.98520    0.02859    0.04104    0.00122
   2296.00000    0.97844    0.02923    0.04131    0.00125
   2310.00000    1.02235    0.02979    0.04226    0.00127
   2324.00000    0.97466    0.02985    0.04167    0.00121
   2338.00000    0.94421    0.02886    0.03845    0.00122
   2352.00000    0.97518    0.02992    0.04180    0.00126
   2366.00000    0.96615    0.02999    0.04034    0.00124
   2380.00000    0.98197    0.02998    0.04273    0.00129
   2394.00000    1.02123    0.03097    0.04199    0.00126
   2408.00000    0.99466    0.03129    0.04444    0.00135
   2422.00000    1.06194    0.03087    0.04448    0.00133
   2436.00000    1.05655    0.03167    0.04502    0.00135
   2450.00000    1.04597    0.03159    0.04642    0.00135
   2464.00000    1.01545    0.03072    0.04195    0.00132
   2478.00000    0.98204    0.03135    0.04425    0.00134
   2492.00000    1.05376    0.03220    0.04313    0.00132
   2506.00000    1.10949    0.03265    0.04347    0.00135
   2520.00000    1.05306    0.03138    0.04619    0.00138
   2534.00000    1.00277    0.03140    0.04586    0.00138
   2548.00000    1.00834    0.03180    0.04632    0.00134
   2562.00000    1.10524    0.03337    0.04751    0.00138
   2576.00000    1.10036    0.03347    0.04498    0.00139
   2590.00000    1.06040    0.03390    0.04532    0.00139
   2604.00000    1.14105    0.03515    0.04736    0.00143
   2618.00000    1.17328    0.03540    0.04728    0.00145
   2632.00000    1.15949    0.03602    0.04695    0.00143
   2646.00000    1.18450    0.03467    0.04979    0.00147
   2660.00000    1.12151    0.03361    0.05064    0.00146
   2674.00000    1.12499    0.03391    0.04830    0.00142
   2688.00000    1.06601    0.03376    0.04676    0.00145
   2702.00000    1.17286    0.03406    0.05036    0.00149
   2716.00000    1.13646    0.03365    0.05239    0.00151
   2730.00000    1.09379    0.03399    0.04957    0.00146
   2744.00000    1.10862    0.03378    0.04548    0.00145
   2758.00000    1.19774    0.03453    0.04730    0.00147
   2772.00000    1.08121    0.03270    0.05330    0.00155
   2786.00000    1.02296    0.03066    0.05006    0.00155
   2800.00000    0.97493    0.02973    0.05395    0.00157
   2814.00000    0.99544    0.02935    0.05109    0.00163
   2828.00000    0.98229    0.02929    0.05560    0.00164
   2842.00000    0.98229    0.02949    0.05450    0.00167
   2856.00000    1.04111    0.03024    0.05624    0.00162
   2870.00000    0.97746    0.02988    0.05361    0.00156
   2884.00000    0.98114    0.02989    0.05208    0.00157
   2898.00000    1.02525    0.03016    0.05409    0.00157
   2912.00000    0.98794    0.03008    0.05426    0.00158
   2926.00000    1.00114    0.02962    0.05271    0.00156
   2940.00000    0.99180    0.02935    0.05810    0.00158
   2954.00000    0.92646    0.02866    0.05090    0.00156
   2968.00000    0.98863    0.02991    0.05382    0.00160
   2982.00000    1.02205    0.03035    0.05075    0.00152
   2996.00000    1.04693    0.03096    0.04572    0.00142
   3010.00000    0.99464    0.03127    0.04466    0.00138
   3024.00000    1.02660    0.03151    0.04385    0.00135
   3038.00000    1.03453    0.03174    0.04408    0.00135
   3052.00000    1.11801    0.03178    0.04682    0.00137
   3066.00000    1.04860    0.03015    0.04541    0.00140
   3080.00000    0.97031    0.02950    0.04639    0.00139
   3094.00000    1.02313    0.03065    0.04883    0.00138
   3108.00000    0.99711    0.03004    0.04706    0.00140
   3122.00000    0.95790    0.02953    0.04905    0.00139
   3136.00000    1.02174    0.03052    0.04489    0.00137
   3150.00000    1.05917    0.03181    0.04543    0.00136
   3164.00000    1.04647    0.03215    0.04487    0.00133
   3178.00000    1.02599    0.03170    0.04604    0.00138
   3192.00000    1.07675    0.03075    0.04669    0.00141
   3206.00000    0.99899    0.03018    0.05042    0.00144
   3220.00000    1.02023    0.02987    0.04755    0.00145
   3234.00000    1.04624    0.03054    0.04870    0.00146
   3248.00000    0.99850    0.03081    0.04687    0.00147
   3262.00000    1.01527    0.03015    0.04831    0.00147
   3276.00000    0.96990    0.02986    0.04421    0.00140
   3290.00000    1.00945    0.03025    0.04645    0.00137
   3304.00000    0.99041    0.03053    0.04579    0.00142
   3318.00000    1.06988    0.03149    0.04639    0.00139
   3332.00000    0.95000    0.03050    0.04435    0.00137
   3346.00000    0.99969    0.03011    0.04731    0.00141
   3360.00000    0.98496    0.03094    0.04926    0.00147
   3374.00000    1.13912    0.03214    0.04859    0.00149
   3388.00000    1.08447    0.03284    0.04831    0.00147
   3402.00000    1.13450    0.03443    0.04938    0.00143
   3416.00000    1.14987    0.03372    0.04769    0.00140
   3430.00000    1.17705    0.03431    0.04829    0.00138
   3444.00000    1.14962    0.03452    0.04736    0.00142
   3458.00000    1.12053    0.03436    0.04798    0.00143
   3472.00000    1.11532    0.03468    0.04689    0.00140
   3486.00000    1.12431    0.03516    0.04667    0.00139
   3500.00000    1.20822    0.03488    0.04605    0.00140
   3514.00000    1.15402    0.03501    0.04644    0.00142
   3528.00000    1.05705    0.03436    0.04945    0.00146
   3542.00000    1.13967    0.03534    0.04793    0.00141
   3556.00000    1.20705    0.03496    0.04825    0.00140
   3570.00000    1.28754    0.03684    0.04659    0.00144
   3584.00000    1.25665    0.03659    0.04747    0.00149
   3598.00000    1.16752    0.03597    0.04850    0.00152
   3612.00000    1.24608    0.03672    0.05137    0.00159
   3626.00000    1.22630    0.03701    0.05197    0.00156
   3640.00000    1.24784    0.03804    0.05205    0.00159
