## Time Delay Challenge light curves
##
## [time]=days, [lc]=[err]=flux in nanomaggies
##
##       time       lc_A      err_A       lc_B      err_B
##-------------------------------------------------------
      0.00000    0.63082    0.01907    0.55783    0.01710
     14.00000    0.60741    0.01870    0.54018    0.01630
     28.00000    0.62668    0.01848    0.55214    0.01633
     42.00000    0.61872    0.01913    0.56105    0.01674
     56.00000    0.64992    0.01971    0.57118    0.01717
     70.00000    0.63324    0.01957    0.60631    0.01723
     84.00000    0.60123    0.01865    0.53683    0.01638
     98.00000    0.64817    0.01967    0.56892    0.01703
    112.00000    0.65391    0.01954    0.55622    0.01727
    126.00000    0.67268    0.02006    0.58933    0.01766
    140.00000    0.65366    0.02040    0.59798    0.01778
    154.00000    0.69807    0.02096    0.63381    0.01850
    168.00000    0.72123    0.02101    0.61166    0.01832
    182.00000    0.72822    0.02059    0.60252    0.01787
    196.00000    0.69985    0.02059    0.59465    0.01793
    210.00000    0.71152    0.02126    0.61241    0.01864
    224.00000    0.73672    0.02129    0.65575    0.01876
    238.00000    0.77762    0.02209    0.64479    0.01961
    252.00000    0.73081    0.02222    0.65777    0.01970
    266.00000    0.71018    0.02126    0.59506    0.01881
    280.00000    0.69949    0.02167    0.65270    0.01907
    294.00000    0.73413    0.02174    0.66925    0.01948
    308.00000    0.71196    0.02176    0.63822    0.01924
    322.00000    0.70228    0.02099    0.61200    0.01871
    336.00000    0.72853    0.02154    0.64083    0.01896
    350.00000    0.67693    0.02075    0.60547    0.01813
    364.00000    0.68122    0.02036    0.60219    0.01808
    378.00000    0.70066    0.02081    0.60172    0.01805
    392.00000    0.70324    0.02071    0.63274    0.01828
    406.00000    0.70998    0.02080    0.60637    0.01844
    420.00000    0.64587    0.01915    0.57084    0.01704
    434.00000    0.61697    0.01832    0.52288    0.01631
    448.00000    0.63017    0.01849    0.55977    0.01633
    462.00000    0.62514    0.01837    0.54816    0.01641
    476.00000    0.66163    0.01893    0.52778    0.01664
    490.00000    0.60136    0.01835    0.52808    0.01626
    504.00000    0.58319    0.01845    0.55523    0.01628
    518.00000    0.64092    0.01912    0.52113    0.01666
    532.00000    0.68308    0.01958    0.57416    0.01702
    546.00000    0.63647    0.01947    0.57382    0.01716
    560.00000    0.66108    0.01985    0.56133    0.01739
    574.00000    0.68878    0.01999    0.60442    0.01762
    588.00000    0.63360    0.01954    0.56407    0.01730
    602.00000    0.66641    0.02031    0.58328    0.01764
    616.00000    0.72914    0.02035    0.57974    0.01794
    630.00000    0.66064    0.02028    0.58216    0.01810
    644.00000    0.64780    0.01960    0.56885    0.01754
    658.00000    0.68328    0.01988    0.56444    0.01728
    672.00000    0.64662    0.02001    0.59481    0.01747
    686.00000    0.69423    0.02079    0.59061    0.01833
    700.00000    0.69763    0.02116    0.61252    0.01845
    714.00000    0.73818    0.02133    0.60770    0.01863
    728.00000    0.74636    0.02172    0.61768    0.01890
    742.00000    0.71698    0.02157    0.59760    0.01881
    756.00000    0.70574    0.02059    0.62189    0.01844
    770.00000    0.69196    0.02034    0.54928    0.01762
    784.00000    0.69340    0.02023    0.60662    0.01803
    798.00000    0.66647    0.02002    0.61456    0.01773
    812.00000    0.68188    0.02011    0.63573    0.01791
    826.00000    0.66761    0.01941    0.55521    0.01695
    840.00000    0.65944    0.01944    0.55280    0.01673
    854.00000    0.66449    0.01901    0.59431    0.01668
    868.00000    0.65274    0.01876    0.56633    0.01655
    882.00000    0.64530    0.01893    0.58019    0.01659
    896.00000    0.60422    0.01833    0.54175    0.01603
    910.00000    0.59221    0.01829    0.53699    0.01596
    924.00000    0.62784    0.01879    0.55580    0.01650
    938.00000    0.64003    0.01978    0.55023    0.01723
    952.00000    0.59990    0.01944    0.59607    0.01716
    966.00000    0.67114    0.01973    0.56803    0.01699
    980.00000    0.69695    0.02047    0.58714    0.01803
    994.00000    0.63670    0.01885    0.58438    0.01706
   1008.00000    0.63273    0.01875    0.54920    0.01618
   1022.00000    0.59739    0.01776    0.52464    0.01583
   1036.00000    0.59647    0.01807    0.54760    0.01574
   1050.00000    0.56672    0.01785    0.54952    0.01593
   1064.00000    0.63104    0.01801    0.55177    0.01627
   1078.00000    0.61926    0.01802    0.52252    0.01588
   1092.00000    0.61259    0.01801    0.53688    0.01586
   1106.00000    0.59071    0.01787    0.51179    0.01572
   1120.00000    0.61566    0.01863    0.54903    0.01653
   1134.00000    0.62257    0.01874    0.52584    0.01634
   1148.00000    0.64944    0.01947    0.58156    0.01725
   1162.00000    0.68372    0.01989    0.58846    0.01759
   1176.00000    0.68629    0.01985    0.58418    0.01753
   1190.00000    0.63939    0.01999    0.57822    0.01759
   1204.00000    0.68076    0.02053    0.58848    0.01799
   1218.00000    0.70452    0.02054    0.58195    0.01794
   1232.00000    0.66372    0.01976    0.61347    0.01754
   1246.00000    0.65490    0.01898    0.54657    0.01683
   1260.00000    0.61187    0.01914    0.57775    0.01678
   1274.00000    0.61065    0.01894    0.54563    0.01643
   1288.00000    0.65434    0.01898    0.55984    0.01706
   1302.00000    0.65741    0.01947    0.56790    0.01700
   1316.00000    0.66143    0.01885    0.53211    0.01672
   1330.00000    0.65493    0.01877    0.57237    0.01648
   1344.00000    0.66120    0.01930    0.58603    0.01708
   1358.00000    0.64793    0.01992    0.61185    0.01747
   1372.00000    0.67077    0.01945    0.57584    0.01725
   1386.00000    0.65431    0.02037    0.62279    0.01787
   1400.00000    0.65671    0.02014    0.58242    0.01795
   1414.00000    0.70308    0.02016    0.56927    0.01760
   1428.00000    0.66868    0.02005    0.61684    0.01777
   1442.00000    0.66867    0.01897    0.57275    0.01677
   1456.00000    0.61524    0.01841    0.53203    0.01634
   1470.00000    0.64207    0.01866    0.56661    0.01659
   1484.00000    0.60579    0.01886    0.54707    0.01632
   1498.00000    0.66690    0.01913    0.56507    0.01701
   1512.00000    0.66602    0.01929    0.53207    0.01681
   1526.00000    0.61449    0.01915    0.56285    0.01718
   1540.00000    0.63850    0.01953    0.57151    0.01714
   1554.00000    0.62512    0.01973    0.56539    0.01722
   1568.00000    0.69956    0.02011    0.59215    0.01761
   1582.00000    0.66964    0.02035    0.58416    0.01783
   1596.00000    0.67314    0.02059    0.61263    0.01835
   1610.00000    0.71655    0.02093    0.59072    0.01813
   1624.00000    0.75006    0.02151    0.64292    0.01895
   1638.00000    0.68849    0.02063    0.58872    0.01811
   1652.00000    0.69309    0.02123    0.60906    0.01822
   1666.00000    0.70733    0.02129    0.61281    0.01873
   1680.00000    0.70331    0.02077    0.63143    0.01823
   1694.00000    0.67282    0.02101    0.61458    0.01854
   1708.00000    0.69899    0.02113    0.61310    0.01875
   1722.00000    0.73619    0.02220    0.64917    0.01959
   1736.00000    0.74769    0.02221    0.65287    0.01976
   1750.00000    0.69596    0.02131    0.63146    0.01867
   1764.00000    0.69569    0.02055    0.59155    0.01806
   1778.00000    0.68507    0.02052    0.62709    0.01829
   1792.00000    0.65901    0.02061    0.58051    0.01783
   1806.00000    0.65389    0.02022    0.63387    0.01791
   1820.00000    0.69242    0.02034    0.59585    0.01780
   1834.00000    0.65528    0.02032    0.60393    0.01808
   1848.00000    0.68857    0.02038    0.61265    0.01797
   1862.00000    0.65571    0.02001    0.59965    0.01769
   1876.00000    0.67642    0.02032    0.55964    0.01761
   1890.00000    0.65205    0.02037    0.58063    0.01794
   1904.00000    0.64223    0.02026    0.56561    0.01786
   1918.00000    0.66036    0.02038    0.58837    0.01775
   1932.00000    0.69377    0.02124    0.64166    0.01853
   1946.00000    0.69676    0.02086    0.64271    0.01873
   1960.00000    0.66465    0.02068    0.62613    0.01829
   1974.00000    0.70367    0.02099    0.55507    0.01809
   1988.00000    0.65819    0.02020    0.61692    0.01806
   2002.00000    0.68888    0.02155    0.61412    0.01859
   2016.00000    0.67700    0.02191    0.63021    0.01916
   2030.00000    0.74613    0.02230    0.64655    0.01948
   2044.00000    0.76705    0.02340    0.71595    0.02051
   2058.00000    0.73405    0.02196    0.64720    0.01918
   2072.00000    0.74057    0.02215    0.64767    0.01938
   2086.00000    0.76227    0.02226    0.61459    0.01944
   2100.00000    0.66310    0.02105    0.62036    0.01882
   2114.00000    0.66670    0.02098    0.62262    0.01842
   2128.00000    0.65672    0.01981    0.59289    0.01780
   2142.00000    0.65156    0.01999    0.53877    0.01747
   2156.00000    0.69308    0.02051    0.59522    0.01812
   2170.00000    0.67630    0.02052    0.58528    0.01805
   2184.00000    0.67195    0.02028    0.60169    0.01780
   2198.00000    0.70948    0.02117    0.63648    0.01845
   2212.00000    0.65108    0.02002    0.60065    0.01781
   2226.00000    0.64256    0.01967    0.56415    0.01743
   2240.00000    0.63336    0.01982    0.58258    0.01735
   2254.00000    0.65667    0.01952    0.59138    0.01728
   2268.00000    0.66738    0.02038    0.59908    0.01787
   2282.00000    0.67520    0.02070    0.55619    0.01822
   2296.00000    0.66778    0.02068    0.60180    0.01803
   2310.00000    0.69529    0.02162    0.61417    0.01894
   2324.00000    0.70626    0.02137    0.60182    0.01861
   2338.00000    0.72347    0.02145    0.66077    0.01911
   2352.00000    0.69792    0.02085    0.65143    0.01858
   2366.00000    0.64100    0.02004    0.58367    0.01792
   2380.00000    0.66072    0.01939    0.58677    0.01736
   2394.00000    0.63195    0.01925    0.55860    0.01704
   2408.00000    0.62421    0.01939    0.56080    0.01682
   2422.00000    0.65503    0.01914    0.54141    0.01661
   2436.00000    0.62356    0.01929    0.57383    0.01719
   2450.00000    0.69588    0.02105    0.61472    0.01851
   2464.00000    0.76595    0.02201    0.62542    0.01939
   2478.00000    0.77513    0.02217    0.65164    0.01936
   2492.00000    0.71904    0.02211    0.64637    0.01987
   2506.00000    0.73667    0.02229    0.65262    0.01956
   2520.00000    0.78073    0.02248    0.67808    0.01969
   2534.00000    0.72066    0.02153    0.60857    0.01916
   2548.00000    0.75351    0.02234    0.66056    0.01926
   2562.00000    0.73960    0.02235    0.64276    0.01985
   2576.00000    0.76685    0.02288    0.68138    0.02022
   2590.00000    0.72348    0.02162    0.66713    0.01923
   2604.00000    0.74618    0.02157    0.60975    0.01875
   2618.00000    0.74353    0.02141    0.62291    0.01872
   2632.00000    0.66800    0.02067    0.60098    0.01821
   2646.00000    0.72554    0.02129    0.62939    0.01864
   2660.00000    0.72960    0.02098    0.62424    0.01861
   2674.00000    0.70644    0.02078    0.59745    0.01839
   2688.00000    0.68269    0.02103    0.58864    0.01842
   2702.00000    0.66879    0.02015    0.60081    0.01794
   2716.00000    0.64353    0.02033    0.57028    0.01771
   2730.00000    0.69701    0.02125    0.58521    0.01850
   2744.00000    0.72758    0.02166    0.63274    0.01915
   2758.00000    0.77311    0.02231    0.65547    0.01950
   2772.00000    0.68510    0.02122    0.62709    0.01886
   2786.00000    0.70132    0.02086    0.59761    0.01850
   2800.00000    0.69659    0.02038    0.57114    0.01812
   2814.00000    0.68217    0.01965    0.57916    0.01748
   2828.00000    0.68316    0.02066    0.59505    0.01790
   2842.00000    0.65417    0.02101    0.62189    0.01871
   2856.00000    0.68335    0.02017    0.64393    0.01806
   2870.00000    0.70515    0.02052    0.61856    0.01836
   2884.00000    0.69259    0.02016    0.58221    0.01782
   2898.00000    0.63344    0.01975    0.57357    0.01754
   2912.00000    0.63594    0.01960    0.55307    0.01732
   2926.00000    0.64579    0.01931    0.58152    0.01698
   2940.00000    0.65103    0.01915    0.56778    0.01698
   2954.00000    0.68869    0.02017    0.57699    0.01768
   2968.00000    0.64122    0.02003    0.60532    0.01753
   2982.00000    0.65277    0.02075    0.63893    0.01839
   2996.00000    0.66674    0.01964    0.60504    0.01772
   3010.00000    0.63849    0.01927    0.58312    0.01720
   3024.00000    0.63374    0.01875    0.58196    0.01660
   3038.00000    0.61669    0.01859    0.53555    0.01628
   3052.00000    0.59725    0.01855    0.56286    0.01638
   3066.00000    0.65083    0.01922    0.57950    0.01716
   3080.00000    0.63917    0.01920    0.56008    0.01693
   3094.00000    0.68621    0.02031    0.58820    0.01787
   3108.00000    0.67627    0.02106    0.62347    0.01838
   3122.00000    0.68354    0.02132    0.60937    0.01894
   3136.00000    0.67468    0.02131    0.62227    0.01867
   3150.00000    0.71796    0.02102    0.62136    0.01856
   3164.00000    0.70737    0.02098    0.63278    0.01867
   3178.00000    0.67105    0.01972    0.60281    0.01747
   3192.00000    0.67116    0.02117    0.63587    0.01841
   3206.00000    0.72086    0.02079    0.60616    0.01842
   3220.00000    0.65354    0.02060    0.57370    0.01797
   3234.00000    0.72017    0.02091    0.60015    0.01838
   3248.00000    0.67202    0.02133    0.59208    0.01880
   3262.00000    0.68489    0.02075    0.62932    0.01852
   3276.00000    0.68144    0.02059    0.61539    0.01830
   3290.00000    0.66050    0.02118    0.60216    0.01815
   3304.00000    0.69368    0.02078    0.55677    0.01814
   3318.00000    0.72785    0.02098    0.62120    0.01842
   3332.00000    0.70560    0.02033    0.59752    0.01801
   3346.00000    0.70125    0.02061    0.58805    0.01793
   3360.00000    0.65467    0.02001    0.56966    0.01763
   3374.00000    0.61225    0.01949    0.58159    0.01730
   3388.00000    0.63519    0.01982    0.59409    0.01737
   3402.00000    0.61760    0.01976    0.59348    0.01750
   3416.00000    0.66097    0.01992    0.57461    0.01741
   3430.00000    0.67100    0.01995    0.58596    0.01723
   3444.00000    0.66483    0.01995    0.57538    0.01739
   3458.00000    0.70994    0.02071    0.61006    0.01796
   3472.00000    0.67517    0.02079    0.63238    0.01873
   3486.00000    0.61633    0.01939    0.56011    0.01708
   3500.00000    0.62650    0.01948    0.56072    0.01716
   3514.00000    0.60915    0.01883    0.54121    0.01664
   3528.00000    0.66282    0.02040    0.61235    0.01776
   3542.00000    0.65230    0.02048    0.60145    0.01799
   3556.00000    0.70129    0.02116    0.63046    0.01883
   3570.00000    0.69389    0.02079    0.59091    0.01837
   3584.00000    0.66241    0.02000    0.59967    0.01774
   3598.00000    0.62217    0.01977    0.56536    0.01733
   3612.00000    0.65226    0.01950    0.58204    0.01725
   3626.00000    0.65965    0.01962    0.59436    0.01755
   3640.00000    0.68560    0.02054    0.59168    0.01784
