## Time Delay Challenge light curves
##
## [time]=days, [lc]=[err]=flux in nanomaggies
##
##       time       lc_A      err_A       lc_B      err_B
##-------------------------------------------------------
11.53000 1.83492 0.04588 1.61600 0.05767
18.78000 1.78436 0.05465 1.55588 0.04859
29.76000 1.93564 0.04382 1.63267 0.03188
39.69000 2.03542 0.04688 1.54293 0.04265
51.54000 2.17250 0.02693 1.61652 0.05486
62.39000 2.32443 0.07267 1.65959 0.03162
74.59000 2.30810 0.01824 1.82105 0.07291
85.88000 2.26740 0.02504 1.86042 0.04416
99.26000 2.16684 0.04963 1.85837 0.06374
109.81000 2.10272 0.04116 1.93799 0.05222
371.20000 2.21697 0.06143 1.62936 0.05833
381.62000 2.11951 0.09270 1.67380 0.08260
391.65000 2.12251 0.04255 1.85610 0.03131
402.16000 2.27624 0.04362 1.86081 0.05536
416.54000 2.26553 0.04297 1.82937 0.05793
428.52000 2.27077 0.05648 1.78994 0.03146
437.69000 2.40021 0.01188 1.77954 0.06759
446.85000 2.55687 0.08549 1.67419 0.05751
457.91000 2.54935 0.03360 1.89220 0.04198
465.79000 2.60016 0.06425 1.95354 0.04144
480.44000 2.32801 0.07468 2.13771 0.05447
735.78000 2.68488 0.05778 2.16240 0.02801
749.46000 2.49400 0.05790 2.07268 0.06307
760.04000 2.52107 0.06867 2.10384 0.03756
767.88000 2.48145 0.06332 2.16554 0.04659
778.08000 2.42324 0.04916 2.12824 0.05632
792.26000 2.44706 0.04928 1.98632 0.03794
801.51000 2.35507 0.06265 2.03097 0.04729
811.55000 2.37288 0.05509 1.95848 0.02740
822.41000 2.42613 0.08429 1.90272 0.06094
832.23000 2.37383 0.09127 1.96479 0.03239
847.53000 2.45233 0.06515 1.99497 0.03329
1105.27000 2.48470 0.06663 2.16504 0.06568
1113.81000 2.39981 0.09371 2.12042 0.04935
1124.30000 2.65440 0.05691 1.94514 0.05704
1137.07000 2.62886 0.05088 2.14202 0.05341
1149.46000 2.50707 0.07847 2.11057 0.02861
1162.45000 2.62912 0.04911 2.22721 0.03556
1175.32000 2.63422 0.04572 2.10106 0.04064
1186.29000 2.58014 0.05519 2.11198 0.02245
1197.21000 2.50434 0.04712 1.97141 0.05865
1210.01000 2.44091 0.05071 2.26087 0.08325
1460.82000 2.33652 0.08418 1.91435 0.06698
1470.36000 2.23707 0.06757 1.91028 0.03658
1488.04000 2.24348 0.06572 1.77850 0.03233
1504.11000 2.15164 0.04649 1.79756 0.03118
1516.99000 2.23812 0.08477 1.74356 0.04396
1526.76000 2.17519 0.05420 1.70025 0.05440
1535.97000 2.22078 0.04054 1.78542 0.03950
1547.84000 2.23660 0.05638 1.80427 0.04517
1560.75000 2.25156 0.03702 1.79323 0.07416
1572.02000 2.32472 0.05827 1.91360 0.05645
1826.28000 2.26262 0.04780 1.87681 0.02209
1834.13000 2.33573 0.05910 1.85614 0.07240
1846.57000 2.41488 0.04531 1.81437 0.07272
1857.80000 2.32448 0.08083 1.93524 0.02274
1870.43000 2.35561 0.04392 1.96044 0.05391
1880.75000 2.51471 0.08777 1.91255 0.04648
1892.26000 2.37679 0.07683 1.99478 0.05233
1903.79000 2.40893 0.05260 1.96281 0.07478
1917.35000 2.38956 0.06834 1.93448 0.05714
1929.32000 2.35558 0.03212 2.00523 0.05034
2198.44000 1.90893 0.05628 1.59503 0.05416
2213.56000 1.74326 0.07179 1.45275 0.06286
2224.61000 1.84066 0.03138 1.59461 0.07105
2236.93000 1.87293 0.06810 1.58784 0.06654
2250.57000 1.85211 0.04810 1.57662 0.08426
2263.55000 1.90697 0.03711 1.41009 0.05565
2270.76000 1.85359 0.04623 1.45622 0.04010
2283.47000 1.83622 0.05395 1.55747 0.05390
2293.12000 1.79813 0.04802 1.59330 0.05494
2303.83000 1.72469 0.06838 1.59441 0.06531
2566.95000 1.98453 0.07569 1.66642 0.08911
2581.02000 2.05762 0.03671 1.59293 0.05553
2596.03000 1.93361 0.05821 1.64448 0.04659
2609.87000 1.97981 0.02437 1.75191 0.08452
2624.07000 1.98101 0.03079 1.65888 0.04043
2636.57000 2.13998 0.07651 1.60783 0.04463
2649.89000 2.03947 0.06915 1.71253 0.04685
2660.67000 2.11960 0.03256 1.70356 0.02178
2670.36000 2.12767 0.04574 1.67572 0.07016
2920.50000 2.07828 0.07845 1.71483 0.06815
2929.46000 2.12358 0.07384 1.75649 0.06071
2938.10000 2.30032 0.06021 1.73653 0.06014
2950.91000 2.18412 0.03691 1.60504 0.06729
2959.72000 2.21864 0.06119 1.77429 0.05152
2969.08000 2.21353 0.03416 1.79333 0.02404
2979.52000 2.23102 0.04340 1.72097 0.04286
2991.69000 2.21322 0.06460 1.74773 0.07478
3004.07000 2.14810 0.03959 1.84131 0.03588
3013.18000 2.33182 0.04522 1.72276 0.03981
3022.80000 2.27065 0.05439 1.74629 0.03768
3034.21000 2.28356 0.06873 1.87829 0.04238
3293.05000 2.13074 0.06780 1.77806 0.02546
3303.86000 2.15936 0.05947 1.69158 0.06087
3316.18000 2.02717 0.03134 1.75602 0.05380
3326.60000 2.03871 0.05050 1.77355 0.03669
3342.26000 2.11383 0.04685 1.71358 0.04146
3353.75000 1.88915 0.05591 1.71982 0.08519
3367.05000 1.89359 0.06684 1.80254 0.05177
3380.41000 1.98545 0.04076 1.63878 0.04206
3389.17000 1.98889 0.07041 1.58222 0.06896
3403.07000 2.00209 0.05396 1.61305 0.04822
