## Time Delay Challenge light curves
##
## [time]=days, [lc]=[err]=flux in nanomaggies
##
##       time       lc_A      err_A       lc_B      err_B
##-------------------------------------------------------
14.74000 0.53672 0.05090 0.76378 0.05521
22.35000 0.50220 0.04564 0.81876 0.04293
34.74000 0.42307 0.06361 0.71503 0.07152
45.92000 0.53825 0.03173 0.65527 0.05143
59.76000 0.50569 0.04432 0.72398 0.03025
72.96000 0.46826 0.04128 0.69644 0.04434
83.51000 0.51013 0.03646 0.70345 0.02951
95.28000 0.55188 0.04934 0.67237 0.03962
111.08000 0.45393 0.05234 0.73320 0.03793
365.81000 0.50561 0.02318 0.71943 0.04212
374.35000 0.55270 0.06088 0.70181 0.07176
386.92000 0.31090 0.08662 0.74897 0.05134
399.50000 0.46799 0.03432 0.73516 0.06180
410.78000 0.40896 0.05959 0.74445 0.05287
423.23000 0.57403 0.06926 0.62172 0.05887
433.23000 0.51669 0.04612 0.68275 0.03754
441.47000 0.53282 0.03380 0.75960 0.03252
453.94000 0.46798 0.06214 0.79179 0.05682
462.67000 0.47941 0.02622 0.69800 0.04589
473.55000 0.51515 0.05911 0.73188 0.04457
733.06000 0.65217 0.03536 0.69708 0.05698
747.37000 0.55337 0.03334 0.67950 0.03934
759.36000 0.37056 0.05756 0.65434 0.06789
770.09000 0.42246 0.04796 0.74287 0.03496
781.34000 0.54482 0.05290 0.71043 0.03741
790.28000 0.53506 0.03304 0.77908 0.02647
802.75000 0.52077 0.03620 0.79304 0.04155
815.47000 0.51379 0.04369 0.78621 0.03663
828.50000 0.46488 0.06006 0.68270 0.04208
838.29000 0.52147 0.03962 0.71666 0.04204
1107.63000 0.50667 0.03691 0.61786 0.08002
1121.16000 0.53422 0.05580 0.72183 0.05975
1132.17000 0.56126 0.02129 0.73763 0.03936
1136.99000 0.53704 0.03570 0.76080 0.04771
1146.81000 0.57958 0.05561 0.72470 0.05480
1158.84000 0.47056 0.04380 0.64959 0.04140
1173.35000 0.48651 0.01137 0.74204 0.06411
1185.80000 0.47006 0.04725 0.64080 0.05846
1199.43000 0.53164 0.08581 0.62872 0.04889
1209.23000 0.53709 0.02277 0.63754 0.06760
1468.20000 0.58639 0.05140 0.66005 0.05244
1479.45000 0.57441 0.05595 0.78341 0.07780
1489.62000 0.59342 0.06139 0.73650 0.03289
1503.58000 0.53595 0.07113 0.68505 0.04400
1515.70000 0.42632 0.07330 0.71892 0.06446
1525.71000 0.52695 0.05467 0.69604 0.04462
1536.76000 0.56791 0.03538 0.80122 0.06339
1551.19000 0.49293 0.04455 0.71548 0.05654
1564.97000 0.55615 0.04044 0.75673 0.07629
1572.43000 0.56206 0.02149 0.60595 0.06202
1827.18000 0.54303 0.05353 0.79371 0.08100
1840.71000 0.51046 0.03152 0.65500 0.05973
1853.22000 0.53562 0.02584 0.68177 0.06862
1865.20000 0.62630 0.05015 0.67328 0.04278
1878.21000 0.47881 0.03738 0.69587 0.04634
1889.87000 0.50179 0.03898 0.65656 0.03860
1902.25000 0.58046 0.05737 0.71101 0.05494
1914.15000 0.46352 0.07260 0.75200 0.04923
1924.12000 0.46623 0.05637 0.71320 0.04006
1936.96000 0.54337 0.03699 0.63782 0.04186
2190.62000 0.49605 0.03510 0.74020 0.05979
2202.10000 0.50943 0.09872 0.59844 0.07010
2216.34000 0.60016 0.06645 0.74480 0.04419
2227.64000 0.60524 0.08970 0.76678 0.02407
2238.80000 0.58570 0.08064 0.75641 0.03786
2251.69000 0.62883 0.04500 0.80039 0.04666
2264.97000 0.60068 0.03468 0.70075 0.07849
2278.82000 0.64172 0.03403 0.78403 0.05400
2292.88000 0.66304 0.04612 0.86058 0.05093
2304.28000 0.66922 0.07065 0.81112 0.06164
2556.15000 0.65774 0.05829 0.81187 0.02819
2566.10000 0.60110 0.05710 0.75085 0.04251
2577.64000 0.46826 0.06742 0.90726 0.05193
2588.99000 0.62264 0.04958 0.59567 0.07848
2602.44000 0.55652 0.04458 0.73527 0.08246
2614.97000 0.52919 0.05257 0.72294 0.05442
2628.82000 0.48217 0.06361 0.68858 0.03802
2640.13000 0.52737 0.02924 0.70709 0.07447
2649.14000 0.59834 0.07596 0.73338 0.05016
2661.05000 0.49198 0.03053 0.67484 0.07837
2670.60000 0.52493 0.04286 0.71870 0.04222
2926.61000 0.42460 0.05655 0.72314 0.07172
2940.65000 0.51836 0.06108 0.58286 0.05756
2952.86000 0.39644 0.05285 0.61063 0.06290
2967.61000 0.47158 0.02513 0.72777 0.05209
2977.13000 0.43929 0.03085 0.63679 0.00945
2990.00000 0.37673 0.05930 0.59157 0.04101
3001.76000 0.45340 0.01950 0.69180 0.08277
3013.27000 0.45150 0.02463 0.62863 0.02714
3023.97000 0.36605 0.08889 0.61847 0.03793
3038.13000 0.50467 0.05596 0.61342 0.04741
3288.45000 0.50323 0.02997 0.71818 0.04134
3300.41000 0.49797 0.04512 0.64971 0.02960
3313.51000 0.53063 0.04674 0.65225 0.05976
3323.47000 0.47487 0.03468 0.54424 0.07026
3336.65000 0.37805 0.06145 0.63835 0.05340
3350.01000 0.47208 0.06228 0.63627 0.02871
3362.72000 0.45835 0.02640 0.68411 0.04951
3373.00000 0.53934 0.07867 0.74087 0.05687
3382.55000 0.56358 0.07912 0.68535 0.04770
3395.93000 0.46207 0.05019 0.61519 0.04784
3404.71000 0.46015 0.03707 0.65398 0.06566
