## Time Delay Challenge light curves
##
## [time]=days, [lc]=[err]=flux in nanomaggies
##
##       time       lc_A      err_A       lc_B      err_B
##-------------------------------------------------------
11.23000 0.41737 0.04456 0.84006 0.08891
22.12000 0.39411 0.04598 1.01967 0.05609
32.96000 0.37014 0.05917 0.98309 0.05177
48.17000 0.47281 0.03729 0.96572 0.03322
63.47000 0.41931 0.04648 1.01016 0.08107
74.41000 0.24870 0.06047 0.91957 0.04014
86.82000 0.42041 0.05402 0.89447 0.04090
101.49000 0.38467 0.05186 1.07583 0.06357
113.98000 0.46883 0.06476 1.08549 0.06383
374.81000 0.49980 0.03836 1.12089 0.04547
385.73000 0.44471 0.07074 1.15188 0.04406
395.12000 0.38704 0.07927 1.14267 0.06734
404.35000 0.30444 0.10363 1.09319 0.05634
417.72000 0.40683 0.03018 1.05655 0.02805
429.14000 0.37552 0.06133 1.09951 0.07391
437.05000 0.39696 0.04469 1.05142 0.07055
446.98000 0.50566 0.02688 1.07481 0.06627
454.23000 0.44415 0.02360 1.14017 0.05155
465.06000 0.45283 0.04271 0.93204 0.10304
480.69000 0.45992 0.04749 1.11732 0.05177
736.99000 0.32939 0.04417 1.04968 0.06704
746.19000 0.43265 0.06587 0.93314 0.03635
756.95000 0.32734 0.03889 1.04055 0.04412
767.42000 0.32845 0.04756 0.99270 0.05219
779.97000 0.46694 0.07022 1.09929 0.06932
789.70000 0.38549 0.06719 1.12958 0.04595
799.25000 0.47929 0.03044 1.05509 0.07422
810.98000 0.44484 0.04921 1.14255 0.05556
823.87000 0.38959 0.05159 1.02377 0.04337
838.10000 0.44239 0.03429 1.08428 0.05099
847.69000 0.40548 0.05527 1.06740 0.04723
1100.25000 0.44313 0.03994 1.39768 0.06899
1110.17000 0.44207 0.06237 1.23726 0.05595
1125.12000 0.60232 0.07571 1.26389 0.04519
1139.78000 0.42919 0.06405 1.30207 0.04238
1150.29000 0.51498 0.04767 1.13819 0.04092
1165.91000 0.53000 0.06519 1.19127 0.05368
1178.80000 0.55385 0.04142 1.21344 0.07007
1190.12000 0.47609 0.07228 1.25786 0.03596
1200.39000 0.57535 0.03954 1.29025 0.07450
1211.53000 0.40834 0.04477 1.26249 0.02341
1467.65000 0.53746 0.02651 1.20142 0.05039
1479.94000 0.45156 0.07975 1.26820 0.07828
1494.00000 0.55776 0.05773 1.28045 0.03992
1509.30000 0.53422 0.06237 1.30558 0.04132
1518.55000 0.53793 0.04614 1.26978 0.03928
1528.83000 0.57093 0.05915 1.33105 0.07702
1540.63000 0.45614 0.06480 1.13984 0.05806
1550.25000 0.47366 0.06448 1.17047 0.04186
1563.49000 0.46681 0.05553 1.14809 0.04567
1576.36000 0.53350 0.06283 1.30118 0.05894
1831.29000 0.47747 0.04333 1.19924 0.04177
1845.05000 0.47521 0.04057 1.13050 0.05585
1855.43000 0.44319 0.06381 1.18514 0.03044
1863.95000 0.51262 0.03028 1.13738 0.05579
1874.07000 0.41964 0.07709 1.05140 0.04860
1885.39000 0.47014 0.04605 1.06460 0.06819
1896.68000 0.41222 0.05262 1.05434 0.03389
1909.60000 0.46466 0.04797 1.08822 0.07702
1924.10000 0.45266 0.05359 1.17718 0.05393
1936.72000 0.46646 0.03930 1.15627 0.07493
2194.92000 0.37596 0.06570 1.19350 0.05537
2207.80000 0.43830 0.04917 1.03362 0.06637
2218.68000 0.54630 0.09665 1.09319 0.04146
2231.87000 0.39983 0.04147 1.08251 0.04771
2246.85000 0.48800 0.05656 1.13646 0.06824
2256.94000 0.48658 0.02998 1.22554 0.08024
2270.63000 0.47707 0.04777 1.23082 0.06301
2283.49000 0.46764 0.02983 1.26056 0.04382
2295.34000 0.55756 0.04218 1.21592 0.02069
2305.81000 0.51130 0.04217 1.23655 0.06212
2562.77000 0.37978 0.06243 1.05452 0.06055
2576.55000 0.44112 0.04885 1.14166 0.06118
2585.46000 0.41109 0.04084 1.18098 0.04423
2597.26000 0.42750 0.04697 1.09481 0.02444
2608.33000 0.37586 0.04230 0.98855 0.05268
2620.44000 0.47207 0.04874 1.12403 0.04146
2632.05000 0.46949 0.04062 1.09434 0.04423
2645.29000 0.49702 0.06529 1.11889 0.02845
2654.16000 0.47565 0.02941 1.08280 0.07083
2666.33000 0.47581 0.04512 1.16621 0.03386
2927.35000 0.42287 0.04652 1.08476 0.04949
2941.29000 0.31872 0.04302 1.08088 0.06209
2953.39000 0.41045 0.04536 1.06520 0.05403
2966.58000 0.27894 0.05926 1.09417 0.07715
2979.63000 0.38730 0.06535 1.11696 0.04011
2992.92000 0.48116 0.06385 1.13618 0.04968
3006.28000 0.46422 0.03171 1.00439 0.07097
3020.50000 0.43861 0.05036 1.09020 0.06369
3031.23000 0.41999 0.06233 1.18063 0.04101
3292.98000 0.41808 0.05808 1.02108 0.04722
3304.48000 0.45257 0.04994 1.16326 0.06909
3319.76000 0.37065 0.05890 1.02428 0.05344
3333.28000 0.36789 0.06461 1.02691 0.03565
3346.55000 0.43970 0.04947 1.12218 0.04036
3359.55000 0.47162 0.04709 1.10553 0.05700
3374.22000 0.48414 0.02650 1.12420 0.04964
3382.94000 0.42752 0.05735 1.25615 0.06579
3393.97000 0.48997 0.04045 1.14256 0.03973
3402.92000 0.43243 0.04274 1.20108 0.06621
