## Time Delay Challenge light curves
##
## [time]=days, [lc]=[err]=flux in nanomaggies
##
##       time       lc_A      err_A       lc_B      err_B
##-------------------------------------------------------
15.90000 3.09343 0.04685 0.55850 0.06002
30.27000 3.12386 0.04407 0.58382 0.05029
39.28000 3.02628 0.04372 0.57492 0.08092
54.03000 3.00469 0.07872 0.56083 0.03295
67.09000 2.98731 0.07936 0.59370 0.03552
82.12000 2.87085 0.04455 0.48515 0.05128
92.31000 2.87047 0.05627 0.47045 0.05854
101.69000 2.84571 0.07437 0.56655 0.04718
115.53000 3.18036 0.05690 0.60098 0.04711
368.25000 3.28382 0.02317 0.54284 0.03218
377.92000 3.25593 0.03432 0.60143 0.05710
390.15000 3.26461 0.04355 0.65219 0.02996
403.27000 3.49162 0.05142 0.63401 0.03871
416.65000 3.58166 0.06332 0.58532 0.07478
429.26000 3.45453 0.04540 0.66378 0.02575
442.29000 3.54618 0.05838 0.65571 0.05573
453.26000 3.28431 0.05997 0.69548 0.04265
464.45000 3.26321 0.05886 0.63260 0.03740
476.98000 3.20812 0.04815 0.62667 0.03817
734.82000 3.44042 0.06784 0.66388 0.04334
747.71000 3.43513 0.05575 0.69079 0.05253
760.76000 3.47513 0.03423 0.76085 0.05946
775.26000 3.38725 0.03860 0.62180 0.04222
787.97000 3.28705 0.03555 0.61146 0.03930
802.60000 3.49172 0.06637 0.65098 0.05971
816.18000 3.62945 0.06657 0.63335 0.04749
826.87000 3.40742 0.03976 0.61071 0.09080
839.74000 3.25746 0.05109 0.56317 0.03059
1097.92000 3.41457 0.08261 0.51153 0.06510
1113.38000 3.12789 0.05046 0.58659 0.05839
1127.85000 3.19843 0.06534 0.65760 0.08120
1141.83000 3.34655 0.04438 0.57995 0.04783
1152.86000 3.31754 0.03206 0.62577 0.08944
1166.17000 3.37506 0.03084 0.62415 0.05944
1180.89000 3.25383 0.06402 0.64344 0.03742
1193.57000 3.05447 0.04838 0.55582 0.05180
1203.64000 3.04114 0.02020 0.59842 0.05237
1470.80000 3.23461 0.03651 0.60966 0.06481
1482.88000 3.20250 0.01497 0.59370 0.02668
1495.41000 3.13951 0.04363 0.56678 0.03372
1510.74000 2.88499 0.08208 0.61923 0.04081
1524.86000 3.05890 0.04080 0.51832 0.03199
1536.72000 3.15980 0.03751 0.61637 0.05223
1546.33000 3.19246 0.06222 0.57254 0.05072
1558.76000 3.22616 0.06334 0.52194 0.06842
1569.03000 3.30879 0.06520 0.52514 0.04007
1835.25000 3.06295 0.06157 0.58855 0.00180
1846.48000 3.09761 0.05814 0.59508 0.05332
1855.36000 3.23773 0.07355 0.69155 0.05812
1866.11000 3.26948 0.02267 0.70287 0.05773
1875.57000 3.34462 0.06676 0.65194 0.05422
1889.92000 3.38750 0.06387 0.60812 0.06459
1902.82000 3.38774 0.03512 0.68037 0.03294
1914.06000 3.28577 0.03193 0.74517 0.04657
1927.35000 3.17505 0.03287 0.57379 0.04460
1937.89000 3.18323 0.04061 0.57720 0.02938
2199.69000 3.58735 0.05138 0.65423 0.03132
2210.55000 3.41946 0.07048 0.67781 0.05695
2225.45000 3.39892 0.06687 0.66863 0.05531
2239.76000 3.17113 0.05853 0.55019 0.05213
2247.27000 3.06124 0.08556 0.60186 0.04925
2258.50000 3.05645 0.05840 0.63614 0.06046
2271.30000 3.31300 0.03058 0.63686 0.03949
2282.37000 3.15201 0.04311 0.63021 0.06774
2294.25000 3.25207 0.04072 0.48163 0.07705
2304.33000 3.32749 0.05738 0.63701 0.04895
2565.91000 3.19302 0.03490 0.55389 0.05828
2579.02000 3.16199 0.03334 0.52118 0.05209
2587.17000 3.07813 0.05090 0.54020 0.08162
2598.55000 3.07234 0.06009 0.48764 0.07901
2609.06000 3.06585 0.07084 0.56747 0.03960
2623.14000 3.16843 0.03371 0.42170 0.06289
2636.36000 3.32766 0.04270 0.62281 0.03025
2648.46000 3.10842 0.02303 0.54458 0.02470
2662.66000 3.15655 0.03838 0.58185 0.02992
2674.24000 3.25190 0.02283 0.54045 0.03281
2921.11000 3.00954 0.04402 0.51152 0.05274
2931.60000 2.97305 0.06550 0.61051 0.05540
2941.68000 3.07439 0.05276 0.58597 0.05528
2952.44000 3.19467 0.04466 0.57859 0.04798
2966.17000 3.20769 0.05469 0.61269 0.03369
2975.54000 3.14639 0.05427 0.53510 0.04986
2986.31000 3.05045 0.06490 0.57356 0.05485
2998.71000 3.08558 0.04445 0.60812 0.05295
3011.57000 3.13766 0.06730 0.59216 0.03198
3022.32000 3.12243 0.01585 0.55418 0.05184
3033.39000 3.25366 0.08532 0.73175 0.04685
3287.50000 3.24886 0.02060 0.72919 0.08263
3301.10000 3.08149 0.06236 0.56646 0.04200
3312.66000 3.25894 0.05435 0.60749 0.03457
3321.37000 3.29105 0.04024 0.61224 0.01127
3333.16000 3.32822 0.07421 0.71627 0.07244
3345.96000 3.56599 0.06109 0.65541 0.05616
3358.93000 3.42373 0.04097 0.62387 0.04905
3372.16000 3.47157 0.03637 0.64257 0.01580
3387.60000 3.36480 0.07660 0.65016 0.04288
3398.07000 3.31524 0.07432 0.64248 0.03927
