## Time Delay Challenge light curves
##
## [time]=days, [lc]=[err]=flux in nanomaggies
##
##       time       lc_A      err_A       lc_B      err_B
##-------------------------------------------------------
12.37000 2.60179 0.07105 0.66615 0.05446
27.89000 2.74444 0.05531 0.62881 0.07047
41.01000 2.71264 0.03516 0.67521 0.02185
51.34000 2.82650 0.07270 0.70012 0.03082
63.11000 2.72352 0.05053 0.62179 0.01626
77.09000 2.75797 0.04343 0.57133 0.09156
85.78000 2.81288 0.05858 0.75630 0.08064
94.18000 2.77059 0.07253 0.86425 0.08827
106.55000 2.76089 0.03974 0.52036 0.06572
116.35000 2.81572 0.03522 0.67125 0.06862
366.82000 2.79291 0.04461 0.73229 0.03407
378.85000 2.87765 0.03550 0.64796 0.08366
391.38000 2.82619 0.02683 0.63364 0.03502
401.96000 2.86110 0.02604 0.71467 0.04237
413.90000 2.96866 0.06408 0.62925 0.04694
426.34000 2.83265 0.01478 0.63131 0.04033
440.96000 2.81152 0.04093 0.62638 0.06675
454.73000 2.86496 0.03615 0.60107 0.04931
469.71000 2.96787 0.08154 0.54118 0.05194
480.12000 2.93742 0.06011 0.73764 0.04966
733.63000 2.79679 0.05490 0.78564 0.07455
745.88000 2.86321 0.06144 0.65728 0.04328
758.94000 2.87252 0.02580 0.63839 0.05020
769.54000 2.73129 0.03468 0.69073 0.05979
779.52000 2.69780 0.04365 0.66213 0.02667
789.18000 2.69523 0.06752 0.58775 0.04526
800.07000 2.70999 0.06155 0.59928 0.06157
812.75000 2.74466 0.05382 0.70900 0.07166
824.28000 2.88745 0.06231 0.63364 0.05558
835.72000 2.78729 0.04007 0.60018 0.04224
846.37000 2.80583 0.05162 0.56563 0.07607
1098.07000 2.75769 0.05799 0.70868 0.04946
1113.04000 2.77689 0.03649 0.57519 0.05350
1122.75000 2.71776 0.06811 0.71258 0.05591
1134.94000 2.94101 0.03978 0.68609 0.05199
1146.05000 2.98250 0.03599 0.60713 0.04434
1159.50000 2.97522 0.06270 0.62919 0.06059
1169.94000 2.90137 0.04969 0.66379 0.03436
1181.79000 2.87901 0.04090 0.68582 0.04498
1195.44000 2.89265 0.01482 0.68117 0.04646
1208.73000 2.82076 0.06698 0.71389 0.03805
1460.96000 2.63351 0.05120 0.75733 0.05435
1470.68000 2.69510 0.03271 0.66645 0.05529
1481.77000 2.74262 0.06410 0.68288 0.05421
1499.45000 2.76883 0.04127 0.62133 0.05050
1511.12000 2.63998 0.08221 0.62915 0.06181
1524.77000 2.68584 0.04431 0.66098 0.08023
1535.25000 2.74099 0.04614 0.48655 0.06910
1546.94000 2.66049 0.07377 0.63871 0.00283
1561.69000 2.77998 0.05000 0.65558 0.07123
1575.50000 2.71630 0.02700 0.66561 0.02308
1836.63000 2.90169 0.05574 0.61056 0.02453
1850.57000 2.76904 0.06898 0.64567 0.05504
1860.79000 2.87611 0.04095 0.64544 0.03139
1874.29000 2.81536 0.05051 0.65995 0.07787
1884.32000 2.82429 0.03135 0.50032 0.06416
1896.64000 2.90908 0.04487 0.66455 0.04001
1907.51000 2.87907 0.04272 0.69515 0.02671
1917.70000 2.88737 0.03568 0.62606 0.05829
1927.44000 2.77371 0.05972 0.61384 0.07259
1937.15000 2.75870 0.07150 0.72051 0.05454
2197.15000 2.82270 0.04433 0.88385 0.08303
2210.76000 2.75867 0.04586 0.70863 0.06154
2220.73000 2.72003 0.05896 0.71380 0.06577
2228.94000 2.64442 0.04968 0.69234 0.04810
2238.32000 2.70363 0.02766 0.74095 0.05905
2249.16000 2.75792 0.05362 0.70815 0.04938
2261.28000 2.90182 0.06331 0.64910 0.02283
2271.78000 2.78769 0.04237 0.69841 0.09255
2289.16000 2.88562 0.04835 0.71863 0.05065
2296.33000 2.90819 0.03476 0.62367 0.05485
2307.70000 2.69396 0.06459 0.66716 0.07429
2557.39000 2.76977 0.04305 0.73592 0.05475
2571.71000 2.76215 0.07027 0.72667 0.05645
2583.26000 2.72970 0.03894 0.66629 0.05987
2595.15000 2.79334 0.06171 0.73203 0.03458
2603.96000 2.82793 0.04569 0.73345 0.07740
2616.38000 2.79438 0.07270 0.64124 0.05876
2633.54000 2.89524 0.03677 0.57001 0.04323
2646.73000 2.92038 0.06929 0.64592 0.06789
2657.95000 2.81020 0.05749 0.68238 0.05871
2668.39000 2.84775 0.04216 0.63916 0.03777
2925.36000 2.82464 0.05965 0.66122 0.05543
2936.58000 2.83596 0.06219 0.75923 0.05301
2948.34000 2.84139 0.03564 0.73394 0.05836
2962.72000 2.79460 0.05146 0.73849 0.05900
2975.68000 2.81877 0.03191 0.55814 0.06443
2987.42000 2.79885 0.05579 0.64274 0.03379
3000.05000 2.75252 0.08111 0.71760 0.05302
3012.81000 2.79530 0.03649 0.64074 0.03825
3024.99000 2.82023 0.05568 0.79003 0.06093
3036.24000 2.78782 0.04029 0.62836 0.03169
3292.22000 2.85182 0.03700 0.66015 0.01795
3302.87000 2.85691 0.05125 0.74556 0.04602
3314.50000 2.92459 0.03787 0.47391 0.09373
3327.69000 2.97010 0.06042 0.73214 0.07141
3343.14000 2.84761 0.06525 0.61765 0.05435
3357.42000 2.89987 0.06532 0.57315 0.09279
3371.77000 2.78800 0.06288 0.66512 0.04989
3380.96000 2.79505 0.05917 0.66812 0.05002
3392.54000 2.82571 0.03693 0.70586 0.06666
3402.60000 2.78772 0.03817 0.67527 0.05792
