## Time Delay Challenge light curves
##
## [time]=days, [lc]=[err]=flux in nanomaggies
##
##       time       lc_A      err_A       lc_B      err_B
##-------------------------------------------------------
12.46000 1.30165 0.06382 1.80743 0.05682
26.51000 1.41954 0.07733 1.82425 0.08065
36.83000 1.34635 0.04481 1.79107 0.06744
47.65000 1.23679 0.07140 1.85315 0.06326
57.74000 1.32730 0.04355 1.89351 0.05884
69.29000 1.28512 0.04070 1.67248 0.07425
80.05000 1.35959 0.04764 1.66716 0.05289
95.73000 1.34904 0.05449 1.52316 0.06296
103.62000 1.40291 0.03096 1.67854 0.02487
117.36000 1.21045 0.05665 1.70247 0.05229
371.10000 1.83078 0.04356 2.04469 0.03334
379.42000 1.85021 0.03225 2.13221 0.03362
394.64000 1.79767 0.02743 2.23669 0.06938
407.41000 1.81215 0.04824 2.21190 0.04183
420.21000 1.95601 0.02977 2.45842 0.06363
433.02000 1.99089 0.04980 2.50934 0.07687
445.46000 1.81251 0.04415 2.34530 0.02902
456.19000 2.06182 0.08433 2.27792 0.05746
468.68000 1.87164 0.02572 2.48426 0.07339
476.81000 1.91822 0.06761 2.33536 0.07406
738.74000 2.18593 0.04193 2.71094 0.04180
750.30000 2.09201 0.04226 2.80365 0.05066
759.05000 2.20750 0.06171 2.79945 0.05130
771.68000 2.21830 0.08880 2.94413 0.02448
781.36000 2.38176 0.05551 2.81961 0.05355
793.99000 2.18457 0.02708 2.89768 0.06683
806.93000 2.25679 0.04506 2.87704 0.02117
820.08000 2.18197 0.03665 2.83684 0.04909
833.10000 2.17294 0.01785 3.08724 0.06826
843.84000 2.21746 0.04896 2.90556 0.02841
1101.31000 1.89335 0.03600 2.20876 0.07374
1110.59000 1.92433 0.08249 2.34120 0.04121
1123.58000 1.70187 0.04470 2.47287 0.03849
1133.29000 1.81868 0.03548 2.52323 0.04079
1144.22000 2.04961 0.07564 2.37689 0.06043
1154.38000 1.95169 0.05167 2.27935 0.06076
1165.96000 1.94671 0.03215 2.18390 0.05141
1178.35000 2.07907 0.02032 2.29409 0.05138
1189.70000 1.95639 0.04902 2.44333 0.05715
1198.24000 1.97876 0.05789 2.49533 0.06186
1211.77000 2.29140 0.06810 2.52036 0.03801
1463.59000 1.62889 0.07158 2.34228 0.04042
1476.36000 1.70843 0.05914 2.08974 0.05675
1491.96000 1.66907 0.04813 2.33311 0.04902
1508.99000 1.70494 0.06817 2.23995 0.04010
1520.50000 1.75035 0.07263 2.20524 0.04138
1532.92000 1.60372 0.04131 2.34303 0.05108
1544.31000 1.70171 0.05024 2.16231 0.06229
1556.62000 1.75784 0.04190 2.11969 0.06967
1568.68000 1.72331 0.04300 2.13309 0.08061
1828.60000 1.89240 0.05932 2.31490 0.04668
1842.34000 1.80472 0.04909 2.35284 0.06166
1852.06000 1.83729 0.04434 2.49780 0.06757
1862.34000 1.82174 0.05965 2.44597 0.04319
1876.20000 1.94015 0.07170 2.37115 0.02718
1887.84000 2.14467 0.07617 2.41514 0.04930
1895.53000 1.81860 0.04473 2.45303 0.06671
1906.95000 1.89493 0.02248 2.40470 0.07836
1917.14000 1.81878 0.05956 2.50155 0.04588
1930.11000 1.78399 0.05809 2.44411 0.07199
1942.03000 1.78891 0.05300 2.50617 0.04082
2195.95000 1.43493 0.08262 1.84378 0.04996
2203.83000 1.40054 0.05199 1.98156 0.04715
2215.04000 1.37854 0.05583 2.11982 0.05494
2230.89000 1.32433 0.06016 1.98731 0.06395
2241.88000 1.37039 0.02639 1.87817 0.07273
2250.76000 1.31824 0.04840 1.89283 0.04924
2265.52000 1.37343 0.03793 1.74416 0.03913
2273.18000 1.35792 0.03301 1.82158 0.02057
2282.65000 1.46947 0.04828 1.72104 0.05450
2296.46000 1.44890 0.05243 1.65357 0.04291
2309.93000 1.47447 0.07326 1.68709 0.06223
2566.81000 1.70294 0.05023 2.15871 0.05117
2578.01000 1.73836 0.06215 2.19618 0.04029
2590.82000 1.60333 0.09170 2.15396 0.05952
2601.32000 1.56473 0.06981 2.23026 0.05953
2612.02000 1.67645 0.06504 2.05073 0.03700
2623.68000 1.74580 0.04201 2.06090 0.03601
2638.50000 1.78911 0.04758 2.12492 0.03573
2651.02000 1.91282 0.04810 2.10725 0.05889
2661.04000 1.87286 0.03469 2.20091 0.05883
2669.88000 1.70356 0.06047 2.23214 0.04725
2929.43000 1.89435 0.06614 2.21427 0.03594
2939.25000 1.93228 0.04589 2.26421 0.06583
2952.44000 1.92519 0.05565 2.28935 0.07139
2964.61000 2.18560 0.04028 2.55817 0.04584
2979.98000 2.08802 0.07685 2.51412 0.06152
2992.59000 1.95656 0.08106 2.38777 0.03462
3005.77000 2.04693 0.02501 2.53792 0.05498
3017.41000 2.02905 0.05411 2.80011 0.06419
3030.87000 1.92390 0.03853 2.52497 0.03779
3291.97000 1.96113 0.07033 2.43734 0.08154
3307.44000 1.92507 0.03366 2.41872 0.06727
3318.63000 2.05819 0.04978 2.40997 0.05183
3326.88000 2.11156 0.05345 2.45021 0.04872
3342.87000 2.16583 0.02901 2.50896 0.07646
3356.10000 2.19638 0.07761 2.53187 0.06816
3368.49000 2.18744 0.04411 2.66292 0.05696
3382.84000 2.13158 0.04554 2.84558 0.06229
3395.06000 2.11776 0.06043 2.87091 0.05116
