## Time Delay Challenge light curves
##
## [time]=days, [lc]=[err]=flux in nanomaggies
##
##       time       lc_A      err_A       lc_B      err_B
##-------------------------------------------------------
11.75000 12.36732 0.06443 27.78392 0.04334
24.18000 12.19282 0.07921 28.36453 0.04039
35.70000 12.55683 0.10247 28.60462 0.06632
49.75000 12.63627 0.03457 26.84344 0.05340
62.04000 12.51637 0.04207 26.84104 0.10223
74.12000 12.61932 0.03720 26.14045 0.07718
85.21000 12.56552 0.07015 26.56818 0.04769
97.22000 13.03706 0.08587 27.08548 0.06062
109.22000 12.91493 0.06164 26.23622 0.07687
370.59000 12.42304 0.03604 29.27363 0.05522
381.22000 12.68085 0.04633 29.39138 0.03974
394.16000 13.01528 0.03772 29.85592 0.05629
405.90000 12.89034 0.05082 29.38270 0.07221
420.86000 13.52762 0.03298 30.58887 0.10345
433.08000 13.09685 0.03013 29.55994 0.05343
448.46000 13.27521 0.02786 28.61606 0.06806
458.18000 13.56006 0.04805 29.40266 0.06768
470.05000 13.53380 0.05963 28.64692 0.02809
481.69000 13.97086 0.08177 29.60210 0.05127
741.29000 13.66548 0.05597 31.33218 0.04223
754.69000 13.62944 0.04351 33.21113 0.06729
769.32000 14.31671 0.06077 32.25412 0.04072
782.11000 14.52764 0.04181 31.38624 0.06508
792.71000 14.34540 0.04330 32.16950 0.03462
806.54000 13.57852 0.06304 33.09669 0.02907
818.03000 13.70243 0.05052 31.89254 0.03581
828.62000 13.51990 0.07494 32.77732 0.08616
840.87000 13.33804 0.05303 32.63975 0.05895
1100.88000 13.82150 0.03226 30.67462 0.03710
1112.43000 13.89257 0.02990 31.08441 0.06697
1123.63000 13.66903 0.07248 31.36717 0.06703
1135.09000 13.50217 0.01952 33.32949 0.04895
1146.35000 13.43112 0.07157 32.85448 0.02718
1159.93000 13.73156 0.05239 32.87383 0.01358
1169.31000 13.41923 0.07522 32.25033 0.06198
1179.54000 13.12625 0.05412 31.20836 0.06528
1187.69000 12.79063 0.10111 30.83942 0.06309
1197.84000 12.20287 0.03169 31.65075 0.07037
1210.09000 12.98643 0.04845 32.58029 0.05161
1462.15000 14.45849 0.05837 30.97316 0.05218
1473.64000 14.36521 0.03343 31.20432 0.09778
1486.85000 14.61635 0.08021 29.74882 0.06282
1498.95000 14.34885 0.05160 30.24243 0.04765
1512.92000 14.23777 0.03030 29.64054 0.04394
1525.98000 14.14797 0.05337 29.98252 0.05496
1538.03000 14.33453 0.03800 30.47863 0.06218
1551.43000 13.26747 0.07763 31.50806 0.04719
1559.53000 13.03371 0.05016 32.83081 0.07386
1568.33000 13.34018 0.04564 32.04187 0.06423
1578.57000 12.74068 0.03736 30.82778 0.04025
1826.40000 13.62195 0.07439 31.54904 0.07986
1840.94000 13.79579 0.07081 31.65865 0.03691
1853.58000 13.83829 0.03281 32.36912 0.05129
1863.47000 14.21168 0.06306 31.25685 0.05410
1875.03000 14.03447 0.02156 30.39884 0.02316
1886.85000 13.52378 0.05119 28.98825 0.05227
1898.59000 13.49604 0.04703 28.91514 0.06574
1913.80000 13.35371 0.04480 31.61011 0.03464
1927.71000 13.79763 0.07570 30.52515 0.03770
1937.23000 13.77852 0.04649 30.79001 0.01818
2190.35000 12.78987 0.03921 35.09434 0.02780
2199.30000 12.47844 0.04300 35.08510 0.03980
2208.88000 13.09014 0.06092 33.74141 0.03835
2219.71000 13.26119 0.04107 33.04745 0.06944
2233.76000 13.63516 0.03831 31.26838 0.02498
2243.48000 13.33854 0.03547 31.12339 0.02511
2255.63000 13.43881 0.06230 30.72863 0.03090
2269.84000 13.68017 0.06564 31.36268 0.06708
2285.17000 14.07176 0.05856 30.12111 0.03223
2293.47000 14.12703 0.01973 29.58864 0.05766
2305.16000 14.04780 0.05379 30.34869 0.04218
2561.28000 14.13977 0.07881 30.90600 0.06877
2571.56000 13.93650 0.07452 30.61601 0.06618
2585.59000 13.95120 0.03269 29.51412 0.07787
2600.98000 14.58244 0.05684 31.35973 0.04597
2610.90000 14.30698 0.04966 31.74581 0.03168
2623.88000 14.02687 0.07006 32.51816 0.04663
2633.32000 13.94760 0.04633 31.76634 0.06899
2644.41000 14.20111 0.06182 31.28334 0.06166
2657.67000 13.27183 0.05237 30.62943 0.05347
2669.82000 13.21386 0.06604 31.74481 0.05049
2926.28000 12.89169 0.03322 30.33038 0.03749
2933.59000 12.38590 0.06155 30.76514 0.06214
2946.98000 12.43128 0.06361 30.75303 0.05619
2959.03000 12.49215 0.04704 30.58345 0.05390
2973.82000 12.02680 0.03275 31.13948 0.03979
2984.30000 12.17679 0.07209 32.24154 0.04587
2997.20000 12.01622 0.04871 31.21409 0.06215
3009.40000 11.55087 0.07470 29.74258 0.06140
3018.63000 11.09321 0.04884 29.83302 0.03456
3026.18000 11.39699 0.05894 29.89209 0.03351
3287.99000 12.54721 0.06688 28.64947 0.03518
3299.73000 12.45466 0.07296 28.20972 0.07250
3308.16000 12.08902 0.04007 28.78324 0.07896
3319.49000 12.21269 0.05053 29.78817 0.05345
3331.68000 12.67334 0.06407 29.81115 0.07924
3342.51000 12.51352 0.06091 30.00898 0.05493
3351.94000 13.04695 0.08567 28.58159 0.05508
3363.58000 13.24894 0.05989 28.65532 0.06345
3373.95000 12.74131 0.03228 27.44294 0.03890
3384.73000 12.09792 0.06897 27.81839 0.07045
3395.88000 12.19565 0.04358 28.68963 0.06312
