## Time Delay Challenge light curves
##
## [time]=days, [lc]=[err]=flux in nanomaggies
##
##       time       lc_A      err_A       lc_B      err_B
##-------------------------------------------------------
0.00000 1.56796 0.03966 4.18980 0.03033
1.00000 1.62164 0.04433 4.17117 0.03423
2.00000 1.56126 0.03924 4.25512 0.06228
3.00000 1.51146 0.04497 4.27320 0.06502
4.00000 1.56296 0.06921 4.25749 0.04731
5.00000 1.61315 0.06490 4.25768 0.04045
6.00000 1.58538 0.02751 4.18211 0.05508
7.00000 1.59667 0.05441 4.29200 0.07801
8.00000 1.60284 0.05353 4.13740 0.05359
9.00000 1.61854 0.02789 4.01975 0.06139
10.00000 1.45337 0.05590 4.29211 0.05748
11.00000 1.58761 0.03576 4.20187 0.04187
12.00000 1.54378 0.08514 4.16933 0.08122
13.00000 1.59552 0.04978 4.09356 0.07368
14.00000 1.56314 0.04148 4.20770 0.02571
15.00000 1.59927 0.06121 4.11984 0.01850
16.00000 1.54579 0.04890 4.06903 0.07544
17.00000 1.57897 0.05013 4.05563 0.05643
18.00000 1.61611 0.04933 4.15901 0.03787
19.00000 1.60843 0.05574 4.09467 0.06917
20.00000 1.53948 0.03759 4.13057 0.06809
21.00000 1.64867 0.05127 4.07840 0.05773
22.00000 1.58472 0.01358 4.07038 0.06325
23.00000 1.60252 0.07681 4.04794 0.03588
24.00000 1.58048 0.07164 4.06865 0.03546
25.00000 1.52002 0.07639 4.08469 0.05541
26.00000 1.70862 0.04547 4.14868 0.05802
27.00000 1.66914 0.05381 3.97660 0.05107
28.00000 1.60052 0.04830 4.15873 0.05941
29.00000 1.63574 0.04067 4.00816 0.06952
30.00000 1.56264 0.05415 4.08151 0.06532
31.00000 1.64451 0.04296 4.05276 0.03400
32.00000 1.60938 0.04533 4.11366 0.04595
33.00000 1.49841 0.07209 4.17947 0.03549
34.00000 1.51930 0.04992 4.08038 0.06796
35.00000 1.59799 0.05976 4.14325 0.04236
36.00000 1.59235 0.03127 4.13826 0.04020
37.00000 1.47679 0.04628 4.12816 0.04365
38.00000 1.63751 0.03967 4.10992 0.04777
39.00000 1.50716 0.05007 4.12941 0.04277
40.00000 1.54509 0.04700 4.11100 0.05681
41.00000 1.58081 0.06622 4.09682 0.04235
42.00000 1.57623 0.05592 4.09652 0.03689
43.00000 1.58760 0.06206 3.93871 0.04952
44.00000 1.61462 0.05186 4.17127 0.02913
45.00000 1.55783 0.04158 4.22193 0.07905
46.00000 1.57474 0.06997 4.11161 0.06415
47.00000 1.56258 0.07203 4.10385 0.02742
48.00000 1.54073 0.05487 4.19020 0.07103
49.00000 1.49566 0.06167 4.10860 0.05994
50.00000 1.56309 0.01856 4.11572 0.04438
51.00000 1.38557 0.06031 4.08104 0.07735
52.00000 1.47480 0.03702 4.12185 0.06756
53.00000 1.53425 0.03751 4.05265 0.06697
54.00000 1.51951 0.05795 4.08874 0.07119
55.00000 1.51003 0.06427 4.15168 0.02911
56.00000 1.61863 0.03958 4.12926 0.06785
57.00000 1.54678 0.04615 4.14273 0.04508
58.00000 1.50966 0.05459 4.16552 0.04792
59.00000 1.59535 0.04885 4.15121 0.02938
60.00000 1.45259 0.03814 4.13294 0.07636
61.00000 1.45965 0.05801 4.18743 0.05175
62.00000 1.42575 0.05216 4.20370 0.05304
63.00000 1.41566 0.06428 4.19140 0.05394
64.00000 1.58984 0.05394 4.38142 0.07050
65.00000 1.56358 0.06514 4.26788 0.06361
66.00000 1.47032 0.04948 4.14363 0.06395
67.00000 1.47595 0.05374 4.21740 0.03106
68.00000 1.57338 0.07665 4.21484 0.04171
69.00000 1.47088 0.06173 4.26427 0.02396
70.00000 1.55143 0.07807 4.23801 0.07428
71.00000 1.50871 0.03030 4.23472 0.03110
72.00000 1.50932 0.03254 4.16139 0.05279
73.00000 1.51956 0.04110 4.22572 0.05903
74.00000 1.50095 0.05059 4.13358 0.04170
75.00000 1.44119 0.03116 4.10601 0.06606
76.00000 1.45431 0.04393 4.18933 0.03195
77.00000 1.38792 0.03709 4.12550 0.05182
78.00000 1.45715 0.04965 4.13755 0.08127
79.00000 1.49897 0.02810 4.26695 0.05680
80.00000 1.55443 0.05309 4.11681 0.05210
81.00000 1.37783 0.05951 4.08801 0.05188
82.00000 1.45183 0.04612 4.23325 0.03821
83.00000 1.43099 0.07389 4.25609 0.03089
84.00000 1.39688 0.06089 4.17994 0.02200
85.00000 1.48709 0.03645 4.12971 0.05868
86.00000 1.44325 0.04164 4.25644 0.04317
87.00000 1.46458 0.03028 4.17367 0.03908
88.00000 1.42487 0.06838 4.17269 0.05328
89.00000 1.40583 0.05899 4.20069 0.05185
90.00000 1.42544 0.04968 4.19687 0.02491
91.00000 1.42727 0.02721 4.23716 0.04439
92.00000 1.40450 0.07345 4.19215 0.05778
93.00000 1.49888 0.04854 4.28362 0.05757
94.00000 1.47805 0.06404 4.30780 0.03347
95.00000 1.52695 0.04493 4.13016 0.05045
96.00000 1.40441 0.06310 4.31142 0.06506
97.00000 1.55949 0.04733 4.47308 0.10888
98.00000 1.52291 0.04470 4.28177 0.04661
99.00000 1.51015 0.06513 4.21348 0.05927
100.00000 1.43610 0.06795 4.24189 0.05471
101.00000 1.46518 0.02386 4.36209 0.05925
102.00000 1.42384 0.05008 4.26030 0.04693
103.00000 1.44851 0.05697 4.35930 0.04395
104.00000 1.50420 0.05388 4.31350 0.04660
105.00000 1.50138 0.02478 4.33261 0.03910
106.00000 1.52764 0.04253 4.23957 0.05713
107.00000 1.55304 0.04248 4.31311 0.02693
108.00000 1.49825 0.05546 4.25322 0.05549
109.00000 1.49977 0.06650 4.22986 0.05157
110.00000 1.46842 0.02938 4.25816 0.03176
111.00000 1.48549 0.06745 4.24374 0.04324
112.00000 1.39346 0.04652 4.29617 0.05552
113.00000 1.47122 0.08070 4.28342 0.05419
114.00000 1.52095 0.03863 4.26423 0.07274
115.00000 1.54258 0.06417 4.23462 0.04923
116.00000 1.49365 0.05556 4.30285 0.05544
117.00000 1.49177 0.03212 4.26458 0.04785
118.00000 1.43891 0.04529 4.34289 0.05373
119.00000 1.46829 0.06121 4.34487 0.05398
365.00000 1.44788 0.04855 3.49149 0.07245
366.00000 1.38553 0.04673 3.64250 0.05502
367.00000 1.34325 0.05083 3.54104 0.06091
368.00000 1.27946 0.05486 3.52076 0.06597
369.00000 1.31384 0.06176 3.57037 0.06245
370.00000 1.32442 0.03549 3.61415 0.08600
371.00000 1.26977 0.06229 3.60350 0.07427
372.00000 1.43910 0.06819 3.46878 0.06293
373.00000 1.40753 0.06768 3.60731 0.07439
374.00000 1.31949 0.04106 3.65122 0.06474
375.00000 1.41261 0.04303 3.57065 0.05087
376.00000 1.37102 0.04448 3.54235 0.05115
377.00000 1.31709 0.05386 3.60835 0.04858
378.00000 1.45039 0.05688 3.61540 0.05754
379.00000 1.29440 0.07066 3.62220 0.03627
380.00000 1.30053 0.07065 3.57936 0.08349
381.00000 1.34625 0.02682 3.61346 0.06081
382.00000 1.44754 0.06476 3.59925 0.04151
383.00000 1.41880 0.05632 3.64360 0.07142
384.00000 1.37231 0.05191 3.61634 0.06173
385.00000 1.36147 0.06660 3.70294 0.08667
386.00000 1.37468 0.04145 3.46613 0.06775
387.00000 1.51054 0.06763 3.65350 0.05316
388.00000 1.34427 0.03635 3.65148 0.05299
389.00000 1.45367 0.06975 3.62949 0.05481
390.00000 1.36744 0.00778 3.55113 0.07351
391.00000 1.33970 0.07035 3.63571 0.06143
392.00000 1.38269 0.05653 3.55425 0.05207
393.00000 1.29991 0.07907 3.60485 0.07113
394.00000 1.50792 0.07796 3.58496 0.06763
395.00000 1.36995 0.01347 3.58200 0.06510
396.00000 1.29614 0.06214 3.49409 0.06504
397.00000 1.42979 0.04675 3.50928 0.05358
398.00000 1.33125 0.01919 3.55850 0.06726
399.00000 1.35706 0.04681 3.58467 0.04973
400.00000 1.39828 0.02693 3.46833 0.06174
401.00000 1.41385 0.03858 3.51253 0.06217
402.00000 1.43232 0.04669 3.66741 0.06858
403.00000 1.36807 0.04704 3.56892 0.06535
404.00000 1.40047 0.04843 3.61221 0.03832
405.00000 1.33575 0.05059 3.59739 0.06021
406.00000 1.39660 0.06373 3.53039 0.04121
407.00000 1.43686 0.03992 3.56136 0.05583
408.00000 1.37657 0.05479 3.57234 0.05545
409.00000 1.38804 0.07459 3.66683 0.04927
410.00000 1.40437 0.04304 3.54560 0.07660
411.00000 1.41750 0.05587 3.68504 0.05301
412.00000 1.28501 0.03436 3.58724 0.02149
413.00000 1.43414 0.05596 3.50917 0.05167
414.00000 1.33030 0.05203 3.56605 0.04438
415.00000 1.30967 0.05729 3.55274 0.06782
416.00000 1.28686 0.05318 3.61440 0.04306
417.00000 1.20157 0.07052 3.61546 0.08011
418.00000 1.36384 0.05217 3.62516 0.03278
419.00000 1.32724 0.04626 3.57555 0.04049
420.00000 1.30108 0.02879 3.53477 0.04546
421.00000 1.29925 0.04172 3.61368 0.06444
422.00000 1.31689 0.06472 3.57048 0.04546
423.00000 1.19350 0.05798 3.54829 0.05844
424.00000 1.30721 0.05586 3.55826 0.03284
425.00000 1.34998 0.02157 3.52796 0.05189
426.00000 1.31886 0.02972 3.53008 0.06148
427.00000 1.37344 0.04630 3.50632 0.03639
428.00000 1.35499 0.04771 3.28542 0.07269
429.00000 1.34227 0.04232 3.57982 0.05735
430.00000 1.37767 0.04936 3.46462 0.03882
431.00000 1.24751 0.06772 3.54374 0.02496
432.00000 1.36403 0.05267 3.45251 0.05324
433.00000 1.39249 0.03742 3.51199 0.06189
434.00000 1.38399 0.06437 3.50800 0.04727
435.00000 1.39607 0.06539 3.59406 0.05944
436.00000 1.29169 0.08034 3.49125 0.04614
437.00000 1.33463 0.04974 3.56130 0.06569
438.00000 1.29586 0.04514 3.62143 0.07046
439.00000 1.39756 0.05097 3.60839 0.04354
440.00000 1.39176 0.04998 3.68766 0.07276
441.00000 1.38095 0.06225 3.72236 0.06634
442.00000 1.33165 0.03656 3.41135 0.07512
443.00000 1.40327 0.04578 3.61913 0.03895
444.00000 1.36280 0.04950 3.60568 0.06363
445.00000 1.48979 0.06821 3.58671 0.08443
446.00000 1.41017 0.05491 3.60739 0.06169
447.00000 1.41371 0.05895 3.65228 0.05796
448.00000 1.38416 0.07327 3.71724 0.07196
449.00000 1.35748 0.07576 3.54605 0.04853
450.00000 1.38439 0.06717 3.49912 0.06115
451.00000 1.37273 0.05904 3.62167 0.05369
452.00000 1.40598 0.01380 3.70157 0.03421
453.00000 1.40899 0.03238 3.61455 0.06932
454.00000 1.38768 0.06798 3.68029 0.06164
455.00000 1.31790 0.05646 3.67916 0.04702
456.00000 1.47418 0.09995 3.67935 0.03596
457.00000 1.42275 0.04283 3.73429 0.06611
458.00000 1.46100 0.04834 3.76386 0.06677
459.00000 1.35885 0.04955 3.78915 0.07036
460.00000 1.50175 0.06550 3.70247 0.06135
461.00000 1.42281 0.05512 3.64950 0.04069
462.00000 1.41175 0.04219 3.73084 0.07821
463.00000 1.38500 0.03736 3.75628 0.09235
464.00000 1.35643 0.04118 3.65516 0.05106
465.00000 1.38709 0.03682 3.68178 0.05340
466.00000 1.40328 0.05526 3.73920 0.05083
467.00000 1.56264 0.04869 3.64087 0.06910
468.00000 1.44281 0.07113 3.64265 0.04365
469.00000 1.35893 0.07516 3.62265 0.07345
470.00000 1.48966 0.03904 3.70050 0.07258
471.00000 1.49873 0.03250 3.46458 0.06238
472.00000 1.43501 0.05240 3.58903 0.04827
473.00000 1.45523 0.03659 3.56880 0.03034
474.00000 1.43127 0.04277 3.64644 0.04444
475.00000 1.50685 0.03544 3.70015 0.04323
476.00000 1.55820 0.07351 3.65553 0.06077
477.00000 1.41238 0.04751 3.78980 0.07602
478.00000 1.50508 0.04276 3.68061 0.06370
479.00000 1.44557 0.02831 3.64480 0.06040
480.00000 1.49684 0.04210 3.91835 0.08029
481.00000 1.53393 0.06578 3.69681 0.05147
482.00000 1.39777 0.05899 3.66797 0.04166
483.00000 1.47739 0.06775 3.75525 0.05371
484.00000 1.42747 0.04352 3.78794 0.09089
730.00000 1.40243 0.04655 4.09484 0.04014
731.00000 1.57905 0.05346 4.11577 0.03651
732.00000 1.48392 0.07167 4.16041 0.03654
733.00000 1.50995 0.03205 4.12106 0.06365
734.00000 1.51462 0.03485 4.22912 0.06036
735.00000 1.52298 0.03316 4.20562 0.06682
736.00000 1.56228 0.04434 4.18164 0.02607
737.00000 1.49062 0.02789 4.27582 0.10249
738.00000 1.50670 0.07238 4.18586 0.05081
739.00000 1.49984 0.01951 4.29417 0.03393
740.00000 1.46362 0.05125 4.24209 0.04991
741.00000 1.58845 0.05111 4.24052 0.03172
742.00000 1.54465 0.09045 4.28145 0.04024
743.00000 1.39806 0.06824 4.24885 0.02869
744.00000 1.53149 0.04086 4.30801 0.04207
745.00000 1.55595 0.06383 4.26444 0.05210
746.00000 1.55451 0.05038 4.23654 0.01117
747.00000 1.63241 0.04443 4.19200 0.05756
748.00000 1.56625 0.04904 4.27888 0.04969
749.00000 1.53860 0.07127 4.28435 0.05476
750.00000 1.57318 0.03855 4.28677 0.05276
751.00000 1.46338 0.07440 4.30334 0.03836
752.00000 1.50322 0.05052 4.30071 0.05360
753.00000 1.58875 0.03337 4.31591 0.07313
754.00000 1.60940 0.04876 4.18470 0.06181
755.00000 1.52896 0.05306 4.27138 0.03051
756.00000 1.53068 0.07207 4.17587 0.03637
757.00000 1.59323 0.06376 4.20396 0.06732
758.00000 1.59924 0.06536 4.21584 0.04685
759.00000 1.63303 0.05217 4.25938 0.02667
760.00000 1.58952 0.05159 4.20661 0.05961
761.00000 1.51620 0.09390 4.27775 0.04352
762.00000 1.55211 0.05333 4.27165 0.03495
763.00000 1.61290 0.05046 4.09115 0.07168
764.00000 1.59570 0.03793 4.25136 0.05920
765.00000 1.54905 0.03825 4.24921 0.05088
766.00000 1.44680 0.07665 4.36252 0.07473
767.00000 1.59969 0.04570 4.20773 0.06128
768.00000 1.54547 0.03691 4.25131 0.04989
769.00000 1.64743 0.03820 4.21445 0.07580
770.00000 1.61925 0.07179 4.27760 0.07074
771.00000 1.62451 0.02856 4.17574 0.04506
772.00000 1.51558 0.06191 4.18376 0.05317
773.00000 1.61605 0.04052 3.92843 0.07518
774.00000 1.63096 0.03754 4.16479 0.03998
775.00000 1.62633 0.04491 4.15824 0.05877
776.00000 1.53658 0.08339 4.17467 0.04031
777.00000 1.63684 0.05714 4.16490 0.07225
778.00000 1.59814 0.02918 4.10201 0.07310
779.00000 1.53555 0.07231 4.12196 0.05577
780.00000 1.59149 0.06593 4.06934 0.06293
781.00000 1.53611 0.06212 4.11598 0.07066
782.00000 1.54851 0.03649 4.02932 0.04881
783.00000 1.66738 0.07878 4.09192 0.05341
784.00000 1.62921 0.04019 4.05253 0.08061
785.00000 1.60068 0.05431 4.08952 0.04376
786.00000 1.65395 0.07619 4.09032 0.05514
787.00000 1.45949 0.06430 4.10273 0.03993
788.00000 1.52459 0.06456 4.04474 0.05914
789.00000 1.63065 0.02955 4.12407 0.05875
790.00000 1.53123 0.08448 4.13828 0.05191
791.00000 1.54758 0.05273 3.97024 0.06265
792.00000 1.54228 0.04452 4.00323 0.04875
793.00000 1.60480 0.09719 4.03991 0.05415
794.00000 1.56670 0.03130 4.08579 0.05671
795.00000 1.55912 0.04883 4.07899 0.04293
796.00000 1.67462 0.06989 4.07515 0.04465
797.00000 1.53709 0.06302 4.15858 0.06350
798.00000 1.45729 0.05285 4.04881 0.03753
799.00000 1.57751 0.06296 4.02678 0.05468
800.00000 1.56771 0.06401 4.08970 0.02570
801.00000 1.39960 0.07359 4.10154 0.07801
802.00000 1.47685 0.06152 4.00021 0.07079
803.00000 1.48741 0.03688 4.04175 0.08364
804.00000 1.62639 0.08548 4.15635 0.05146
805.00000 1.50617 0.01360 4.03100 0.06580
806.00000 1.53903 0.05907 4.05462 0.05152
807.00000 1.62211 0.06072 4.07807 0.01847
808.00000 1.51747 0.04397 4.06573 0.05330
809.00000 1.51538 0.02118 4.08236 0.06662
810.00000 1.60351 0.06486 4.14076 0.03707
811.00000 1.41869 0.06895 4.06420 0.04643
812.00000 1.55094 0.03638 4.01683 0.05581
813.00000 1.53916 0.02865 4.09575 0.06365
814.00000 1.44228 0.03037 4.19604 0.05053
815.00000 1.54060 0.05376 4.15084 0.03905
816.00000 1.48294 0.02931 4.14556 0.07644
817.00000 1.52884 0.04776 4.12842 0.03364
818.00000 1.52861 0.04479 4.15496 0.04415
819.00000 1.54429 0.04482 4.08887 0.03638
820.00000 1.42092 0.06793 4.13715 0.03194
821.00000 1.49069 0.05763 4.09724 0.07449
822.00000 1.60612 0.04249 4.12163 0.06823
823.00000 1.51412 0.02142 4.12806 0.05316
824.00000 1.50409 0.02522 3.97606 0.06124
825.00000 1.51175 0.04187 4.02795 0.06445
826.00000 1.44974 0.03349 4.11269 0.06458
827.00000 1.65205 0.09087 4.06646 0.06139
828.00000 1.39330 0.07196 4.15901 0.04004
829.00000 1.56210 0.04322 4.24087 0.04892
830.00000 1.52580 0.06583 4.15711 0.03983
831.00000 1.42917 0.04198 4.04963 0.05219
832.00000 1.50135 0.05177 4.14960 0.05839
833.00000 1.59795 0.05685 4.06177 0.03583
834.00000 1.51046 0.05561 4.10127 0.04953
835.00000 1.67427 0.05093 4.15970 0.03422
836.00000 1.45894 0.04407 4.07624 0.03078
837.00000 1.49431 0.06008 4.15795 0.05209
838.00000 1.55715 0.06995 4.04609 0.07223
839.00000 1.49937 0.04100 3.93946 0.05896
840.00000 1.40885 0.07730 4.06928 0.04823
841.00000 1.40536 0.07324 4.09244 0.05549
842.00000 1.44741 0.06353 4.21518 0.05546
843.00000 1.52999 0.07705 4.00092 0.06655
844.00000 1.47760 0.03301 4.12359 0.04115
845.00000 1.37005 0.05538 4.05423 0.05544
846.00000 1.45081 0.05318 4.12396 0.07352
847.00000 1.47014 0.02178 4.13223 0.05187
848.00000 1.48242 0.02012 4.08017 0.07571
849.00000 1.33340 0.06858 4.16385 0.04004
1095.00000 1.47915 0.06231 4.14889 0.05716
1096.00000 1.53221 0.03299 4.11370 0.04350
1097.00000 1.51961 0.06793 4.05221 0.03654
1098.00000 1.56349 0.05598 3.95152 0.04884
1099.00000 1.61185 0.06483 3.99780 0.06041
1100.00000 1.53178 0.08560 4.00147 0.03918
1101.00000 1.52882 0.05450 4.09991 0.03746
1102.00000 1.57889 0.05154 4.10098 0.06392
1103.00000 1.52282 0.04681 3.99343 0.08395
1104.00000 1.50032 0.04637 4.05442 0.05708
1105.00000 1.55884 0.04906 4.09781 0.06584
1106.00000 1.56578 0.04845 4.01006 0.02933
1107.00000 1.53341 0.06435 4.06185 0.05065
1108.00000 1.50698 0.04889 3.97325 0.04605
1109.00000 1.54618 0.02638 4.02580 0.06402
1110.00000 1.56021 0.02047 4.01494 0.04077
1111.00000 1.57211 0.05937 4.06094 0.05393
1112.00000 1.59003 0.06850 4.17836 0.06232
1113.00000 1.42231 0.05438 4.01159 0.04974
1114.00000 1.53784 0.03300 4.16320 0.04598
1115.00000 1.52871 0.04788 4.02488 0.04977
1116.00000 1.58221 0.01817 4.11004 0.07651
1117.00000 1.62069 0.07736 4.01473 0.01478
1118.00000 1.53753 0.04603 4.13645 0.04968
1119.00000 1.48901 0.02818 3.97242 0.05342
1120.00000 1.60378 0.05517 4.05068 0.04806
1121.00000 1.60870 0.05606 4.00763 0.05324
1122.00000 1.66023 0.03772 4.08608 0.06100
1123.00000 1.53072 0.03560 4.13038 0.05890
1124.00000 1.64086 0.04542 4.09512 0.03688
1125.00000 1.64752 0.05054 4.03786 0.07147
1126.00000 1.60784 0.03396 4.07986 0.06445
1127.00000 1.62304 0.02922 4.18521 0.05419
1128.00000 1.59686 0.02309 4.14479 0.04996
1129.00000 1.59508 0.04874 4.14254 0.04710
1130.00000 1.56986 0.04602 4.18209 0.06281
1131.00000 1.52733 0.06745 4.21141 0.03131
1132.00000 1.60389 0.05611 4.26125 0.06339
1133.00000 1.67973 0.06769 4.13008 0.03513
1134.00000 1.55356 0.06139 4.00904 0.05792
1135.00000 1.59647 0.03268 4.12085 0.04287
1136.00000 1.55678 0.02169 4.13424 0.04647
1137.00000 1.53519 0.05513 4.12147 0.07123
1138.00000 1.53065 0.06487 4.09511 0.03628
1139.00000 1.60125 0.06846 4.03905 0.03710
1140.00000 1.52982 0.05542 4.07845 0.03992
1141.00000 1.51332 0.06178 4.10357 0.06104
1142.00000 1.50479 0.03245 4.08876 0.09878
1143.00000 1.56918 0.06700 4.02262 0.02665
1144.00000 1.60030 0.04432 3.92491 0.07293
1145.00000 1.54390 0.07861 4.00756 0.03872
1146.00000 1.56896 0.08360 4.24388 0.08607
1147.00000 1.55828 0.03137 4.14964 0.05121
1148.00000 1.63274 0.06120 4.04609 0.03093
1149.00000 1.55491 0.03031 4.12986 0.08165
1150.00000 1.51013 0.05386 4.06369 0.05051
1151.00000 1.42803 0.04339 4.02329 0.04391
1152.00000 1.50194 0.07043 4.13761 0.07068
1153.00000 1.49985 0.06821 4.14055 0.03865
1154.00000 1.43366 0.06193 4.08763 0.04206
1155.00000 1.55515 0.04383 4.00684 0.07597
1156.00000 1.50689 0.04526 4.13317 0.05179
1157.00000 1.53869 0.04909 4.09050 0.02751
1158.00000 1.52676 0.06960 4.20427 0.06314
1159.00000 1.53973 0.04653 4.08209 0.03688
1160.00000 1.55610 0.05700 4.12367 0.05400
1161.00000 1.55172 0.05378 4.06846 0.05850
1162.00000 1.68032 0.06869 4.10110 0.07252
1163.00000 1.54153 0.04857 4.04470 0.03953
1164.00000 1.61340 0.05763 4.07334 0.03432
1165.00000 1.57427 0.04390 4.12397 0.06891
1166.00000 1.60544 0.04044 4.05418 0.04341
1167.00000 1.49084 0.04029 4.13587 0.04707
1168.00000 1.43994 0.04661 4.09068 0.04718
1169.00000 1.58023 0.05590 4.08511 0.06514
1170.00000 1.52817 0.02023 3.99358 0.07044
1171.00000 1.56494 0.02858 4.03218 0.03927
1172.00000 1.48876 0.07189 3.98574 0.06269
1173.00000 1.56119 0.03869 4.09552 0.05898
1174.00000 1.42364 0.06913 4.10101 0.06289
1175.00000 1.59689 0.07379 4.07273 0.06737
1176.00000 1.45913 0.04967 4.16083 0.04625
1177.00000 1.51341 0.07631 4.09846 0.03959
1178.00000 1.46998 0.03020 4.15502 0.04283
1179.00000 1.39104 0.04543 4.13089 0.01724
1180.00000 1.55240 0.06512 4.06805 0.05100
1181.00000 1.52750 0.04120 4.12953 0.04985
1182.00000 1.47167 0.02575 4.16322 0.02687
1183.00000 1.35592 0.04570 4.23994 0.07198
1184.00000 1.44081 0.05464 4.22861 0.03796
1185.00000 1.50888 0.05205 4.33185 0.05262
1186.00000 1.37889 0.05990 4.09416 0.05463
1187.00000 1.35096 0.07848 4.17218 0.07908
1188.00000 1.50877 0.07204 4.13850 0.04489
1189.00000 1.43889 0.05749 4.14608 0.01243
1190.00000 1.56517 0.04957 4.16944 0.06653
1191.00000 1.44722 0.04642 4.06066 0.06638
1192.00000 1.38069 0.05523 4.13477 0.04022
1193.00000 1.34011 0.06253 4.26683 0.07985
1194.00000 1.38573 0.04930 4.26779 0.04952
1195.00000 1.39310 0.06987 4.17708 0.04631
1196.00000 1.42293 0.02672 4.25001 0.04968
1197.00000 1.34646 0.04729 4.18671 0.08030
1198.00000 1.36986 0.03581 4.21409 0.07746
1199.00000 1.35738 0.04459 4.24231 0.08469
1200.00000 1.36935 0.06027 4.22808 0.06388
1201.00000 1.44717 0.07068 4.21923 0.04688
1202.00000 1.44111 0.04926 4.21538 0.03314
1203.00000 1.48859 0.04262 4.34557 0.06555
1204.00000 1.32220 0.05122 4.24473 0.04020
1205.00000 1.20247 0.10992 4.27109 0.03813
1206.00000 1.39796 0.02929 4.26395 0.05653
1207.00000 1.44132 0.06583 4.27008 0.03064
1208.00000 1.32023 0.06006 4.20785 0.04762
1209.00000 1.43409 0.06645 4.31638 0.07398
1210.00000 1.33440 0.05668 4.16672 0.07135
1211.00000 1.39921 0.04970 4.18585 0.05096
1212.00000 1.32654 0.05642 4.14387 0.03375
1213.00000 1.33485 0.06473 4.25468 0.04623
1214.00000 1.40748 0.06068 4.17424 0.05603
1460.00000 1.21015 0.06293 3.70684 0.06630
1461.00000 1.24570 0.06159 3.76737 0.06271
1462.00000 1.26120 0.03893 3.62353 0.09145
1463.00000 1.27138 0.04585 3.67761 0.05696
1464.00000 1.29892 0.07153 3.72794 0.05686
1465.00000 1.25975 0.03038 3.60025 0.05909
1466.00000 1.41068 0.03982 3.71209 0.03569
1467.00000 1.33252 0.04352 3.71787 0.04972
1468.00000 1.32255 0.05462 3.77363 0.06307
1469.00000 1.28446 0.04516 3.62263 0.06121
1470.00000 1.33225 0.05025 3.72329 0.05966
1471.00000 1.23818 0.07053 3.77221 0.05280
1472.00000 1.38999 0.06766 3.68479 0.06936
1473.00000 1.30703 0.05279 3.75027 0.06807
1474.00000 1.33212 0.07281 3.73152 0.10288
1475.00000 1.31564 0.06767 3.64535 0.08214
1476.00000 1.22602 0.05214 3.73555 0.04649
1477.00000 1.38675 0.07526 3.69349 0.05408
1478.00000 1.25214 0.04337 3.70197 0.05659
1479.00000 1.28536 0.04379 3.70988 0.04631
1480.00000 1.35578 0.04285 3.70467 0.05736
1481.00000 1.10318 0.09310 3.74971 0.04029
1482.00000 1.23913 0.06451 3.76399 0.06293
1483.00000 1.31674 0.04987 3.68217 0.07118
1484.00000 1.25412 0.05543 3.77311 0.08819
1485.00000 1.37476 0.05357 3.76126 0.02017
1486.00000 1.40331 0.08366 3.61903 0.05194
1487.00000 1.38709 0.04894 3.72595 0.03907
1488.00000 1.34286 0.03898 3.78545 0.01538
1489.00000 1.36224 0.03623 3.84273 0.06095
1490.00000 1.34635 0.03564 3.83256 0.03994
1491.00000 1.27727 0.06010 3.87346 0.09630
1492.00000 1.29492 0.04117 3.75984 0.07060
1493.00000 1.24648 0.06808 3.69496 0.07787
1494.00000 1.32762 0.03173 3.67636 0.07809
1495.00000 1.41842 0.06877 3.78216 0.05431
1496.00000 1.28058 0.02947 3.58944 0.05792
1497.00000 1.36037 0.07167 3.67166 0.06092
1498.00000 1.30173 0.07206 3.68333 0.06624
1499.00000 1.24465 0.05960 3.77014 0.03458
1500.00000 1.27528 0.05829 3.75167 0.06594
1501.00000 1.32130 0.06382 3.68379 0.07911
1502.00000 1.26736 0.06912 3.70919 0.04465
1503.00000 1.30756 0.02206 3.68931 0.04051
1504.00000 1.31817 0.05791 3.70113 0.03698
1505.00000 1.24941 0.04450 3.63292 0.04402
1506.00000 1.30460 0.04038 3.68532 0.03376
1507.00000 1.24218 0.08022 3.62600 0.03664
1508.00000 1.24881 0.08497 3.68068 0.03597
1509.00000 1.34218 0.03567 3.58033 0.06521
1510.00000 1.24695 0.06476 3.62490 0.05954
1511.00000 1.33376 0.07564 3.63692 0.03731
1512.00000 1.34195 0.02543 3.68242 0.05910
1513.00000 1.35916 0.05822 3.70010 0.03566
1514.00000 1.29380 0.05908 3.76533 0.04413
1515.00000 1.29777 0.05933 3.70639 0.05809
1516.00000 1.34831 0.08295 3.65756 0.05600
1517.00000 1.42236 0.05945 3.63431 0.05813
1518.00000 1.28422 0.04101 3.65801 0.07487
1519.00000 1.31699 0.04732 3.73064 0.06796
1520.00000 1.35401 0.02706 3.73924 0.06237
1521.00000 1.30346 0.07167 3.75038 0.05625
1522.00000 1.29641 0.07832 3.67459 0.05676
1523.00000 1.26365 0.03541 3.69270 0.05102
1524.00000 1.39084 0.04844 3.63142 0.06372
1525.00000 1.23436 0.03578 3.57335 0.04491
1526.00000 1.28997 0.07644 3.64472 0.06153
1527.00000 1.24724 0.08427 3.64020 0.00582
1528.00000 1.31920 0.06693 3.70796 0.04350
1529.00000 1.27380 0.03631 3.68977 0.04344
1530.00000 1.26575 0.05471 3.60392 0.07797
1531.00000 1.29797 0.05521 3.68861 0.06635
1532.00000 1.30008 0.06484 3.69413 0.05453
1533.00000 1.34260 0.03758 3.69220 0.07661
1534.00000 1.28721 0.05799 3.59226 0.05300
1535.00000 1.32228 0.03716 3.60260 0.04189
1536.00000 1.39971 0.04107 3.56351 0.03971
1537.00000 1.25507 0.05074 3.58334 0.04209
1538.00000 1.48024 0.07681 3.61394 0.07619
1539.00000 1.33618 0.07023 3.59725 0.07556
1540.00000 1.27603 0.03839 3.64266 0.04771
1541.00000 1.26632 0.02893 3.46642 0.06383
1542.00000 1.27852 0.04727 3.53084 0.03936
1543.00000 1.18716 0.04645 3.51714 0.07581
1544.00000 1.25597 0.03636 3.54368 0.02919
1545.00000 1.26122 0.03540 3.39842 0.05415
1546.00000 1.29867 0.05499 3.63209 0.08896
1547.00000 1.31531 0.05111 3.39657 0.03866
1548.00000 1.18137 0.03861 3.42746 0.06203
1549.00000 1.30197 0.05121 3.37212 0.07850
1550.00000 1.31601 0.06742 3.45788 0.03921
1551.00000 1.32776 0.05260 3.39616 0.06067
1552.00000 1.20537 0.05250 3.55318 0.06451
1553.00000 1.24211 0.03404 3.52306 0.05148
1554.00000 1.24190 0.02812 3.48305 0.03447
1555.00000 1.19768 0.08975 3.45723 0.04977
1556.00000 1.29094 0.05902 3.40162 0.04433
1557.00000 1.21241 0.04436 3.32288 0.07048
1558.00000 1.29566 0.05691 3.53608 0.06294
1559.00000 1.15506 0.06882 3.48880 0.05059
1560.00000 1.27887 0.07059 3.45451 0.06499
1561.00000 1.30658 0.01287 3.40848 0.01478
1562.00000 1.27370 0.07043 3.41470 0.04806
1563.00000 1.34418 0.05095 3.43719 0.06042
1564.00000 1.32229 0.03863 3.51206 0.07464
1565.00000 1.25081 0.06406 3.57647 0.05753
1566.00000 1.24662 0.06885 3.47105 0.07137
1567.00000 1.36196 0.04326 3.44111 0.06435
1568.00000 1.28430 0.07518 3.56643 0.06712
1569.00000 1.36404 0.06956 3.51495 0.05463
1570.00000 1.35528 0.05560 3.54608 0.05928
1571.00000 1.25070 0.05183 3.48202 0.05187
1572.00000 1.26423 0.04279 3.45767 0.04272
1573.00000 1.36566 0.04462 3.39883 0.08674
1574.00000 1.39061 0.07707 3.51180 0.05411
1575.00000 1.33322 0.01348 3.55136 0.05767
1576.00000 1.28598 0.04607 3.57687 0.05334
1577.00000 1.34341 0.04385 3.60075 0.06181
1578.00000 1.37979 0.06000 3.49536 0.03162
1579.00000 1.32543 0.06055 3.53440 0.05511
1825.00000 1.29798 0.06543 3.59417 0.00442
1826.00000 1.23999 0.07357 3.61915 0.04765
1827.00000 1.25613 0.04334 3.57378 0.08537
1828.00000 1.13488 0.05080 3.63800 0.00697
1829.00000 1.06388 0.05657 3.62627 0.06320
1830.00000 1.19693 0.05223 3.65269 0.04574
1831.00000 1.28872 0.08216 3.78012 0.06271
1832.00000 1.19985 0.03470 3.69000 0.02235
1833.00000 1.22918 0.05007 3.63396 0.06453
1834.00000 1.24722 0.04867 3.81800 0.08200
1835.00000 1.10862 0.05869 3.77511 0.05017
1836.00000 1.21088 0.04995 3.69072 0.04336
1837.00000 1.36184 0.06730 3.59555 0.06155
1838.00000 1.10043 0.07930 3.67137 0.05010
1839.00000 1.21674 0.03211 3.75546 0.04558
1840.00000 1.20459 0.05042 3.84318 0.05886
1841.00000 1.16905 0.04172 3.77704 0.08243
1842.00000 1.18182 0.04132 3.80447 0.07695
1843.00000 1.23534 0.07762 3.79445 0.03291
1844.00000 1.19603 0.08835 3.70296 0.04150
1845.00000 1.20978 0.03317 3.79022 0.07125
1846.00000 1.11732 0.06406 3.70421 0.03672
1847.00000 1.27158 0.06451 3.63916 0.06358
1848.00000 1.23859 0.04135 3.77416 0.08074
1849.00000 1.12401 0.04971 3.78915 0.06133
1850.00000 1.09690 0.03735 3.66707 0.05379
1851.00000 1.28262 0.07578 3.77659 0.07488
1852.00000 1.29715 0.05021 3.73582 0.07120
1853.00000 1.13933 0.04809 3.60487 0.08497
1854.00000 1.20441 0.07202 3.71519 0.07916
1855.00000 1.09005 0.06399 3.77323 0.09503
1856.00000 1.15255 0.05436 3.63476 0.06360
1857.00000 1.25267 0.04347 3.69176 0.05572
1858.00000 1.10385 0.03640 3.67495 0.02653
1859.00000 1.03666 0.09131 3.66586 0.04615
1860.00000 1.14334 0.04657 3.63120 0.05800
1861.00000 1.21154 0.04022 3.63262 0.05391
1862.00000 1.18069 0.06651 3.53357 0.09244
1863.00000 1.19916 0.07824 3.67539 0.05777
1864.00000 1.13932 0.03251 3.58267 0.06152
1865.00000 1.15964 0.00579 3.57844 0.04787
1866.00000 1.14698 0.05382 3.57058 0.06702
1867.00000 1.23952 0.06119 3.60112 0.07644
1868.00000 1.15609 0.06104 3.58223 0.06854
1869.00000 1.08390 0.06873 3.55381 0.07201
1870.00000 1.19692 0.04008 3.49423 0.06018
1871.00000 1.10288 0.06103 3.60290 0.04835
1872.00000 1.09023 0.04838 3.56623 0.06070
1873.00000 1.17176 0.06017 3.64741 0.04048
1874.00000 1.13271 0.05000 3.62804 0.06370
1875.00000 1.08626 0.06737 3.64164 0.06671
1876.00000 1.11763 0.04559 3.65707 0.06269
1877.00000 1.21267 0.07368 3.54572 0.05434
1878.00000 1.20081 0.04594 3.52070 0.07995
1879.00000 1.16026 0.03256 3.71321 0.06938
1880.00000 1.19521 0.04307 3.64814 0.08493
1881.00000 1.17895 0.07205 3.57093 0.02404
1882.00000 1.14047 0.06589 3.50846 0.06495
1883.00000 1.20169 0.04624 3.50582 0.05995
1884.00000 1.11640 0.06765 3.39779 0.05743
1885.00000 1.17761 0.03135 3.60018 0.06910
1886.00000 1.22439 0.04800 3.54583 0.09094
1887.00000 1.15674 0.05373 3.41388 0.05139
1888.00000 1.17151 0.01554 3.39061 0.05429
1889.00000 1.12004 0.05577 3.46743 0.05767
1890.00000 1.18497 0.05519 3.46178 0.05315
1891.00000 1.23316 0.03832 3.33051 0.05126
1892.00000 1.14513 0.04510 3.44123 0.04977
1893.00000 1.31560 0.07236 3.40372 0.04399
1894.00000 1.21296 0.06060 3.36449 0.07593
1895.00000 1.25204 0.04513 3.47263 0.04746
1896.00000 1.20572 0.06415 3.46344 0.01751
1897.00000 1.19161 0.04338 3.47893 0.05133
1898.00000 1.12756 0.05159 3.41481 0.04196
1899.00000 1.25681 0.05609 3.41091 0.04972
1900.00000 1.17411 0.03670 3.42681 0.04886
1901.00000 1.19907 0.05013 3.34893 0.03620
1902.00000 1.19266 0.04626 3.37049 0.04612
1903.00000 1.19794 0.04432 3.40541 0.05215
1904.00000 1.17190 0.05593 3.38460 0.04101
1905.00000 1.11736 0.03140 3.41407 0.02012
1906.00000 1.13669 0.03334 3.34483 0.05122
1907.00000 1.16302 0.04045 3.49684 0.04319
1908.00000 1.22983 0.05342 3.53163 0.06708
1909.00000 1.26133 0.02823 3.42916 0.04114
1910.00000 1.09407 0.05373 3.58917 0.06761
1911.00000 1.19626 0.04396 3.50384 0.02674
1912.00000 1.20677 0.07940 3.36712 0.04420
1913.00000 1.17949 0.06729 3.42010 0.03393
1914.00000 1.24717 0.07528 3.37925 0.05350
1915.00000 1.14277 0.07267 3.31027 0.08559
1916.00000 1.19027 0.05627 3.33337 0.04615
1917.00000 1.09114 0.04508 3.46163 0.06595
1918.00000 1.15746 0.05191 3.39159 0.03073
1919.00000 1.05942 0.06282 3.39883 0.06954
1920.00000 1.23434 0.05591 3.44757 0.05858
1921.00000 1.23230 0.08728 3.43296 0.05291
1922.00000 1.18576 0.03588 3.38961 0.04710
1923.00000 1.14293 0.05794 3.41265 0.06359
1924.00000 1.08557 0.03609 3.41608 0.02112
1925.00000 1.22548 0.07490 3.35718 0.03696
1926.00000 1.10706 0.03628 3.45290 0.05932
1927.00000 1.14775 0.03650 3.23754 0.06803
1928.00000 1.14986 0.04869 3.42580 0.06426
1929.00000 1.10864 0.06893 3.26984 0.05229
1930.00000 1.13587 0.05362 3.39131 0.06455
1931.00000 1.13663 0.06309 3.29715 0.08139
1932.00000 1.19587 0.08122 3.34812 0.04684
1933.00000 1.11219 0.04292 3.34404 0.04849
1934.00000 1.21970 0.05590 3.31164 0.05289
1935.00000 1.12387 0.05500 3.24301 0.08224
1936.00000 1.11122 0.03817 3.31850 0.07110
1937.00000 1.09580 0.06379 3.34554 0.05355
1938.00000 1.19159 0.05786 3.26382 0.05925
1939.00000 1.19823 0.08383 3.19190 0.04161
1940.00000 1.12467 0.05084 3.30857 0.04200
1941.00000 1.17199 0.04691 3.37890 0.05879
1942.00000 1.07839 0.05367 3.29409 0.06568
1943.00000 1.07366 0.05403 3.28127 0.02694
1944.00000 1.10478 0.03636 3.26798 0.03276
2190.00000 1.29505 0.06170 3.46333 0.04737
2191.00000 1.20837 0.03944 3.43755 0.05524
2192.00000 1.24168 0.08031 3.47545 0.05524
2193.00000 1.27811 0.04652 3.40726 0.06008
2194.00000 1.34443 0.05675 3.42173 0.03371
2195.00000 1.24902 0.06287 3.42520 0.04270
2196.00000 1.21763 0.05030 3.44206 0.06618
2197.00000 1.29711 0.04179 3.41118 0.03674
2198.00000 1.27070 0.03401 3.45163 0.05519
2199.00000 1.25212 0.06431 3.29983 0.04995
2200.00000 1.34222 0.03952 3.36499 0.04141
2201.00000 1.32342 0.03701 3.42478 0.06545
2202.00000 1.28365 0.03435 3.31073 0.06311
2203.00000 1.31169 0.06800 3.49909 0.07361
2204.00000 1.21957 0.06337 3.45939 0.06562
2205.00000 1.22845 0.06388 3.41424 0.05548
2206.00000 1.27130 0.06519 3.39526 0.04590
2207.00000 1.21562 0.03573 3.42674 0.01459
2208.00000 1.20188 0.05857 3.38436 0.07950
2209.00000 1.25274 0.06135 3.47501 0.06186
2210.00000 1.33306 0.05992 3.28677 0.04458
2211.00000 1.23057 0.05137 3.48515 0.06428
2212.00000 1.28589 0.04598 3.45167 0.05565
2213.00000 1.19120 0.05780 3.46071 0.04044
2214.00000 1.31753 0.07837 3.43578 0.04990
2215.00000 1.37242 0.06739 3.51794 0.05411
2216.00000 1.22316 0.07427 3.56739 0.06367
2217.00000 1.34833 0.05875 3.40005 0.05097
2218.00000 1.38520 0.06611 3.42145 0.08276
2219.00000 1.25546 0.06260 3.57883 0.05105
2220.00000 1.26742 0.03415 3.62244 0.07414
2221.00000 1.26937 0.03963 3.61595 0.03924
2222.00000 1.25985 0.03707 3.56378 0.03982
2223.00000 1.35850 0.06812 3.58963 0.04322
2224.00000 1.32756 0.04518 3.65214 0.06313
2225.00000 1.29350 0.04813 3.50491 0.07469
2226.00000 1.28707 0.04575 3.54032 0.05143
2227.00000 1.36856 0.06342 3.62389 0.03420
2228.00000 1.21723 0.04564 3.55243 0.04440
2229.00000 1.39475 0.07812 3.59727 0.03857
2230.00000 1.26120 0.08496 3.58316 0.05865
2231.00000 1.26720 0.03818 3.50112 0.08608
2232.00000 1.27628 0.03387 3.54474 0.01805
2233.00000 1.35158 0.07426 3.40814 0.07320
2234.00000 1.20819 0.07731 3.57026 0.05394
2235.00000 1.31089 0.05177 3.57579 0.05528
2236.00000 1.24754 0.05213 3.54540 0.03784
2237.00000 1.30642 0.04574 3.49984 0.04277
2238.00000 1.25832 0.03368 3.48504 0.03174
2239.00000 1.23968 0.04587 3.53492 0.04842
2240.00000 1.27657 0.03072 3.66418 0.07170
2241.00000 1.39761 0.08084 3.45417 0.07363
2242.00000 1.21771 0.06192 3.47504 0.09139
2243.00000 1.20801 0.05935 3.51914 0.05177
2244.00000 1.31327 0.04577 3.48286 0.04673
2245.00000 1.16331 0.04994 3.50344 0.07821
2246.00000 1.19850 0.04032 3.52669 0.06587
2247.00000 1.23851 0.02371 3.59687 0.04676
2248.00000 1.21430 0.05223 3.53012 0.05825
2249.00000 1.22190 0.09393 3.50451 0.05859
2250.00000 1.25564 0.05373 3.59917 0.04339
2251.00000 1.14551 0.05862 3.57410 0.03169
2252.00000 1.25493 0.06292 3.52625 0.02973
2253.00000 1.23966 0.05034 3.47535 0.06476
2254.00000 1.23321 0.02317 3.55265 0.03663
2255.00000 1.26686 0.05728 3.48459 0.04498
2256.00000 1.20449 0.04422 3.56193 0.07811
2257.00000 1.33434 0.07883 3.55525 0.04858
2258.00000 1.23667 0.04059 3.51533 0.05351
2259.00000 1.23963 0.04142 3.61968 0.05280
2260.00000 1.22076 0.06942 3.60740 0.05993
2261.00000 1.35764 0.08373 3.75056 0.06530
2262.00000 1.28047 0.06170 3.64601 0.03490
2263.00000 1.22442 0.05425 3.59132 0.07775
2264.00000 1.21003 0.04449 3.62945 0.02856
2265.00000 1.20187 0.05299 3.60202 0.04881
2266.00000 1.29070 0.05121 3.56043 0.03358
2267.00000 1.22144 0.04050 3.57907 0.06902
2268.00000 1.22668 0.04808 3.58454 0.03335
2269.00000 1.27784 0.06765 3.54767 0.04216
2270.00000 1.24812 0.06334 3.69305 0.07480
2271.00000 1.30795 0.08227 3.45175 0.05437
2272.00000 1.18964 0.07822 3.48804 0.04642
2273.00000 1.31860 0.04134 3.45341 0.08219
2274.00000 1.23386 0.05104 3.49506 0.07807
2275.00000 1.21693 0.03674 3.58327 0.03656
2276.00000 1.19947 0.04059 3.48197 0.06214
2277.00000 1.23289 0.05464 3.46896 0.06313
2278.00000 1.18676 0.05427 3.51038 0.06441
2279.00000 1.19429 0.07861 3.44865 0.04499
2280.00000 1.22421 0.06619 3.52928 0.01874
2281.00000 1.12515 0.05118 3.62520 0.04587
2282.00000 1.14771 0.06227 3.59484 0.05727
2283.00000 1.18331 0.03612 3.64660 0.04874
2284.00000 1.25937 0.04745 3.59939 0.07905
2285.00000 1.25068 0.05076 3.55370 0.02909
2286.00000 1.21443 0.04497 3.56466 0.04788
2287.00000 1.27230 0.03409 3.59583 0.06595
2288.00000 1.16243 0.05347 3.48752 0.06379
2289.00000 1.25232 0.05840 3.55046 0.06465
2290.00000 1.25274 0.05405 3.48812 0.05093
2291.00000 1.29074 0.04353 3.49298 0.02024
2292.00000 1.33011 0.05153 3.46851 0.01985
2293.00000 1.34027 0.06531 3.49172 0.07294
2294.00000 1.24961 0.07040 3.30654 0.07886
2295.00000 1.31667 0.07820 3.41134 0.06107
2296.00000 1.17153 0.06375 3.45556 0.02572
2297.00000 1.31416 0.01869 3.38709 0.07203
2298.00000 1.23814 0.04544 3.57590 0.04682
2299.00000 1.17794 0.08390 3.50596 0.07318
2300.00000 1.30543 0.04847 3.44159 0.07547
2301.00000 1.27099 0.05650 3.55248 0.06734
2302.00000 1.21707 0.03831 3.55334 0.06210
2303.00000 1.25769 0.02951 3.57056 0.05593
2304.00000 1.28756 0.04412 3.54450 0.04714
2305.00000 1.32374 0.09194 3.49145 0.04009
2306.00000 1.26514 0.05884 3.41311 0.03385
2307.00000 1.27690 0.01049 3.35709 0.04426
2308.00000 1.24450 0.06959 3.34377 0.07442
2309.00000 1.23438 0.05685 3.47958 0.06264
2555.00000 1.58603 0.06634 3.69934 0.08545
2556.00000 1.45743 0.04452 3.62670 0.06514
2557.00000 1.58589 0.02775 3.64961 0.05467
2558.00000 1.52220 0.05739 3.72949 0.06530
2559.00000 1.48052 0.03551 3.72095 0.03830
2560.00000 1.46141 0.05008 3.71196 0.04570
2561.00000 1.56713 0.04155 3.64110 0.05605
2562.00000 1.54487 0.03861 3.74089 0.07480
2563.00000 1.58038 0.03377 3.69767 0.05459
2564.00000 1.51921 0.07740 3.67865 0.07371
2565.00000 1.51207 0.05954 3.60146 0.07690
2566.00000 1.51639 0.03560 3.66823 0.06458
2567.00000 1.48419 0.07881 3.68397 0.06892
2568.00000 1.43012 0.06721 3.61650 0.04051
2569.00000 1.56409 0.06886 3.74099 0.07723
2570.00000 1.50477 0.05034 3.73932 0.05750
2571.00000 1.54458 0.07136 3.73730 0.04923
2572.00000 1.54112 0.03802 3.79231 0.04272
2573.00000 1.44866 0.05980 3.68532 0.05065
2574.00000 1.58299 0.02248 3.74475 0.05162
2575.00000 1.57000 0.07318 3.70669 0.04331
2576.00000 1.53878 0.04613 3.74608 0.06744
2577.00000 1.57574 0.02398 3.76519 0.07331
2578.00000 1.55656 0.06854 3.68992 0.07095
2579.00000 1.58103 0.03690 3.75740 0.04240
2580.00000 1.57899 0.03381 3.77136 0.05414
2581.00000 1.60350 0.06588 3.75287 0.06154
2582.00000 1.62072 0.03188 3.70786 0.03602
2583.00000 1.61452 0.05465 3.74606 0.05907
2584.00000 1.54523 0.05974 3.81466 0.08117
2585.00000 1.55223 0.07152 3.71172 0.08394
2586.00000 1.62814 0.04261 3.77177 0.05305
2587.00000 1.54210 0.06155 3.78561 0.06718
2588.00000 1.54060 0.06695 3.86098 0.08283
2589.00000 1.51492 0.07289 3.79632 0.03595
2590.00000 1.72070 0.05298 3.74446 0.03615
2591.00000 1.57124 0.03385 3.77292 0.06373
2592.00000 1.61606 0.03747 3.73069 0.05054
2593.00000 1.54730 0.06793 3.82703 0.04634
2594.00000 1.61999 0.03156 3.78035 0.02986
2595.00000 1.57437 0.04938 3.76222 0.02779
2596.00000 1.56596 0.05489 3.87011 0.04115
2597.00000 1.57992 0.07540 3.82517 0.04329
2598.00000 1.73863 0.05714 3.72700 0.05690
2599.00000 1.53552 0.04131 3.91447 0.05017
2600.00000 1.57369 0.05868 3.93568 0.06708
2601.00000 1.58020 0.03741 3.85833 0.05845
2602.00000 1.60876 0.04028 3.78701 0.05900
2603.00000 1.65744 0.06013 3.94610 0.04472
2604.00000 1.64528 0.05484 3.86866 0.04015
2605.00000 1.60532 0.07570 3.78888 0.06751
2606.00000 1.58277 0.03773 3.78135 0.06994
2607.00000 1.58950 0.04837 3.89153 0.04390
2608.00000 1.54948 0.02956 3.87657 0.05274
2609.00000 1.65618 0.04786 3.80264 0.05955
2610.00000 1.55447 0.06421 3.82783 0.04882
2611.00000 1.52203 0.08052 3.87028 0.03842
2612.00000 1.59226 0.04345 3.74187 0.05488
2613.00000 1.66357 0.06063 3.88022 0.05278
2614.00000 1.56318 0.00873 3.76352 0.04906
2615.00000 1.56130 0.04168 3.76597 0.06681
2616.00000 1.60455 0.07151 3.84587 0.04846
2617.00000 1.63107 0.06250 3.86603 0.05735
2618.00000 1.63122 0.06392 3.84206 0.06369
2619.00000 1.54966 0.04133 3.81057 0.05704
2620.00000 1.56587 0.06872 4.01301 0.05682
2621.00000 1.52604 0.05540 3.96041 0.08269
2622.00000 1.59709 0.05693 4.00141 0.06835
2623.00000 1.60956 0.09947 3.99614 0.06644
2624.00000 1.57629 0.05351 3.91140 0.04130
2625.00000 1.45392 0.09949 4.01810 0.06533
2626.00000 1.46457 0.03557 3.87796 0.05237
2627.00000 1.51275 0.02942 3.91182 0.05339
2628.00000 1.44693 0.06595 3.90829 0.00646
2629.00000 1.57904 0.07602 3.89432 0.06128
2630.00000 1.51140 0.03325 4.02310 0.05873
2631.00000 1.49343 0.04827 3.99819 0.05177
2632.00000 1.46278 0.04841 4.03005 0.05676
2633.00000 1.50632 0.03147 3.95910 0.04937
2634.00000 1.48732 0.06345 3.98651 0.03136
2635.00000 1.47532 0.02641 3.92431 0.06259
2636.00000 1.42462 0.05524 3.96040 0.05670
2637.00000 1.50113 0.05119 3.99786 0.03439
2638.00000 1.45204 0.05136 4.07787 0.04556
2639.00000 1.54043 0.04477 3.97824 0.04483
2640.00000 1.55659 0.05200 4.00971 0.04724
2641.00000 1.43926 0.06051 4.07375 0.05426
2642.00000 1.32750 0.07491 4.06923 0.04450
2643.00000 1.48689 0.03667 4.09494 0.06180
2644.00000 1.43469 0.04708 4.12865 0.05570
2645.00000 1.37794 0.07053 4.08483 0.03954
2646.00000 1.46539 0.04741 4.12070 0.02438
2647.00000 1.44540 0.03881 4.15496 0.05250
2648.00000 1.49835 0.03104 4.20959 0.07041
2649.00000 1.47870 0.06572 4.14596 0.04280
2650.00000 1.46472 0.01807 4.08730 0.06197
2651.00000 1.42621 0.05766 4.07334 0.04987
2652.00000 1.37406 0.07401 4.04016 0.05272
2653.00000 1.42981 0.04901 4.13541 0.04234
2654.00000 1.48087 0.05888 4.21301 0.06509
2655.00000 1.38657 0.07141 4.06642 0.06916
2656.00000 1.50567 0.07758 4.07709 0.03315
2657.00000 1.37474 0.06413 4.15510 0.06217
2658.00000 1.39705 0.06231 4.16514 0.04533
2659.00000 1.43735 0.04505 4.21428 0.04910
2660.00000 1.44842 0.05775 4.08675 0.05395
2661.00000 1.55967 0.04579 4.20722 0.04020
2662.00000 1.39877 0.05499 4.17290 0.04980
2663.00000 1.35016 0.05626 4.23810 0.07106
2664.00000 1.45014 0.06115 4.23178 0.09584
2665.00000 1.52593 0.06045 4.21062 0.06113
2666.00000 1.43737 0.04412 4.08443 0.03364
2667.00000 1.32468 0.06528 4.19522 0.04248
2668.00000 1.43789 0.04112 4.15043 0.03012
2669.00000 1.43346 0.03637 4.19380 0.04913
2670.00000 1.56228 0.04671 4.28773 0.06506
2671.00000 1.42744 0.05767 4.19206 0.04821
2672.00000 1.50156 0.05238 4.20343 0.04156
2673.00000 1.38188 0.05525 4.26652 0.02747
2674.00000 1.43755 0.05078 4.35273 0.04880
2920.00000 1.41370 0.03579 4.05119 0.04775
2921.00000 1.42023 0.07079 4.14964 0.05626
2922.00000 1.49690 0.06686 4.19742 0.08588
2923.00000 1.40807 0.05900 4.05341 0.04787
2924.00000 1.41034 0.04501 3.96142 0.05201
2925.00000 1.51176 0.05078 4.02474 0.03114
2926.00000 1.45807 0.02278 4.00570 0.05080
2927.00000 1.36599 0.06002 4.02229 0.06734
2928.00000 1.40879 0.06971 3.94191 0.04702
2929.00000 1.45089 0.06615 3.96182 0.03807
2930.00000 1.35002 0.07487 3.87342 0.08609
2931.00000 1.45128 0.04978 3.96345 0.07651
2932.00000 1.49638 0.05145 3.90924 0.03285
2933.00000 1.34927 0.06739 3.95698 0.05500
2934.00000 1.43029 0.03369 3.86612 0.03544
2935.00000 1.43137 0.05208 3.78397 0.07699
2936.00000 1.44850 0.02420 3.95986 0.04493
2937.00000 1.47555 0.05639 3.80838 0.03991
2938.00000 1.51561 0.04819 3.94182 0.05828
2939.00000 1.45572 0.03026 3.89002 0.06369
2940.00000 1.53765 0.07041 3.90084 0.04404
2941.00000 1.49504 0.02411 3.88758 0.06254
2942.00000 1.44441 0.02533 4.03127 0.05604
2943.00000 1.56017 0.05064 3.97066 0.06168
2944.00000 1.51122 0.04372 3.98873 0.05120
2945.00000 1.44434 0.06146 3.96560 0.05864
2946.00000 1.42544 0.02841 4.03160 0.06720
2947.00000 1.53126 0.05115 4.09653 0.03655
2948.00000 1.45075 0.05896 4.03946 0.03515
2949.00000 1.49849 0.07650 4.07287 0.05914
2950.00000 1.50964 0.08305 4.05721 0.05653
2951.00000 1.52648 0.07141 3.94769 0.05828
2952.00000 1.50629 0.04767 3.99337 0.04553
2953.00000 1.49742 0.03555 4.05281 0.08664
2954.00000 1.51239 0.04685 4.04948 0.06247
2955.00000 1.50001 0.03315 4.06930 0.05652
2956.00000 1.44125 0.02639 4.04609 0.06221
2957.00000 1.47176 0.03035 3.96219 0.03648
2958.00000 1.50043 0.03631 3.98565 0.05896
2959.00000 1.50089 0.05649 3.89795 0.05531
2960.00000 1.45478 0.05577 3.86180 0.07063
2961.00000 1.52978 0.05359 4.01934 0.06101
2962.00000 1.42105 0.05938 3.79272 0.06408
2963.00000 1.60345 0.05242 3.94496 0.03630
2964.00000 1.44896 0.09813 3.89110 0.04761
2965.00000 1.47100 0.07407 3.86690 0.03171
2966.00000 1.39839 0.07474 3.95643 0.05388
2967.00000 1.47521 0.04192 3.78906 0.05687
2968.00000 1.44268 0.02670 4.03482 0.06194
2969.00000 1.46792 0.01555 3.91436 0.05893
2970.00000 1.46723 0.08757 3.95250 0.03586
2971.00000 1.38719 0.06526 4.06490 0.04270
2972.00000 1.60232 0.06192 4.00077 0.04224
2973.00000 1.44014 0.06603 3.82213 0.04470
2974.00000 1.51791 0.04724 3.79683 0.05764
2975.00000 1.49296 0.05016 3.91929 0.02898
2976.00000 1.42646 0.06969 3.85690 0.06894
2977.00000 1.49050 0.04831 3.90274 0.04110
2978.00000 1.40561 0.06127 3.95258 0.03405
2979.00000 1.43265 0.03008 3.91052 0.08611
2980.00000 1.40708 0.05710 3.95543 0.04592
2981.00000 1.43567 0.01018 3.90336 0.07513
2982.00000 1.41802 0.05485 3.93404 0.01876
2983.00000 1.51326 0.05393 3.98944 0.04057
2984.00000 1.48378 0.08945 3.92568 0.06603
2985.00000 1.37433 0.02276 3.99677 0.04920
2986.00000 1.36019 0.05561 4.05867 0.06179
2987.00000 1.43656 0.04905 4.00050 0.06177
2988.00000 1.41034 0.04093 4.07438 0.06829
2989.00000 1.44479 0.07022 3.98489 0.04842
2990.00000 1.43902 0.04099 4.04870 0.06981
2991.00000 1.49285 0.06276 3.99676 0.05278
2992.00000 1.41083 0.07725 3.97479 0.05086
2993.00000 1.43120 0.05220 3.93616 0.05284
2994.00000 1.44153 0.03854 3.92662 0.03589
2995.00000 1.36407 0.05790 3.98986 0.04339
2996.00000 1.42490 0.02589 3.94292 0.05919
2997.00000 1.57793 0.05935 4.03677 0.03937
2998.00000 1.43251 0.06505 3.94398 0.05099
2999.00000 1.49589 0.05682 4.04697 0.06102
3000.00000 1.43296 0.04493 4.01798 0.05410
3001.00000 1.40510 0.02041 4.01949 0.06389
3002.00000 1.44760 0.04383 4.03070 0.06947
3003.00000 1.45231 0.05042 4.01203 0.06403
3004.00000 1.44337 0.07762 3.91738 0.07506
3005.00000 1.43016 0.07394 3.92673 0.08573
3006.00000 1.43903 0.06205 3.96842 0.05830
3007.00000 1.41371 0.05519 3.86568 0.06790
3008.00000 1.44498 0.04941 3.88715 0.06707
3009.00000 1.42405 0.03975 4.16686 0.09169
3010.00000 1.42582 0.04327 3.90153 0.03313
3011.00000 1.35077 0.05648 3.85405 0.04857
3012.00000 1.44797 0.04723 3.98683 0.05970
3013.00000 1.35129 0.03740 3.88958 0.08644
3014.00000 1.40460 0.04517 4.03912 0.05441
3015.00000 1.38626 0.04867 3.83372 0.07449
3016.00000 1.45161 0.04476 4.04955 0.07256
3017.00000 1.43130 0.05032 4.01551 0.05536
3018.00000 1.36125 0.03995 4.03172 0.04667
3019.00000 1.44831 0.05482 3.93033 0.04299
3020.00000 1.42499 0.02185 3.91973 0.01900
3021.00000 1.38189 0.05927 3.99656 0.09262
3022.00000 1.49490 0.07721 3.75306 0.07785
3023.00000 1.46906 0.06246 3.89677 0.07235
3024.00000 1.48324 0.03594 3.90576 0.03564
3025.00000 1.44160 0.04608 3.92411 0.05396
3026.00000 1.33669 0.06138 3.97047 0.05058
3027.00000 1.43768 0.05311 4.00095 0.05423
3028.00000 1.38111 0.06200 3.94825 0.06923
3029.00000 1.26069 0.08464 3.86531 0.04971
3030.00000 1.40554 0.06553 3.77853 0.05737
3031.00000 1.35437 0.04113 3.91456 0.05459
3032.00000 1.36007 0.05150 3.87308 0.04224
3033.00000 1.37234 0.03549 4.06512 0.07674
3034.00000 1.28448 0.06101 3.93533 0.01574
3035.00000 1.38408 0.04724 3.98007 0.06969
3036.00000 1.31764 0.05363 3.83117 0.05653
3037.00000 1.37808 0.04035 3.95521 0.02688
3038.00000 1.35620 0.05235 4.01062 0.03368
3039.00000 1.43266 0.00565 4.03219 0.04908
3285.00000 1.62116 0.05530 4.16167 0.04048
3286.00000 1.56471 0.06684 4.03753 0.07169
3287.00000 1.55565 0.03568 4.14259 0.06443
3288.00000 1.58460 0.05726 4.05851 0.07652
3289.00000 1.60110 0.08153 3.99867 0.05843
3290.00000 1.70572 0.05125 4.10813 0.03102
3291.00000 1.58005 0.03276 3.93578 0.06543
3292.00000 1.55799 0.05245 4.05969 0.02338
3293.00000 1.43177 0.07047 4.22236 0.06235
3294.00000 1.59875 0.04256 4.07275 0.03986
3295.00000 1.50725 0.06558 4.14440 0.05083
3296.00000 1.52791 0.07534 4.04845 0.07665
3297.00000 1.62753 0.06048 4.18678 0.05773
3298.00000 1.59585 0.05616 4.09814 0.04297
3299.00000 1.54437 0.02810 4.08990 0.04462
3300.00000 1.49692 0.04578 4.08003 0.06343
3301.00000 1.51508 0.07295 4.18422 0.05427
3302.00000 1.58029 0.08366 4.06310 0.05196
3303.00000 1.49423 0.05994 4.09816 0.03441
3304.00000 1.44664 0.03969 4.14488 0.03736
3305.00000 1.45738 0.03998 4.17967 0.06007
3306.00000 1.40498 0.04042 4.17269 0.05512
3307.00000 1.46644 0.04825 4.09484 0.01826
3308.00000 1.51355 0.07981 4.11733 0.04477
3309.00000 1.51155 0.06855 4.05035 0.04369
3310.00000 1.59260 0.07834 4.05539 0.04233
3311.00000 1.50095 0.05177 4.09961 0.12344
3312.00000 1.52232 0.03521 4.07937 0.04851
3313.00000 1.49728 0.04150 4.02936 0.06792
3314.00000 1.52238 0.05395 4.14252 0.05058
3315.00000 1.53892 0.04502 4.06637 0.03771
3316.00000 1.54744 0.08935 4.08914 0.04097
3317.00000 1.55728 0.05453 4.14626 0.05690
3318.00000 1.54534 0.05872 4.06557 0.04885
3319.00000 1.59116 0.05887 4.09561 0.07132
3320.00000 1.54499 0.04006 4.12752 0.04299
3321.00000 1.57169 0.05684 4.05258 0.06075
3322.00000 1.54837 0.05707 4.16864 0.04993
3323.00000 1.52039 0.03880 4.06201 0.04460
3324.00000 1.60514 0.07303 4.15207 0.04856
3325.00000 1.45720 0.03310 4.18221 0.05689
3326.00000 1.62700 0.06895 4.12271 0.05814
3327.00000 1.51926 0.06181 4.07601 0.05592
3328.00000 1.53526 0.04312 4.12807 0.05703
3329.00000 1.57181 0.05490 4.08079 0.05149
3330.00000 1.45974 0.05975 4.18067 0.06491
3331.00000 1.59762 0.06316 4.14782 0.04825
3332.00000 1.51722 0.03851 4.17112 0.06087
3333.00000 1.57830 0.04481 4.24873 0.04495
3334.00000 1.44549 0.03965 4.19302 0.05621
3335.00000 1.57550 0.04038 4.25054 0.06196
3336.00000 1.51957 0.02906 4.27800 0.02922
3337.00000 1.53947 0.04590 4.20236 0.05973
3338.00000 1.34851 0.08845 4.13925 0.05856
3339.00000 1.56020 0.07519 4.21162 0.05725
3340.00000 1.46349 0.06950 4.27033 0.03590
3341.00000 1.59749 0.08195 4.29424 0.02909
3342.00000 1.42879 0.05888 4.32666 0.03622
3343.00000 1.43825 0.04535 4.29197 0.04791
3344.00000 1.45311 0.05162 4.34128 0.04732
3345.00000 1.44173 0.06199 4.40564 0.04517
3346.00000 1.35976 0.08007 4.39954 0.05364
3347.00000 1.45373 0.06095 4.29544 0.06174
3348.00000 1.55941 0.06272 4.30475 0.04032
3349.00000 1.49548 0.06819 4.31310 0.07919
3350.00000 1.51172 0.06450 4.40566 0.05142
3351.00000 1.43590 0.04506 4.27542 0.03439
3352.00000 1.52985 0.04021 4.26524 0.05209
3353.00000 1.44106 0.05142 4.34658 0.04657
3354.00000 1.43741 0.07029 4.32572 0.06993
3355.00000 1.49205 0.06988 4.33175 0.04985
3356.00000 1.54750 0.06466 4.35441 0.02716
3357.00000 1.43255 0.03684 4.30507 0.07413
3358.00000 1.51649 0.06893 4.40936 0.03545
3359.00000 1.55750 0.07165 4.36811 0.05768
3360.00000 1.46877 0.06128 4.49152 0.05035
3361.00000 1.42723 0.04124 4.38230 0.05944
3362.00000 1.49537 0.06631 4.40282 0.04532
3363.00000 1.40083 0.06204 4.41109 0.05460
3364.00000 1.44566 0.04442 4.45568 0.05211
3365.00000 1.43957 0.06299 4.35729 0.04191
3366.00000 1.42493 0.05517 4.31707 0.04505
3367.00000 1.38621 0.05309 4.37235 0.07837
3368.00000 1.36333 0.04747 4.38180 0.03580
3369.00000 1.39029 0.07467 4.35896 0.05079
3370.00000 1.50354 0.02536 4.32470 0.04056
3371.00000 1.40614 0.04832 4.31088 0.03268
3372.00000 1.50080 0.01806 4.26929 0.04892
3373.00000 1.54146 0.05837 4.40583 0.07944
3374.00000 1.46876 0.06685 4.35485 0.04272
3375.00000 1.39430 0.05693 4.38099 0.03243
3376.00000 1.49512 0.06947 4.39061 0.05663
3377.00000 1.53471 0.04499 4.32455 0.04234
3378.00000 1.49648 0.03286 4.32283 0.07548
3379.00000 1.55631 0.03910 4.27733 0.05925
3380.00000 1.46964 0.07257 4.30078 0.07109
3381.00000 1.43703 0.10159 4.21281 0.06015
3382.00000 1.42200 0.03639 4.27956 0.05018
3383.00000 1.50021 0.03378 4.30321 0.06005
3384.00000 1.49429 0.03624 4.28947 0.07292
3385.00000 1.61765 0.06766 4.23579 0.03498
3386.00000 1.53757 0.07854 4.24099 0.06036
3387.00000 1.53894 0.04244 4.26497 0.04895
3388.00000 1.47432 0.03317 4.19859 0.05491
3389.00000 1.49202 0.03244 4.21888 0.03747
3390.00000 1.43010 0.04923 4.25126 0.02626
3391.00000 1.51372 0.04386 4.24396 0.03388
3392.00000 1.56430 0.03964 4.24308 0.03524
3393.00000 1.55935 0.06085 4.22787 0.02561
3394.00000 1.43869 0.07582 4.23226 0.02467
3395.00000 1.43703 0.05642 4.28056 0.05468
3396.00000 1.59572 0.06041 4.03678 0.08743
3397.00000 1.50793 0.07856 4.20445 0.05354
3398.00000 1.53050 0.06025 4.22011 0.03148
3399.00000 1.44257 0.02932 4.13959 0.06870
3400.00000 1.40890 0.05610 4.24817 0.05362
3401.00000 1.53204 0.03617 4.12244 0.03934
3402.00000 1.68334 0.06641 4.09677 0.01694
3403.00000 1.43647 0.05649 4.03589 0.07527
3404.00000 1.58171 0.05230 4.09888 0.05059
