## Time Delay Challenge light curves
##
## [time]=days, [lc]=[err]=flux in nanomaggies
##
##       time       lc_A      err_A       lc_B      err_B
##-------------------------------------------------------
0.00000 2.82291 0.05690 2.87126 0.05596
1.00000 2.86174 0.04104 2.63676 0.05713
2.00000 2.78384 0.02802 2.59907 0.05740
3.00000 2.82311 0.04557 2.56809 0.03174
4.00000 2.89110 0.04737 2.61501 0.04029
5.00000 2.81915 0.03250 2.57335 0.04903
6.00000 2.74978 0.05763 2.60795 0.05266
7.00000 2.83338 0.06868 2.59867 0.04209
8.00000 2.83924 0.06065 2.58278 0.05069
9.00000 2.83810 0.06021 2.68678 0.05582
10.00000 2.97104 0.06504 2.56971 0.07292
11.00000 2.85948 0.04483 2.66718 0.04593
12.00000 2.84983 0.04171 2.47546 0.06172
13.00000 2.93172 0.04621 2.58136 0.04992
14.00000 2.84176 0.04929 2.56731 0.05375
15.00000 2.85156 0.08204 2.56724 0.01829
16.00000 2.89651 0.01949 2.51298 0.06314
17.00000 2.78988 0.06958 2.59922 0.04698
18.00000 2.82690 0.03005 2.46672 0.05202
19.00000 2.76957 0.04855 2.57707 0.04935
20.00000 2.76760 0.05395 2.58803 0.02131
21.00000 2.77138 0.03207 2.75382 0.06945
22.00000 2.84597 0.05298 2.69616 0.03780
23.00000 2.84924 0.07318 2.54166 0.08029
24.00000 2.66595 0.05002 2.69705 0.06555
25.00000 2.88128 0.07588 2.67972 0.04548
26.00000 2.81835 0.04034 2.78795 0.05180
27.00000 2.88172 0.04824 2.82978 0.08330
28.00000 2.75269 0.06839 2.57043 0.03962
29.00000 2.77969 0.03587 2.65111 0.02408
30.00000 2.84095 0.03371 2.69493 0.04831
31.00000 2.76875 0.06330 2.66139 0.03957
32.00000 2.88835 0.05391 2.53683 0.06191
33.00000 2.87866 0.07570 2.59286 0.06809
34.00000 2.82252 0.03471 2.49800 0.06873
35.00000 2.84857 0.05645 2.69287 0.05698
36.00000 2.90672 0.06781 2.67901 0.01828
37.00000 2.84717 0.05952 2.60852 0.05279
38.00000 2.98407 0.06192 2.77784 0.06527
39.00000 2.86251 0.04428 2.71373 0.04778
40.00000 2.89774 0.05631 2.56536 0.04771
41.00000 2.83572 0.04268 2.68857 0.04147
42.00000 2.82749 0.04454 2.77422 0.06996
43.00000 2.86898 0.06642 2.59812 0.04281
44.00000 2.83607 0.03220 2.65340 0.06375
45.00000 2.85651 0.05145 2.65511 0.05489
46.00000 2.71564 0.05638 2.64732 0.05140
47.00000 2.85927 0.05650 2.62292 0.03904
48.00000 2.77869 0.02958 2.63255 0.05312
49.00000 2.65807 0.07105 2.65885 0.07029
50.00000 2.65534 0.07550 2.65514 0.06426
51.00000 2.82982 0.05082 2.55888 0.04874
52.00000 2.86883 0.04887 2.57635 0.04612
53.00000 2.98830 0.05403 2.54397 0.07287
54.00000 2.77410 0.03162 2.48097 0.03960
55.00000 2.89973 0.06160 2.56459 0.03817
56.00000 2.86141 0.06077 2.54808 0.03873
57.00000 2.85398 0.05298 2.66476 0.05062
58.00000 2.87379 0.06188 2.59062 0.06587
59.00000 2.91918 0.04318 2.43646 0.07257
60.00000 2.89216 0.07466 2.54982 0.05601
61.00000 2.84108 0.08156 2.51749 0.06730
62.00000 2.88644 0.02494 2.54149 0.07100
63.00000 2.92019 0.04796 2.54661 0.04937
64.00000 2.97433 0.06623 2.62666 0.06330
65.00000 2.90653 0.04955 2.52194 0.02703
66.00000 2.91335 0.04343 2.54920 0.03083
67.00000 2.93894 0.05612 2.50724 0.07839
68.00000 3.02783 0.07849 2.43191 0.06036
69.00000 3.02850 0.05297 2.59172 0.05569
70.00000 2.93347 0.05164 2.56521 0.05979
71.00000 3.11485 0.07528 2.54649 0.02887
72.00000 3.10373 0.05086 2.51683 0.05029
73.00000 3.18314 0.06380 2.54638 0.05051
74.00000 3.09268 0.05078 2.42984 0.03092
75.00000 3.13824 0.05885 2.37413 0.05454
76.00000 3.20098 0.04213 2.48708 0.06007
77.00000 3.20956 0.08533 2.32959 0.06146
78.00000 3.19074 0.06469 2.31594 0.06114
79.00000 3.32320 0.08281 2.44662 0.03090
80.00000 3.31735 0.04968 2.40012 0.05446
81.00000 3.33646 0.04498 2.39515 0.04813
82.00000 3.26497 0.05208 2.47967 0.03166
83.00000 3.27215 0.04029 2.47169 0.04306
84.00000 3.24557 0.04237 2.45362 0.01888
85.00000 3.26131 0.03997 2.50988 0.02787
86.00000 3.27265 0.05178 2.40176 0.09264
87.00000 3.30340 0.05198 2.40234 0.04767
88.00000 3.29371 0.05635 2.43112 0.06127
89.00000 3.22796 0.05902 2.49333 0.03318
90.00000 3.28971 0.06253 2.48826 0.04622
91.00000 3.23228 0.06025 2.58560 0.04538
92.00000 3.39489 0.04993 2.46396 0.08670
93.00000 3.35462 0.07277 2.53594 0.07632
94.00000 3.33519 0.04873 2.39051 0.08480
95.00000 3.33640 0.03243 2.37459 0.03668
96.00000 3.37896 0.07679 2.50515 0.03416
97.00000 3.18473 0.07139 2.43430 0.05810
98.00000 3.34267 0.04790 2.46708 0.07379
99.00000 3.16023 0.07408 2.53907 0.04966
100.00000 3.21804 0.05262 2.63984 0.04841
101.00000 3.34679 0.04487 2.56306 0.05456
102.00000 3.34120 0.03334 2.58015 0.03884
103.00000 3.20196 0.06585 2.43886 0.06781
104.00000 3.32823 0.03921 2.60255 0.03564
105.00000 3.27186 0.05513 2.63675 0.04958
106.00000 3.24403 0.03125 2.46013 0.05860
107.00000 3.31399 0.05384 2.52788 0.06167
108.00000 3.24865 0.02928 2.48774 0.05466
109.00000 3.35620 0.05737 2.39972 0.05218
110.00000 3.35774 0.05273 2.55491 0.04709
111.00000 3.29543 0.05420 2.47861 0.06327
112.00000 3.30781 0.03811 2.47077 0.07538
113.00000 3.27083 0.06563 2.51034 0.04856
114.00000 3.25596 0.05678 2.46755 0.03904
115.00000 3.33276 0.03722 2.34300 0.05911
116.00000 3.31768 0.02128 2.36613 0.06615
117.00000 3.26046 0.05267 2.51451 0.05259
118.00000 3.27317 0.03495 2.67056 0.07189
119.00000 3.30709 0.01565 2.53601 0.03236
365.00000 2.79433 0.04608 2.58494 0.04566
366.00000 2.84253 0.05742 2.51702 0.05928
367.00000 2.76770 0.06790 2.54554 0.04409
368.00000 2.77413 0.06293 2.51343 0.04875
369.00000 2.73457 0.04777 2.44966 0.04083
370.00000 2.74311 0.03829 2.47024 0.05999
371.00000 2.67978 0.04932 2.54154 0.01306
372.00000 2.77932 0.08483 2.51880 0.06787
373.00000 2.77123 0.05152 2.70468 0.07322
374.00000 2.79976 0.04011 2.59699 0.05666
375.00000 2.76118 0.04335 2.54136 0.06689
376.00000 2.67157 0.07040 2.52265 0.04868
377.00000 2.83428 0.06338 2.66507 0.04028
378.00000 2.85629 0.05356 2.49952 0.04495
379.00000 2.76496 0.03834 2.47229 0.06562
380.00000 2.81889 0.04658 2.44584 0.06349
381.00000 2.82198 0.06128 2.49931 0.03244
382.00000 2.94928 0.04965 2.53361 0.07177
383.00000 2.93999 0.08213 2.37025 0.06778
384.00000 2.90664 0.07076 2.54806 0.04964
385.00000 2.88414 0.05340 2.42673 0.04391
386.00000 3.01430 0.04934 2.42183 0.06297
387.00000 2.87535 0.09050 2.47935 0.06014
388.00000 2.84732 0.05932 2.41794 0.03261
389.00000 2.83147 0.07244 2.42243 0.05310
390.00000 2.79449 0.04729 2.43612 0.07481
391.00000 2.89101 0.06267 2.70599 0.09040
392.00000 2.83419 0.05192 2.54336 0.05358
393.00000 2.64090 0.07784 2.45209 0.06780
394.00000 2.87961 0.06567 2.45964 0.05573
395.00000 2.75706 0.04820 2.58091 0.04805
396.00000 2.71836 0.06636 2.60353 0.06350
397.00000 2.76873 0.08216 2.53288 0.06045
398.00000 2.80140 0.01832 2.50933 0.03882
399.00000 2.70597 0.06513 2.53141 0.02787
400.00000 2.86417 0.05681 2.48778 0.04914
401.00000 2.83689 0.09018 2.49800 0.02855
402.00000 2.77862 0.06221 2.51492 0.04517
403.00000 2.80378 0.00804 2.50365 0.06731
404.00000 2.88888 0.07508 2.60187 0.05762
405.00000 2.86457 0.07231 2.55468 0.04453
406.00000 2.84141 0.05499 2.66408 0.08136
407.00000 2.81080 0.07819 2.46445 0.04010
408.00000 2.81658 0.06401 2.44521 0.06188
409.00000 2.73950 0.05911 2.55913 0.02981
410.00000 2.72306 0.05457 2.50508 0.04936
411.00000 2.82899 0.03394 2.62623 0.06607
412.00000 2.77147 0.05106 2.43051 0.04299
413.00000 2.71082 0.05217 2.44188 0.04363
414.00000 2.76168 0.03189 2.33753 0.03237
415.00000 2.78126 0.06226 2.40495 0.03995
416.00000 2.83006 0.08048 2.45736 0.05065
417.00000 2.75552 0.03919 2.53457 0.07290
418.00000 2.81593 0.03254 2.53148 0.08757
419.00000 2.83298 0.03136 2.52651 0.06548
420.00000 2.74065 0.04966 2.53044 0.05899
421.00000 2.71460 0.03596 2.52380 0.04943
422.00000 2.74995 0.04207 2.53616 0.04214
423.00000 2.75027 0.05029 2.43709 0.04239
424.00000 2.73009 0.06284 2.42302 0.06843
425.00000 2.77860 0.04093 2.45677 0.07172
426.00000 2.82550 0.06007 2.44119 0.03401
427.00000 2.76998 0.07157 2.41997 0.01102
428.00000 2.87250 0.02774 2.56581 0.06178
429.00000 2.86153 0.02360 2.42757 0.05326
430.00000 2.84790 0.04650 2.50134 0.04626
431.00000 2.93758 0.04386 2.46738 0.06342
432.00000 2.96953 0.07902 2.53241 0.03053
433.00000 2.74927 0.06293 2.67453 0.06103
434.00000 2.82471 0.06960 2.56853 0.05869
435.00000 2.69234 0.07036 2.58173 0.04923
436.00000 2.90889 0.06633 2.52424 0.06945
437.00000 2.87464 0.04502 2.52811 0.03362
438.00000 2.97193 0.05775 2.52482 0.07591
439.00000 3.03733 0.05757 2.68481 0.08135
440.00000 2.88544 0.03787 2.66921 0.05625
441.00000 2.76884 0.06897 2.52126 0.06753
442.00000 2.84424 0.04596 2.62652 0.06180
443.00000 2.84468 0.03966 2.56824 0.05070
444.00000 2.72055 0.06533 2.50949 0.04799
445.00000 2.78300 0.06047 2.60248 0.03495
446.00000 2.68503 0.09267 2.61809 0.03088
447.00000 2.84057 0.05612 2.63153 0.06666
448.00000 2.86494 0.04641 2.66892 0.04600
449.00000 2.88580 0.06730 2.58630 0.02236
450.00000 2.95252 0.04816 2.64962 0.03774
451.00000 2.93129 0.06871 2.66510 0.04074
452.00000 2.95107 0.04823 2.58849 0.04603
453.00000 3.16214 0.05869 2.70725 0.05227
454.00000 3.00072 0.04906 2.66557 0.06102
455.00000 3.09439 0.01007 2.81113 0.06642
456.00000 3.09239 0.01767 2.77556 0.06054
457.00000 3.06807 0.05860 2.71310 0.06120
458.00000 2.99491 0.05782 2.82354 0.04754
459.00000 3.05221 0.03574 2.87952 0.04928
460.00000 3.08009 0.05550 2.88556 0.04156
461.00000 3.00454 0.04454 2.90655 0.07952
462.00000 3.10208 0.05289 2.95871 0.06609
463.00000 3.10257 0.05153 2.84512 0.06766
464.00000 3.06983 0.00972 2.78969 0.06383
465.00000 3.10627 0.03886 2.91084 0.07829
466.00000 3.13864 0.04316 2.84823 0.05958
467.00000 3.14255 0.05480 2.81361 0.04212
468.00000 3.26539 0.05847 2.86996 0.05460
469.00000 3.24352 0.06501 2.82352 0.02826
470.00000 3.14246 0.06237 2.81037 0.05051
471.00000 3.10522 0.02769 2.73419 0.03503
472.00000 3.09464 0.07637 2.78756 0.04123
473.00000 3.22957 0.06915 2.87054 0.04118
474.00000 3.07463 0.05645 2.75662 0.05145
475.00000 3.01266 0.08300 2.72083 0.04539
476.00000 2.97820 0.04434 2.67811 0.04527
477.00000 3.01683 0.04766 2.73958 0.05915
478.00000 3.04071 0.02038 2.70316 0.05771
479.00000 3.05723 0.07589 2.76387 0.05874
480.00000 3.09603 0.03929 2.66742 0.04780
481.00000 3.03719 0.07069 2.76175 0.05038
482.00000 3.05288 0.03888 2.69365 0.05447
483.00000 3.04770 0.04861 2.72332 0.08309
484.00000 2.99302 0.06310 2.66886 0.04208
730.00000 4.01479 0.03056 2.72753 0.05266
731.00000 3.96670 0.05310 2.73768 0.05385
732.00000 3.98627 0.02857 2.77061 0.07022
733.00000 4.05478 0.08765 2.82004 0.06004
734.00000 3.87206 0.08301 2.77078 0.06661
735.00000 3.95785 0.03996 2.76587 0.04443
736.00000 3.97952 0.06346 2.78095 0.06708
737.00000 3.95624 0.04723 2.90465 0.04461
738.00000 4.08494 0.06396 2.80184 0.07820
739.00000 4.04115 0.03681 2.77002 0.05439
740.00000 3.97549 0.06393 2.77763 0.03772
741.00000 3.87836 0.04481 2.85280 0.05983
742.00000 3.92960 0.06334 2.82080 0.08241
743.00000 3.81517 0.07675 2.79634 0.03832
744.00000 3.96623 0.04838 2.75798 0.01542
745.00000 3.91575 0.05807 2.82494 0.07347
746.00000 3.84940 0.05122 2.78151 0.06722
747.00000 3.85788 0.04798 2.76719 0.05785
748.00000 3.92829 0.05630 2.87702 0.07315
749.00000 3.82259 0.01489 2.94457 0.06824
750.00000 3.85397 0.01198 2.89947 0.08405
751.00000 3.83826 0.06256 2.88314 0.06073
752.00000 3.96534 0.05601 2.70538 0.07887
753.00000 3.96299 0.05539 2.73125 0.06467
754.00000 3.94831 0.07131 2.92311 0.06869
755.00000 3.95214 0.04054 2.84491 0.04134
756.00000 3.97895 0.05627 2.95395 0.05290
757.00000 3.89908 0.04334 2.89822 0.02026
758.00000 3.91260 0.04014 2.78999 0.05601
759.00000 3.82512 0.03354 2.91812 0.07534
760.00000 3.77107 0.07727 2.89499 0.02913
761.00000 3.75901 0.07466 2.87669 0.03946
762.00000 3.83410 0.05764 2.93437 0.02072
763.00000 3.83687 0.04247 3.07992 0.06076
764.00000 3.84499 0.07533 3.02501 0.04438
765.00000 3.96539 0.04965 3.07008 0.04451
766.00000 3.98736 0.04419 2.96947 0.03978
767.00000 3.95398 0.04799 3.04626 0.03598
768.00000 3.97390 0.05825 3.09961 0.04241
769.00000 3.74268 0.05131 3.09999 0.08454
770.00000 3.81424 0.07103 3.13843 0.01532
771.00000 3.81745 0.04063 3.09700 0.05757
772.00000 3.80623 0.07521 3.10055 0.03952
773.00000 3.85171 0.05240 3.22170 0.02782
774.00000 3.85148 0.05018 3.27520 0.03417
775.00000 3.90802 0.05236 3.28041 0.06859
776.00000 3.82671 0.05727 3.25852 0.04892
777.00000 3.76847 0.05626 3.23368 0.04600
778.00000 3.79349 0.04471 3.42334 0.05365
779.00000 3.91300 0.05749 3.34484 0.03780
780.00000 3.83607 0.04290 3.39548 0.06533
781.00000 3.85483 0.06687 3.25700 0.04859
782.00000 3.92094 0.04610 3.25351 0.03862
783.00000 3.97860 0.03394 3.31484 0.04327
784.00000 3.93912 0.07988 3.23379 0.05225
785.00000 4.00471 0.02529 3.21597 0.03930
786.00000 3.97661 0.05265 3.15557 0.02507
787.00000 3.94091 0.04635 3.16045 0.07157
788.00000 3.84550 0.07391 3.05000 0.06273
789.00000 3.97375 0.07693 3.16655 0.05399
790.00000 3.95321 0.05583 3.11314 0.05687
791.00000 4.01281 0.03862 3.09643 0.04414
792.00000 4.04492 0.07383 3.16154 0.05535
793.00000 3.95298 0.03384 3.35828 0.07212
794.00000 3.92572 0.05044 3.39920 0.04056
795.00000 3.98347 0.03058 3.31110 0.04147
796.00000 4.06241 0.06254 3.32514 0.05994
797.00000 4.09071 0.05694 3.28680 0.08113
798.00000 4.11182 0.07717 3.33022 0.05527
799.00000 4.08206 0.04570 3.35327 0.05584
800.00000 4.10140 0.05899 3.33965 0.05953
801.00000 4.06312 0.06132 3.28606 0.05147
802.00000 4.06822 0.05009 3.38808 0.04407
803.00000 4.13629 0.01693 3.37030 0.02359
804.00000 4.09450 0.04514 3.33707 0.08627
805.00000 4.12337 0.06082 3.40631 0.02186
806.00000 4.20349 0.05057 3.43585 0.04055
807.00000 4.12457 0.06779 3.40495 0.03380
808.00000 4.11264 0.05598 3.44132 0.06669
809.00000 4.12171 0.02627 3.33077 0.04509
810.00000 4.09167 0.05252 3.35033 0.04994
811.00000 4.06471 0.04997 3.34056 0.06064
812.00000 4.01273 0.07599 3.34162 0.03111
813.00000 3.96247 0.03147 3.27037 0.07841
814.00000 4.12549 0.05866 3.29364 0.08888
815.00000 4.02338 0.07548 3.45194 0.04221
816.00000 4.15346 0.03969 3.42694 0.04650
817.00000 4.06919 0.06462 3.37177 0.05682
818.00000 4.15745 0.05813 3.40511 0.05223
819.00000 4.15657 0.05234 3.34283 0.06723
820.00000 4.09535 0.04853 3.40299 0.03896
821.00000 4.15972 0.05795 3.47233 0.05110
822.00000 4.05876 0.07016 3.63595 0.05397
823.00000 3.99686 0.01883 3.48981 0.04209
824.00000 3.91944 0.07486 3.48460 0.05038
825.00000 4.04409 0.00875 3.40739 0.05163
826.00000 3.94893 0.05920 3.34391 0.06892
827.00000 4.01895 0.03991 3.34230 0.04008
828.00000 3.93198 0.06374 3.42047 0.02827
829.00000 3.93512 0.04579 3.38010 0.03006
830.00000 3.95477 0.04479 3.39658 0.04450
831.00000 3.91804 0.04538 3.31141 0.04831
832.00000 3.84180 0.06558 3.37806 0.02981
833.00000 3.86100 0.04345 3.46567 0.04678
834.00000 3.79847 0.04252 3.55970 0.06056
835.00000 3.86365 0.02257 3.38980 0.06337
836.00000 3.79950 0.04470 3.42734 0.03082
837.00000 3.91318 0.06431 3.45275 0.04933
838.00000 3.75644 0.03930 3.42714 0.01631
839.00000 3.73096 0.03432 3.35850 0.04589
840.00000 3.83718 0.07295 3.35294 0.04487
841.00000 3.79803 0.03051 3.33802 0.06899
842.00000 3.99377 0.07766 3.28811 0.07712
843.00000 3.76214 0.07396 3.22924 0.04289
844.00000 3.85833 0.04349 3.25532 0.04390
845.00000 3.94119 0.05193 3.20890 0.02556
846.00000 3.88707 0.05378 3.17926 0.02982
847.00000 3.96743 0.05263 3.25790 0.06390
848.00000 3.84450 0.03191 3.08549 0.04710
849.00000 3.76529 0.04425 3.08222 0.06403
1095.00000 4.09103 0.04579 3.01576 0.05083
1096.00000 4.22007 0.04635 3.11057 0.04031
1097.00000 4.16946 0.01919 3.13995 0.06803
1098.00000 4.19181 0.03057 3.21272 0.06441
1099.00000 4.19734 0.07727 3.20927 0.03908
1100.00000 4.08704 0.04104 3.28834 0.08385
1101.00000 4.22542 0.06405 3.16660 0.04663
1102.00000 4.07835 0.04972 3.23294 0.04579
1103.00000 4.16332 0.02380 3.24688 0.03873
1104.00000 4.15832 0.06340 3.26045 0.04530
1105.00000 4.09281 0.01961 3.21105 0.03853
1106.00000 4.09726 0.04103 3.17347 0.05266
1107.00000 4.18902 0.05543 3.19745 0.04143
1108.00000 4.02895 0.07010 3.24756 0.04499
1109.00000 4.20923 0.05801 3.22440 0.08635
1110.00000 3.96940 0.05547 3.32576 0.05402
1111.00000 4.10676 0.04476 3.32446 0.05304
1112.00000 3.95424 0.04094 3.26226 0.05202
1113.00000 4.08252 0.03661 3.26919 0.06462
1114.00000 4.11273 0.05809 3.17268 0.06044
1115.00000 4.05480 0.03781 3.27467 0.04067
1116.00000 4.10918 0.05138 3.23078 0.06535
1117.00000 3.97819 0.05531 3.24111 0.06460
1118.00000 3.97950 0.03929 3.27121 0.07463
1119.00000 4.02289 0.05137 3.30315 0.07403
1120.00000 3.92357 0.04850 3.25465 0.03615
1121.00000 3.94862 0.04779 3.31095 0.04100
1122.00000 3.84875 0.03257 3.31606 0.04684
1123.00000 3.86686 0.06480 3.35243 0.04286
1124.00000 3.98588 0.04526 3.46640 0.04865
1125.00000 4.10730 0.06590 3.35802 0.03491
1126.00000 3.87623 0.08273 3.35140 0.05226
1127.00000 3.97621 0.04820 3.33361 0.04618
1128.00000 4.03632 0.04145 3.39697 0.08513
1129.00000 4.08221 0.06363 3.38188 0.07318
1130.00000 4.07273 0.04558 3.42955 0.05525
1131.00000 4.12930 0.04087 3.36655 0.04709
1132.00000 4.11144 0.05719 3.30827 0.05021
1133.00000 4.17057 0.03456 3.29697 0.07902
1134.00000 4.24850 0.06395 3.39781 0.05873
1135.00000 4.15528 0.05144 3.40910 0.05881
1136.00000 4.15018 0.02393 3.43536 0.04141
1137.00000 4.11740 0.04478 3.48298 0.03335
1138.00000 4.16752 0.03593 3.61734 0.07414
1139.00000 4.28011 0.05945 3.49563 0.05846
1140.00000 4.11692 0.06751 3.58909 0.03241
1141.00000 4.01379 0.06868 3.61294 0.06112
1142.00000 4.10551 0.03254 3.56682 0.06408
1143.00000 4.02883 0.05126 3.61138 0.05412
1144.00000 4.16190 0.05142 3.56393 0.04679
1145.00000 4.23104 0.04820 3.54521 0.02553
1146.00000 4.30305 0.07181 3.46216 0.06611
1147.00000 4.29952 0.06862 3.47296 0.07962
1148.00000 4.31202 0.06985 3.49489 0.05564
1149.00000 4.32091 0.05302 3.56764 0.07631
1150.00000 4.40513 0.04081 3.48049 0.03655
1151.00000 4.31093 0.07053 3.49367 0.06886
1152.00000 4.49006 0.05010 3.61015 0.07735
1153.00000 4.33493 0.04085 3.47889 0.06434
1154.00000 4.33442 0.05592 3.57685 0.05372
1155.00000 4.49790 0.08062 3.52450 0.03695
1156.00000 4.31857 0.06826 3.56959 0.07699
1157.00000 4.17962 0.05112 3.50814 0.07777
1158.00000 4.40584 0.05457 3.59687 0.04905
1159.00000 4.14963 0.07862 3.53550 0.04007
1160.00000 4.30862 0.05068 3.64539 0.05957
1161.00000 4.33202 0.07969 3.56931 0.04727
1162.00000 4.27080 0.02543 3.63098 0.07824
1163.00000 4.16344 0.06370 3.52063 0.05809
1164.00000 4.20098 0.05403 3.63921 0.06704
1165.00000 3.99251 0.05849 3.62928 0.01329
1166.00000 3.96978 0.04608 3.64686 0.05751
1167.00000 4.16364 0.08296 3.74588 0.05778
1168.00000 3.99919 0.06043 3.65266 0.04177
1169.00000 4.06872 0.06772 3.70928 0.06553
1170.00000 3.98988 0.06021 3.59536 0.05181
1171.00000 4.03645 0.05159 3.68541 0.04655
1172.00000 4.06238 0.04777 3.69495 0.01428
1173.00000 4.00389 0.05264 3.64427 0.06275
1174.00000 4.11077 0.02637 3.58489 0.05691
1175.00000 4.15133 0.05505 3.69943 0.05581
1176.00000 4.18789 0.03723 3.57779 0.02584
1177.00000 4.25824 0.07381 3.59723 0.04115
1178.00000 4.05887 0.05699 3.74827 0.08024
1179.00000 4.09893 0.06970 3.62757 0.03384
1180.00000 4.19378 0.04332 3.56311 0.05368
1181.00000 4.27928 0.03252 3.58184 0.05096
1182.00000 4.21753 0.06209 3.67119 0.04338
1183.00000 4.19441 0.04939 3.52807 0.07590
1184.00000 4.29371 0.03980 3.50264 0.06519
1185.00000 4.32084 0.03372 3.48010 0.07471
1186.00000 4.25704 0.02177 3.67534 0.07778
1187.00000 4.28015 0.03672 3.54583 0.03296
1188.00000 4.20392 0.05810 3.58543 0.03074
1189.00000 4.21357 0.03362 3.55552 0.02080
1190.00000 4.32224 0.06745 3.52042 0.03402
1191.00000 4.22934 0.04803 3.42262 0.04580
1192.00000 4.15626 0.06076 3.54637 0.03149
1193.00000 4.32502 0.04190 3.43026 0.06730
1194.00000 4.29518 0.03522 3.46463 0.06178
1195.00000 4.31628 0.06363 3.56338 0.06254
1196.00000 4.38512 0.06412 3.59746 0.06324
1197.00000 4.41672 0.07114 3.50152 0.04489
1198.00000 4.34805 0.04021 3.47306 0.04802
1199.00000 4.29752 0.06267 3.58334 0.03138
1200.00000 4.35983 0.06044 3.50258 0.02738
1201.00000 4.32021 0.05226 3.62623 0.05895
1202.00000 4.44112 0.04307 3.39559 0.07652
1203.00000 4.33022 0.05371 3.63635 0.07188
1204.00000 4.26212 0.06762 3.53920 0.06104
1205.00000 4.33062 0.05183 3.55836 0.05547
1206.00000 4.40503 0.03593 3.52934 0.07247
1207.00000 4.37006 0.07599 3.54139 0.07687
1208.00000 4.23143 0.06205 3.39217 0.04059
1209.00000 4.28090 0.07229 3.44945 0.04597
1210.00000 4.29405 0.04615 3.46671 0.04799
1211.00000 4.23707 0.06959 3.46339 0.03614
1212.00000 4.30922 0.02916 3.45416 0.06096
1213.00000 4.24645 0.05774 3.46565 0.02766
1214.00000 4.37063 0.04516 3.45331 0.04404
1460.00000 2.95449 0.04651 3.73120 0.04205
1461.00000 2.92177 0.05868 3.65055 0.08278
1462.00000 2.99160 0.06173 3.61175 0.06176
1463.00000 2.98485 0.04081 3.49851 0.05557
1464.00000 2.89659 0.07286 3.55073 0.07219
1465.00000 2.90690 0.04814 3.62234 0.05992
1466.00000 3.05829 0.03473 3.56227 0.04624
1467.00000 3.12079 0.06542 3.63671 0.04775
1468.00000 2.96038 0.04648 3.53615 0.02494
1469.00000 3.07958 0.04860 3.63985 0.05756
1470.00000 3.08930 0.03764 3.59212 0.06193
1471.00000 3.04541 0.04623 3.49570 0.02941
1472.00000 3.14084 0.03727 3.56745 0.05197
1473.00000 3.03317 0.06353 3.48331 0.04079
1474.00000 3.08014 0.01324 3.43695 0.03040
1475.00000 2.99901 0.04773 3.37824 0.07203
1476.00000 3.02596 0.04376 3.33914 0.06130
1477.00000 3.12165 0.03378 3.39104 0.08280
1478.00000 3.15196 0.04846 3.45720 0.03670
1479.00000 3.03142 0.05050 3.43075 0.02766
1480.00000 3.07953 0.04568 3.46229 0.05084
1481.00000 2.98485 0.03652 3.34979 0.02520
1482.00000 3.03198 0.02340 3.17371 0.06198
1483.00000 3.00239 0.05838 3.20748 0.05778
1484.00000 2.92413 0.04359 3.08900 0.05807
1485.00000 3.12757 0.06071 3.21511 0.06182
1486.00000 2.95496 0.06994 3.15501 0.06935
1487.00000 3.12199 0.05136 3.32970 0.06275
1488.00000 3.12013 0.06573 3.15054 0.07001
1489.00000 2.98092 0.02254 3.07439 0.05444
1490.00000 2.97176 0.03127 2.99277 0.05555
1491.00000 3.01158 0.06198 3.08486 0.05222
1492.00000 2.99367 0.06492 3.01996 0.06555
1493.00000 2.92882 0.06285 3.12728 0.04731
1494.00000 2.95639 0.06306 3.05681 0.04381
1495.00000 2.97993 0.03548 3.12774 0.06810
1496.00000 2.99474 0.07229 3.14654 0.04299
1497.00000 2.95558 0.03632 3.07970 0.05949
1498.00000 3.08071 0.04005 3.12572 0.05830
1499.00000 3.13574 0.07614 3.08998 0.06747
1500.00000 3.16254 0.02778 3.09901 0.04529
1501.00000 3.20850 0.03976 3.06659 0.06194
1502.00000 3.12852 0.02301 3.10167 0.07110
1503.00000 3.07242 0.03916 3.14350 0.07490
1504.00000 3.02532 0.09342 3.05602 0.05645
1505.00000 3.15393 0.06282 2.98387 0.06442
1506.00000 3.06298 0.05732 2.99472 0.05992
1507.00000 3.13912 0.07933 2.94915 0.06976
1508.00000 3.03038 0.07213 2.95304 0.03789
1509.00000 3.23227 0.03616 2.96761 0.08032
1510.00000 3.11700 0.02132 3.13086 0.04709
1511.00000 3.15991 0.06316 2.98565 0.03551
1512.00000 3.07390 0.05827 3.03529 0.06858
1513.00000 3.00258 0.04467 3.04358 0.04730
1514.00000 2.96592 0.05930 2.90715 0.08607
1515.00000 3.10827 0.07575 3.03124 0.04850
1516.00000 3.06671 0.02715 2.95115 0.08011
1517.00000 3.04900 0.03888 3.11103 0.08170
1518.00000 3.03515 0.05408 3.16926 0.07473
1519.00000 2.99459 0.05294 3.10490 0.06617
1520.00000 3.05617 0.03204 3.00568 0.03294
1521.00000 3.05259 0.05970 3.03834 0.03525
1522.00000 3.04762 0.07011 3.13836 0.07037
1523.00000 3.14447 0.04658 3.07330 0.05820
1524.00000 3.10651 0.02979 3.17435 0.08561
1525.00000 3.09894 0.05717 3.04731 0.05062
1526.00000 3.05211 0.08137 3.05619 0.01150
1527.00000 3.16459 0.05531 3.01019 0.05859
1528.00000 3.13945 0.02127 2.88445 0.06218
1529.00000 3.11792 0.03842 2.96885 0.02350
1530.00000 3.03611 0.05577 2.91187 0.05390
1531.00000 2.95306 0.05608 2.93150 0.01875
1532.00000 2.95416 0.05719 3.01116 0.08358
1533.00000 3.06481 0.08150 3.01206 0.06498
1534.00000 3.06389 0.06193 2.86232 0.06376
1535.00000 3.12390 0.04845 2.98177 0.02706
1536.00000 2.98130 0.05024 2.97532 0.04120
1537.00000 3.04071 0.08113 3.01904 0.04413
1538.00000 3.03610 0.06030 3.02253 0.06385
1539.00000 2.99035 0.05146 3.04610 0.05527
1540.00000 2.96036 0.04710 3.02658 0.04785
1541.00000 2.96811 0.04615 2.89207 0.03112
1542.00000 2.83471 0.02762 2.79628 0.05345
1543.00000 2.89644 0.05976 2.85107 0.08172
1544.00000 2.82215 0.03767 2.87704 0.03605
1545.00000 2.91945 0.03674 2.85126 0.06913
1546.00000 2.86560 0.04341 2.77180 0.07916
1547.00000 2.90186 0.03522 2.75013 0.06343
1548.00000 2.96360 0.06108 2.88774 0.04312
1549.00000 2.90233 0.05452 2.97925 0.04122
1550.00000 2.94604 0.02708 2.83594 0.02935
1551.00000 2.87231 0.03864 2.86600 0.04273
1552.00000 2.85474 0.04134 2.76933 0.04861
1553.00000 2.91089 0.05268 2.86557 0.03811
1554.00000 3.01558 0.03580 2.84841 0.03940
1555.00000 2.87423 0.06081 2.63282 0.06167
1556.00000 2.93504 0.06396 2.73791 0.04879
1557.00000 2.97881 0.05776 2.89465 0.08290
1558.00000 2.95045 0.03722 2.77256 0.01771
1559.00000 2.99901 0.03511 2.83567 0.05896
1560.00000 3.04279 0.02918 2.74174 0.04441
1561.00000 3.06496 0.04937 2.74163 0.03435
1562.00000 3.19043 0.06326 2.80152 0.04348
1563.00000 3.09451 0.06391 2.81390 0.04241
1564.00000 3.07879 0.03184 2.76253 0.06829
1565.00000 3.01078 0.04550 2.84732 0.04072
1566.00000 3.08206 0.06209 2.87108 0.07175
1567.00000 3.06747 0.02196 2.68321 0.04763
1568.00000 3.05700 0.04438 2.91227 0.07120
1569.00000 3.02579 0.07362 2.77367 0.05196
1570.00000 3.08024 0.05565 2.72130 0.06830
1571.00000 3.06335 0.04099 2.81836 0.03470
1572.00000 2.95325 0.04700 2.69331 0.04637
1573.00000 3.06966 0.02874 2.80920 0.03826
1574.00000 3.01654 0.04704 2.79052 0.04450
1575.00000 2.99738 0.04741 2.78895 0.06222
1576.00000 2.84492 0.05038 2.73635 0.05104
1577.00000 3.07592 0.04334 2.90781 0.07764
1578.00000 2.98267 0.05003 2.77544 0.04425
1579.00000 2.70896 0.08162 2.58990 0.05009
1825.00000 3.07350 0.05567 2.71109 0.06730
1826.00000 3.07450 0.05474 2.61301 0.05205
1827.00000 3.10080 0.07213 2.49657 0.03701
1828.00000 3.07214 0.05838 2.54942 0.05561
1829.00000 3.04416 0.05308 2.65922 0.06951
1830.00000 3.08963 0.04568 2.55523 0.04851
1831.00000 3.12296 0.04322 2.65760 0.05975
1832.00000 3.10611 0.03299 2.66251 0.05209
1833.00000 3.16336 0.05210 2.67563 0.05779
1834.00000 3.19586 0.04652 2.79659 0.07025
1835.00000 3.17847 0.04861 2.71741 0.06758
1836.00000 3.38027 0.07433 2.82026 0.05729
1837.00000 3.26675 0.04507 2.83808 0.06215
1838.00000 3.15772 0.05098 2.66017 0.05353
1839.00000 3.08180 0.03257 2.78711 0.07503
1840.00000 3.07051 0.04629 2.65519 0.05452
1841.00000 3.10386 0.04212 2.63140 0.05629
1842.00000 3.18828 0.04438 2.63905 0.08217
1843.00000 3.26874 0.04751 2.75748 0.06026
1844.00000 3.05671 0.05752 2.72279 0.03572
1845.00000 2.99936 0.07092 2.75990 0.05851
1846.00000 3.04407 0.05614 2.73041 0.03082
1847.00000 3.08601 0.05254 2.73217 0.06146
1848.00000 3.08267 0.06481 2.62216 0.04915
1849.00000 3.11751 0.04223 2.66872 0.04779
1850.00000 3.08687 0.05233 2.60746 0.08532
1851.00000 3.16816 0.06745 2.64375 0.04561
1852.00000 3.19225 0.07545 2.72819 0.04771
1853.00000 3.18032 0.06443 2.69127 0.04922
1854.00000 3.20051 0.01300 2.82052 0.03614
1855.00000 3.30020 0.05245 2.64012 0.04678
1856.00000 3.13834 0.04697 2.70362 0.06983
1857.00000 3.26713 0.07220 2.76445 0.02567
1858.00000 3.36500 0.07705 2.72807 0.07453
1859.00000 3.30788 0.03456 2.78639 0.05056
1860.00000 3.27938 0.02511 2.68051 0.06051
1861.00000 3.27974 0.02199 2.76729 0.05611
1862.00000 3.24543 0.06041 2.70641 0.06230
1863.00000 3.34933 0.07426 2.72506 0.06927
1864.00000 3.34433 0.04518 2.80112 0.03150
1865.00000 3.34335 0.02986 2.66475 0.06040
1866.00000 3.37652 0.04737 2.70308 0.04415
1867.00000 3.28170 0.07034 2.69511 0.05870
1868.00000 3.35931 0.03583 2.61675 0.06302
1869.00000 3.31307 0.06261 2.59516 0.04280
1870.00000 3.37303 0.05123 2.54024 0.05068
1871.00000 3.41242 0.03597 2.62065 0.05218
1872.00000 3.31518 0.05927 2.61457 0.08540
1873.00000 3.37134 0.02985 2.49760 0.05456
1874.00000 3.42963 0.07439 2.62864 0.04676
1875.00000 3.50918 0.05507 2.60078 0.05536
1876.00000 3.52978 0.05927 2.61416 0.09048
1877.00000 3.48981 0.05056 2.46783 0.09672
1878.00000 3.48675 0.04876 2.65874 0.08391
1879.00000 3.33321 0.03707 2.58713 0.06356
1880.00000 3.37764 0.06406 2.54772 0.06606
1881.00000 3.43342 0.05480 2.57160 0.05290
1882.00000 3.33393 0.06158 2.44245 0.05329
1883.00000 3.34899 0.05344 2.46964 0.05100
1884.00000 3.38418 0.03555 2.56706 0.07652
1885.00000 3.37706 0.05417 2.44470 0.06833
1886.00000 3.40923 0.00738 2.42534 0.03945
1887.00000 3.39281 0.05884 2.46750 0.05521
1888.00000 3.44030 0.04477 2.41387 0.04963
1889.00000 3.40987 0.04549 2.42605 0.04188
1890.00000 3.34870 0.05096 2.35098 0.04681
1891.00000 3.38399 0.04485 2.40651 0.06528
1892.00000 3.37467 0.02889 2.47224 0.03609
1893.00000 3.43600 0.04886 2.52620 0.05854
1894.00000 3.27769 0.04930 2.41590 0.03459
1895.00000 3.37885 0.05024 2.46033 0.05163
1896.00000 3.41088 0.03357 2.34627 0.07759
1897.00000 3.29445 0.05575 2.47109 0.09004
1898.00000 3.39140 0.03265 2.46578 0.04090
1899.00000 3.37405 0.09619 2.54532 0.05727
1900.00000 3.23213 0.04577 2.57854 0.04174
1901.00000 3.35945 0.06078 2.49503 0.05899
1902.00000 3.25420 0.04744 2.54895 0.05242
1903.00000 3.17727 0.07821 2.46212 0.05724
1904.00000 3.28009 0.02483 2.44821 0.04625
1905.00000 3.27272 0.04230 2.52140 0.05048
1906.00000 3.30446 0.02837 2.48386 0.05141
1907.00000 3.18805 0.05550 2.55603 0.06171
1908.00000 3.14935 0.05866 2.56322 0.04385
1909.00000 3.25132 0.03245 2.66208 0.06584
1910.00000 3.23386 0.07179 2.56099 0.06207
1911.00000 3.29594 0.04046 2.57200 0.05283
1912.00000 3.29957 0.05681 2.57440 0.07677
1913.00000 3.38734 0.05039 2.56847 0.07082
1914.00000 3.34666 0.06640 2.45323 0.05546
1915.00000 3.29533 0.07112 2.57138 0.06901
1916.00000 3.22822 0.03734 2.74754 0.07327
1917.00000 3.34789 0.04881 2.47045 0.05004
1918.00000 3.24800 0.03969 2.63615 0.07286
1919.00000 3.34966 0.04972 2.60438 0.05233
1920.00000 3.28820 0.02629 2.56370 0.08471
1921.00000 3.11524 0.07313 2.47283 0.08798
1922.00000 3.21585 0.05139 2.51764 0.07488
1923.00000 3.29800 0.07069 2.58268 0.00321
1924.00000 3.09035 0.05047 2.72286 0.07907
1925.00000 3.24538 0.04709 2.53356 0.05533
1926.00000 3.21210 0.02594 2.56928 0.06578
1927.00000 3.09638 0.04747 2.56644 0.03962
1928.00000 3.18500 0.07402 2.56377 0.05547
1929.00000 2.99041 0.05506 2.60725 0.03666
1930.00000 2.97012 0.07976 2.55700 0.05194
1931.00000 3.06590 0.05897 2.48977 0.04847
1932.00000 3.15535 0.05645 2.46343 0.07133
1933.00000 3.10252 0.04731 2.46610 0.07002
1934.00000 3.08490 0.04993 2.55156 0.04365
1935.00000 3.20931 0.07251 2.56581 0.01237
1936.00000 3.02680 0.03361 2.48018 0.02898
1937.00000 3.07557 0.04177 2.44062 0.05548
1938.00000 3.08991 0.02709 2.54754 0.04211
1939.00000 3.11682 0.07822 2.59733 0.04251
1940.00000 3.14761 0.05627 2.46545 0.05697
1941.00000 3.10913 0.06192 2.50019 0.05162
1942.00000 3.02450 0.04690 2.53269 0.04718
1943.00000 3.04701 0.07149 2.36756 0.05342
1944.00000 3.02912 0.06996 2.49440 0.04444
2190.00000 3.54506 0.04274 2.28715 0.04399
2191.00000 3.69854 0.04518 2.26765 0.08426
2192.00000 3.67859 0.05250 2.37451 0.06174
2193.00000 3.54705 0.07819 2.32851 0.05854
2194.00000 3.67687 0.05521 2.32343 0.05411
2195.00000 3.53996 0.04029 2.37892 0.03919
2196.00000 3.59703 0.03696 2.41630 0.02990
2197.00000 3.68665 0.03898 2.44768 0.06213
2198.00000 3.55563 0.05728 2.44278 0.05774
2199.00000 3.57873 0.05136 2.39624 0.07930
2200.00000 3.51219 0.05214 2.42905 0.03257
2201.00000 3.59308 0.04479 2.42746 0.04889
2202.00000 3.59504 0.05718 2.41094 0.04188
2203.00000 3.62778 0.02975 2.40929 0.03806
2204.00000 3.70536 0.05521 2.45640 0.05655
2205.00000 3.66082 0.06266 2.46501 0.04698
2206.00000 3.69995 0.06784 2.44993 0.09378
2207.00000 3.67760 0.06148 2.52920 0.05101
2208.00000 3.80136 0.07868 2.51166 0.05435
2209.00000 3.81076 0.05906 2.57345 0.03602
2210.00000 3.85039 0.05756 2.48889 0.04782
2211.00000 3.88656 0.05495 2.37476 0.07926
2212.00000 3.92408 0.04478 2.56844 0.07755
2213.00000 3.96051 0.05740 2.49360 0.02663
2214.00000 3.94741 0.05899 2.53264 0.06851
2215.00000 3.81699 0.04483 2.55951 0.05700
2216.00000 3.83177 0.04941 2.47945 0.03124
2217.00000 3.76980 0.06642 2.54614 0.04817
2218.00000 3.81484 0.05662 2.47321 0.03688
2219.00000 3.90516 0.05579 2.48910 0.04007
2220.00000 4.02229 0.06791 2.51620 0.04515
2221.00000 3.98421 0.05380 2.58383 0.06153
2222.00000 3.92529 0.02899 2.69258 0.08412
2223.00000 4.00395 0.06525 2.53443 0.06729
2224.00000 3.88537 0.06096 2.52684 0.06834
2225.00000 3.85828 0.05398 2.55190 0.03484
2226.00000 4.05504 0.07623 2.57965 0.05629
2227.00000 4.06164 0.06312 2.54125 0.04807
2228.00000 4.05378 0.05408 2.57927 0.06640
2229.00000 3.98785 0.04410 2.56702 0.04667
2230.00000 3.93411 0.03307 2.64120 0.03827
2231.00000 3.96618 0.05436 2.48684 0.04005
2232.00000 3.86462 0.05121 2.47823 0.07009
2233.00000 3.88960 0.03676 2.54635 0.05400
2234.00000 3.91838 0.06329 2.54923 0.05759
2235.00000 3.93486 0.07061 2.67405 0.04392
2236.00000 4.08911 0.09104 2.66546 0.05793
2237.00000 3.78107 0.05376 2.66735 0.06395
2238.00000 3.94562 0.06004 2.61921 0.03238
2239.00000 3.80373 0.03405 2.64591 0.03224
2240.00000 3.75229 0.04851 2.70650 0.06905
2241.00000 3.75281 0.03458 2.64988 0.03866
2242.00000 3.86320 0.08270 2.62107 0.05927
2243.00000 3.86521 0.06940 2.59029 0.03461
2244.00000 3.63890 0.04010 2.57708 0.08088
2245.00000 3.85730 0.06801 2.64261 0.06914
2246.00000 3.77333 0.07241 2.47880 0.06115
2247.00000 3.68088 0.04862 2.59225 0.07036
2248.00000 3.72858 0.07750 2.56181 0.03526
2249.00000 3.80443 0.03864 2.61495 0.03081
2250.00000 3.79293 0.06052 2.55765 0.04306
2251.00000 3.88138 0.06889 2.59251 0.03806
2252.00000 3.85295 0.04972 2.66056 0.05403
2253.00000 3.89107 0.05678 2.71032 0.03438
2254.00000 3.85476 0.03678 2.78917 0.04129
2255.00000 3.89574 0.03753 2.76304 0.07126
2256.00000 3.87589 0.04483 2.72411 0.05161
2257.00000 3.89862 0.02655 2.82526 0.06993
2258.00000 3.93944 0.08002 2.56534 0.05419
2259.00000 3.83012 0.06377 2.52675 0.07775
2260.00000 3.94253 0.02614 2.62021 0.05073
2261.00000 3.91866 0.06634 2.57950 0.04268
2262.00000 3.88884 0.04910 2.65522 0.06514
2263.00000 3.89070 0.03739 2.67239 0.05733
2264.00000 3.94039 0.04034 2.70899 0.05526
2265.00000 4.01448 0.04945 2.67417 0.05335
2266.00000 3.92207 0.02114 2.57684 0.05218
2267.00000 3.97850 0.05669 2.52466 0.04307
2268.00000 3.93671 0.04732 2.55077 0.02791
2269.00000 3.81837 0.04715 2.48340 0.03543
2270.00000 3.85975 0.06858 2.52568 0.07977
2271.00000 3.88449 0.04718 2.46944 0.03423
2272.00000 3.94409 0.04982 2.58368 0.04093
2273.00000 3.92264 0.03736 2.58466 0.06669
2274.00000 3.93668 0.05707 2.50403 0.03916
2275.00000 4.02068 0.05709 2.44125 0.06108
2276.00000 3.96933 0.03221 2.51513 0.05573
2277.00000 3.97161 0.06574 2.54249 0.02226
2278.00000 4.10745 0.07609 2.59645 0.05646
2279.00000 4.05810 0.03109 2.60180 0.07556
2280.00000 4.09049 0.06630 2.49702 0.03741
2281.00000 4.06307 0.06136 2.58576 0.03844
2282.00000 4.07878 0.05365 2.53768 0.04116
2283.00000 4.08640 0.07415 2.56595 0.08888
2284.00000 4.09090 0.02750 2.58539 0.05706
2285.00000 4.09347 0.05584 2.64713 0.08228
2286.00000 4.11021 0.04643 2.67426 0.03607
2287.00000 4.15414 0.06730 2.63154 0.04489
2288.00000 4.32880 0.05189 2.78160 0.05351
2289.00000 4.28513 0.03584 2.59584 0.06188
2290.00000 4.22828 0.04637 2.54610 0.06413
2291.00000 4.18890 0.04048 2.55226 0.04214
2292.00000 4.08011 0.04324 2.42443 0.06793
2293.00000 4.05162 0.06032 2.48315 0.05027
2294.00000 4.18992 0.05675 2.52935 0.03712
2295.00000 4.10891 0.06558 2.58567 0.03275
2296.00000 4.13237 0.04690 2.65792 0.04979
2297.00000 4.17399 0.07641 2.59481 0.04478
2298.00000 4.05539 0.04959 2.49793 0.07056
2299.00000 4.06856 0.06103 2.51940 0.06280
2300.00000 4.13993 0.08049 2.51514 0.09563
2301.00000 4.03686 0.07719 2.61314 0.05858
2302.00000 4.08352 0.04506 2.55398 0.04186
2303.00000 4.02321 0.02760 2.47073 0.05368
2304.00000 4.01361 0.07164 2.57747 0.05357
2305.00000 4.03548 0.05575 2.60381 0.06520
2306.00000 3.95585 0.02838 2.58708 0.04578
2307.00000 4.05637 0.05379 2.56058 0.05255
2308.00000 4.09065 0.04697 2.64680 0.07614
2309.00000 3.98769 0.06279 2.63740 0.02546
2555.00000 3.85122 0.05424 3.22663 0.03765
2556.00000 3.78962 0.04293 3.24202 0.06123
2557.00000 3.77909 0.07161 3.09438 0.08198
2558.00000 3.85913 0.03813 3.14024 0.04497
2559.00000 3.72507 0.08225 3.09847 0.07688
2560.00000 3.89381 0.02992 3.18836 0.04339
2561.00000 3.80496 0.05005 3.14082 0.04963
2562.00000 3.76347 0.05649 3.14372 0.05805
2563.00000 3.74096 0.05466 3.21146 0.08520
2564.00000 3.60532 0.05542 3.09518 0.05286
2565.00000 3.69736 0.03244 3.20873 0.05456
2566.00000 3.74447 0.02635 3.04409 0.07163
2567.00000 3.74655 0.05185 3.12024 0.05622
2568.00000 3.80218 0.04267 3.07352 0.08106
2569.00000 3.79314 0.06334 3.11703 0.07424
2570.00000 3.67669 0.04011 3.17804 0.07846
2571.00000 3.83210 0.06398 3.22548 0.07085
2572.00000 3.75718 0.03094 3.23045 0.04654
2573.00000 3.74088 0.02750 3.12129 0.03821
2574.00000 3.65376 0.04126 3.13637 0.07276
2575.00000 3.72579 0.05467 3.34661 0.05142
2576.00000 3.76742 0.05253 3.34009 0.07120
2577.00000 3.72859 0.05476 3.27232 0.04487
2578.00000 3.81824 0.04360 3.37369 0.05185
2579.00000 3.81452 0.04053 3.31396 0.06294
2580.00000 3.79531 0.05193 3.40033 0.04552
2581.00000 3.83115 0.06776 3.45617 0.04351
2582.00000 3.91181 0.03737 3.37793 0.05370
2583.00000 3.90884 0.03233 3.39486 0.06537
2584.00000 3.85516 0.04813 3.43059 0.06272
2585.00000 3.77769 0.04205 3.42563 0.07159
2586.00000 3.87544 0.09360 3.37753 0.06792
2587.00000 3.72388 0.05111 3.41837 0.04002
2588.00000 3.69632 0.05179 3.31382 0.05426
2589.00000 3.66711 0.04659 3.38047 0.03492
2590.00000 3.69136 0.06260 3.30894 0.05159
2591.00000 3.72028 0.03643 3.39196 0.07550
2592.00000 3.65189 0.03657 3.29681 0.05502
2593.00000 3.55741 0.06074 3.42025 0.04767
2594.00000 3.51464 0.05891 3.36816 0.04257
2595.00000 3.63294 0.06905 3.29551 0.04640
2596.00000 3.66363 0.07202 3.40946 0.05465
2597.00000 3.63885 0.03888 3.24766 0.04917
2598.00000 3.71480 0.07386 3.33042 0.04700
2599.00000 3.56854 0.04937 3.31227 0.06524
2600.00000 3.58128 0.05388 3.38830 0.05026
2601.00000 3.42241 0.08726 3.48472 0.04985
2602.00000 3.62910 0.07299 3.51266 0.05776
2603.00000 3.48237 0.06878 3.41156 0.04589
2604.00000 3.51377 0.06414 3.45768 0.04996
2605.00000 3.49602 0.04876 3.54487 0.04147
2606.00000 3.56811 0.02753 3.51834 0.04489
2607.00000 3.66313 0.07321 3.51979 0.05551
2608.00000 3.59668 0.06711 3.38894 0.03880
2609.00000 3.66486 0.05628 3.45695 0.03334
2610.00000 3.63115 0.06237 3.59109 0.05735
2611.00000 3.65585 0.04714 3.45903 0.04349
2612.00000 3.61709 0.04530 3.47642 0.04106
2613.00000 3.66644 0.03954 3.44882 0.04684
2614.00000 3.73623 0.05411 3.36651 0.08034
2615.00000 3.68625 0.05707 3.30711 0.04458
2616.00000 3.84471 0.03472 3.33522 0.07398
2617.00000 3.89453 0.07774 3.47460 0.05926
2618.00000 3.83186 0.06398 3.45016 0.05696
2619.00000 3.82199 0.02915 3.45506 0.05028
2620.00000 3.82547 0.02102 3.40285 0.06169
2621.00000 3.87007 0.04369 3.41260 0.04881
2622.00000 3.90573 0.03381 3.34912 0.04324
2623.00000 3.88984 0.00463 3.40947 0.05281
2624.00000 3.86426 0.03675 3.49989 0.04908
2625.00000 3.95048 0.05060 3.44505 0.07087
2626.00000 3.91336 0.05053 3.52073 0.05526
2627.00000 3.98636 0.03902 3.54868 0.04543
2628.00000 4.03395 0.05671 3.57340 0.05973
2629.00000 3.95300 0.03926 3.45561 0.05444
2630.00000 4.17009 0.06100 3.53964 0.04998
2631.00000 4.01660 0.04661 3.49585 0.05007
2632.00000 4.12586 0.05038 3.47208 0.04499
2633.00000 4.07586 0.04688 3.58431 0.07784
2634.00000 4.22690 0.06038 3.45601 0.07240
2635.00000 4.17576 0.04385 3.43580 0.04578
2636.00000 4.36949 0.07917 3.34854 0.05116
2637.00000 4.34407 0.03948 3.34873 0.02123
2638.00000 4.38297 0.06561 3.44164 0.04217
2639.00000 4.35809 0.05335 3.46465 0.04401
2640.00000 4.33911 0.06884 3.39604 0.06006
2641.00000 4.34663 0.05652 3.40153 0.02737
2642.00000 4.36335 0.06599 3.39347 0.02464
2643.00000 4.44000 0.04361 3.43606 0.05190
2644.00000 4.42042 0.04667 3.42957 0.04054
2645.00000 4.43620 0.04761 3.52679 0.08065
2646.00000 4.39670 0.06128 3.66692 0.07794
2647.00000 4.25479 0.05807 3.38289 0.04614
2648.00000 4.31055 0.03603 3.52464 0.06802
2649.00000 4.22605 0.03613 3.54040 0.03395
2650.00000 4.34717 0.05534 3.39501 0.03530
2651.00000 4.26655 0.05448 3.41273 0.04784
2652.00000 4.33629 0.06899 3.48863 0.03982
2653.00000 4.30951 0.06924 3.53217 0.04232
2654.00000 4.48031 0.06601 3.39419 0.07285
2655.00000 4.25557 0.02575 3.54109 0.05917
2656.00000 4.20939 0.05780 3.32883 0.07042
2657.00000 4.41681 0.06801 3.43230 0.04503
2658.00000 4.24004 0.05984 3.35256 0.04597
2659.00000 4.29508 0.05077 3.29981 0.06477
2660.00000 4.31305 0.03698 3.40745 0.08181
2661.00000 4.41181 0.05176 3.24578 0.09055
2662.00000 4.14239 0.06556 3.33305 0.06448
2663.00000 4.29284 0.03779 3.22315 0.01833
2664.00000 4.31173 0.05394 3.23438 0.06508
2665.00000 4.08829 0.08000 3.21774 0.04838
2666.00000 4.36368 0.02361 3.19979 0.02861
2667.00000 4.39375 0.03360 3.22012 0.05462
2668.00000 4.50562 0.05836 3.24910 0.06797
2669.00000 4.34917 0.03333 3.17669 0.03957
2670.00000 4.55768 0.07045 3.26234 0.04424
2671.00000 4.25506 0.06764 3.16813 0.01188
2672.00000 4.49031 0.06211 3.18947 0.05007
2673.00000 4.41440 0.07286 3.18378 0.01312
2674.00000 4.39082 0.04750 3.07115 0.03338
2920.00000 4.70149 0.04700 4.08126 0.05078
2921.00000 4.78590 0.03159 4.17399 0.06104
2922.00000 4.89263 0.06596 4.09116 0.05572
2923.00000 4.89790 0.08921 4.09493 0.06231
2924.00000 4.94889 0.06961 4.14326 0.07235
2925.00000 4.92990 0.03764 4.10968 0.04986
2926.00000 4.72494 0.06460 4.14522 0.03880
2927.00000 4.90246 0.07526 4.29829 0.04471
2928.00000 4.80662 0.05919 4.16455 0.07366
2929.00000 4.90245 0.03617 4.19164 0.05312
2930.00000 4.81751 0.08326 4.26209 0.06902
2931.00000 4.94269 0.05738 4.26501 0.05458
2932.00000 5.13944 0.06500 4.20336 0.03509
2933.00000 4.92475 0.04387 4.31130 0.04682
2934.00000 4.95844 0.08002 4.25115 0.04618
2935.00000 4.95951 0.04861 4.09236 0.05873
2936.00000 4.85355 0.04280 4.12230 0.07416
2937.00000 4.90357 0.04973 4.01446 0.05190
2938.00000 4.73982 0.07282 4.15270 0.04839
2939.00000 4.91008 0.05216 4.14572 0.06056
2940.00000 4.69507 0.05105 4.08063 0.00868
2941.00000 4.74902 0.02355 4.11080 0.05299
2942.00000 4.70179 0.05714 4.06706 0.06618
2943.00000 4.48103 0.07333 3.95529 0.04759
2944.00000 4.84206 0.03654 4.05502 0.06561
2945.00000 4.82241 0.05438 3.94214 0.05486
2946.00000 4.72066 0.03052 4.12846 0.05003
2947.00000 4.74334 0.07143 3.90850 0.03170
2948.00000 4.72178 0.05353 3.92318 0.02015
2949.00000 4.80052 0.06324 3.96258 0.02804
2950.00000 4.65236 0.06844 3.91501 0.04337
2951.00000 4.72835 0.03105 3.89139 0.03568
2952.00000 4.59068 0.05455 3.97949 0.04707
2953.00000 4.69501 0.06181 3.98637 0.04200
2954.00000 4.58148 0.05933 3.95975 0.04551
2955.00000 4.71015 0.04535 3.86244 0.05999
2956.00000 4.60289 0.04790 3.85853 0.03280
2957.00000 4.58749 0.03896 3.89412 0.04414
2958.00000 4.59196 0.04222 3.95098 0.04943
2959.00000 4.58162 0.06177 3.99689 0.06160
2960.00000 4.63809 0.04741 3.92145 0.03354
2961.00000 4.55590 0.03344 3.95011 0.04083
2962.00000 4.48665 0.06463 4.08447 0.04489
2963.00000 4.51645 0.04167 4.00566 0.05254
2964.00000 4.60445 0.04890 4.09466 0.05014
2965.00000 4.58263 0.05167 4.09617 0.05055
2966.00000 4.59333 0.08547 4.13995 0.04062
2967.00000 4.43110 0.03128 4.13542 0.05089
2968.00000 4.56392 0.07444 4.20916 0.02689
2969.00000 4.51800 0.05273 4.12568 0.05258
2970.00000 4.54259 0.09175 4.25847 0.06163
2971.00000 4.57731 0.02156 4.08361 0.06252
2972.00000 4.53337 0.07173 4.03112 0.06541
2973.00000 4.65686 0.04427 4.03737 0.02260
2974.00000 4.51331 0.02695 4.01409 0.04810
2975.00000 4.47844 0.05753 4.13211 0.06531
2976.00000 4.50068 0.04785 4.06000 0.05214
2977.00000 4.58085 0.06666 4.09968 0.03513
2978.00000 4.62632 0.04993 4.20812 0.07393
2979.00000 4.62481 0.05903 4.25506 0.08491
2980.00000 4.60853 0.07243 4.12292 0.04039
2981.00000 4.52662 0.02171 4.14099 0.05107
2982.00000 4.55966 0.03911 4.07724 0.05965
2983.00000 4.64486 0.03475 4.11049 0.08228
2984.00000 4.55625 0.01971 4.00999 0.06320
2985.00000 4.60750 0.04664 4.13456 0.04554
2986.00000 4.59764 0.03780 4.04669 0.02343
2987.00000 4.41322 0.07313 4.04317 0.03008
2988.00000 4.69505 0.03072 4.01690 0.01135
2989.00000 4.68195 0.05383 4.00878 0.05108
2990.00000 4.59900 0.03341 3.97871 0.04078
2991.00000 4.45918 0.03560 4.00413 0.05913
2992.00000 4.49730 0.04530 3.99494 0.04998
2993.00000 4.42609 0.07372 3.93414 0.02935
2994.00000 4.47466 0.04857 3.86334 0.04014
2995.00000 4.46455 0.04194 3.85894 0.04765
2996.00000 4.39734 0.04072 3.90671 0.06423
2997.00000 4.42489 0.07458 3.97969 0.05157
2998.00000 4.34049 0.06434 3.91818 0.05804
2999.00000 4.55239 0.04549 4.03665 0.01827
3000.00000 4.64251 0.05203 3.95086 0.06845
3001.00000 4.57109 0.07185 4.05290 0.06109
3002.00000 4.62932 0.06817 4.11922 0.05756
3003.00000 4.68379 0.06610 4.03131 0.06611
3004.00000 4.58833 0.03325 4.05009 0.06629
3005.00000 4.72633 0.08374 3.85312 0.06525
3006.00000 4.68056 0.05724 4.10864 0.07199
3007.00000 4.66904 0.05194 3.88868 0.02091
3008.00000 4.68407 0.06184 3.96837 0.01252
3009.00000 4.77879 0.08105 3.87167 0.07148
3010.00000 4.72829 0.08725 3.90412 0.04569
3011.00000 4.66349 0.08060 3.89612 0.05232
3012.00000 4.71698 0.08107 3.90532 0.03108
3013.00000 4.65930 0.05227 3.93606 0.07782
3014.00000 4.54548 0.08131 3.98190 0.03711
3015.00000 4.60833 0.05027 3.95218 0.03920
3016.00000 4.73079 0.04595 4.05959 0.05579
3017.00000 4.58420 0.04585 4.08404 0.02913
3018.00000 4.61867 0.05028 4.08384 0.06080
3019.00000 4.61848 0.07098 3.89423 0.05386
3020.00000 4.60530 0.05683 3.96625 0.04406
3021.00000 4.67947 0.03988 3.95575 0.03826
3022.00000 4.68318 0.07040 4.00105 0.05866
3023.00000 4.58031 0.04807 4.00483 0.04432
3024.00000 4.50174 0.08044 3.93754 0.05554
3025.00000 4.68016 0.03380 4.03678 0.05765
3026.00000 4.47363 0.05198 4.03865 0.07456
3027.00000 4.50269 0.05053 4.10088 0.05577
3028.00000 4.48940 0.05611 4.11852 0.04808
3029.00000 4.47775 0.01922 4.07919 0.06957
3030.00000 4.49262 0.06116 3.90911 0.07957
3031.00000 4.44024 0.05477 3.88732 0.05184
3032.00000 4.57302 0.05517 3.88562 0.08199
3033.00000 4.67410 0.04055 3.86036 0.08862
3034.00000 4.68602 0.06774 3.82811 0.05120
3035.00000 4.83237 0.07470 3.67409 0.06974
3036.00000 4.58409 0.06421 3.87427 0.07673
3037.00000 4.70235 0.07459 3.77960 0.02329
3038.00000 4.78283 0.06408 3.77909 0.04946
3039.00000 4.64521 0.06552 3.65935 0.03931
3285.00000 3.64935 0.03321 3.62560 0.05503
3286.00000 3.57721 0.07077 3.63647 0.05120
3287.00000 3.57623 0.03709 3.66514 0.06001
3288.00000 3.69446 0.06523 3.58193 0.06693
3289.00000 3.60593 0.07598 3.60665 0.06421
3290.00000 3.64761 0.08078 3.51684 0.04330
3291.00000 3.80769 0.06186 3.53338 0.05304
3292.00000 3.69122 0.01502 3.38713 0.07224
3293.00000 3.55801 0.04947 3.43071 0.06748
3294.00000 3.53693 0.05492 3.31175 0.06388
3295.00000 3.55428 0.05044 3.43184 0.02248
3296.00000 3.64054 0.04079 3.32537 0.04227
3297.00000 3.59765 0.01765 3.38051 0.03387
3298.00000 3.55173 0.05443 3.35384 0.07641
3299.00000 3.60038 0.07551 3.36553 0.04300
3300.00000 3.59019 0.04908 3.29590 0.03598
3301.00000 3.52740 0.06124 3.35410 0.05336
3302.00000 3.61318 0.05871 3.38963 0.03882
3303.00000 3.69851 0.02131 3.35055 0.04398
3304.00000 3.72166 0.05430 3.29043 0.02970
3305.00000 3.65614 0.04291 3.33813 0.03045
3306.00000 3.66164 0.07353 3.19804 0.06433
3307.00000 3.60063 0.03714 3.25673 0.03844
3308.00000 3.54062 0.04317 3.29449 0.08321
3309.00000 3.64039 0.07874 3.26790 0.07880
3310.00000 3.54964 0.05762 3.31559 0.10190
3311.00000 3.56508 0.04066 3.30592 0.01654
3312.00000 3.54776 0.04585 3.35833 0.05042
3313.00000 3.52992 0.04790 3.33722 0.07061
3314.00000 3.59345 0.04003 3.21369 0.06278
3315.00000 3.55828 0.06753 3.19759 0.06303
3316.00000 3.58228 0.04417 3.23703 0.07424
3317.00000 3.59935 0.03621 3.30439 0.03277
3318.00000 3.59262 0.02756 3.27197 0.03910
3319.00000 3.55346 0.04313 3.38625 0.03121
3320.00000 3.63415 0.03977 3.37186 0.03611
3321.00000 3.63927 0.05925 3.35344 0.05807
3322.00000 3.58727 0.04872 3.52220 0.05555
3323.00000 3.64562 0.06838 3.51532 0.03995
3324.00000 3.69356 0.07310 3.39635 0.03462
3325.00000 3.61709 0.02786 3.46518 0.05028
3326.00000 3.60747 0.04461 3.61966 0.03541
3327.00000 3.62175 0.03595 3.61689 0.05739
3328.00000 3.69910 0.04638 3.50518 0.05567
3329.00000 3.71095 0.03270 3.58395 0.07868
3330.00000 3.71797 0.05406 3.57756 0.06844
3331.00000 3.64239 0.06952 3.49939 0.07213
3332.00000 3.77294 0.05555 3.69708 0.05789
3333.00000 3.71862 0.03468 3.59828 0.01209
3334.00000 3.73042 0.04504 3.60230 0.05392
3335.00000 3.67740 0.04702 3.61966 0.07299
3336.00000 3.74906 0.07755 3.59452 0.07359
3337.00000 3.67326 0.04374 3.52726 0.04787
3338.00000 3.73580 0.06500 3.39167 0.05556
3339.00000 3.58567 0.04433 3.45865 0.03920
3340.00000 3.55896 0.05057 3.43625 0.04428
3341.00000 3.61721 0.05211 3.49681 0.06607
3342.00000 3.62914 0.05427 3.45684 0.04868
3343.00000 3.59905 0.03879 3.37323 0.05112
3344.00000 3.57967 0.03936 3.34727 0.06447
3345.00000 3.56514 0.02699 3.31883 0.06108
3346.00000 3.51643 0.01980 3.32214 0.07766
3347.00000 3.53325 0.06464 3.30626 0.06612
3348.00000 3.64895 0.02940 3.34100 0.04132
3349.00000 3.72857 0.06059 3.22861 0.07013
3350.00000 3.71327 0.07931 3.35755 0.04469
3351.00000 3.68426 0.05484 3.28330 0.03943
3352.00000 3.61968 0.03037 3.20926 0.03843
3353.00000 3.57477 0.08900 3.25877 0.04744
3354.00000 3.54048 0.07933 3.26113 0.04926
3355.00000 3.49131 0.06117 3.24209 0.08164
3356.00000 3.55694 0.06926 3.16619 0.03197
3357.00000 3.49359 0.04187 3.15000 0.07483
3358.00000 3.46970 0.06028 3.21130 0.06180
3359.00000 3.51770 0.04217 3.21518 0.04434
3360.00000 3.56470 0.01620 3.08993 0.05575
3361.00000 3.43996 0.06489 3.05034 0.07210
3362.00000 3.52530 0.05407 3.18953 0.03386
3363.00000 3.49373 0.06554 3.19349 0.07844
3364.00000 3.40154 0.05455 3.10460 0.04313
3365.00000 3.56005 0.06888 3.10905 0.04008
3366.00000 3.50570 0.04084 3.25195 0.08762
3367.00000 3.51773 0.06826 3.07489 0.07269
3368.00000 3.49817 0.05822 3.10863 0.05990
3369.00000 3.62722 0.05583 3.09469 0.06210
3370.00000 3.60089 0.05790 3.07877 0.06146
3371.00000 3.57905 0.06200 3.19053 0.04965
3372.00000 3.50284 0.07648 3.19739 0.06559
3373.00000 3.50348 0.05286 3.28959 0.04998
3374.00000 3.45383 0.04777 3.20012 0.03331
3375.00000 3.52067 0.05331 3.18375 0.03923
3376.00000 3.50556 0.06300 3.18561 0.06710
3377.00000 3.37688 0.07026 3.18121 0.03765
3378.00000 3.47511 0.03624 3.10315 0.07196
3379.00000 3.41875 0.06580 3.03863 0.07350
3380.00000 3.48245 0.03036 3.04085 0.05673
3381.00000 3.47752 0.06808 3.10742 0.08404
3382.00000 3.61483 0.05548 2.88243 0.05514
3383.00000 3.58196 0.08179 3.06463 0.08703
3384.00000 3.52522 0.05176 3.02381 0.05834
3385.00000 3.46421 0.08507 3.03044 0.06511
3386.00000 3.42590 0.07337 3.07994 0.06872
3387.00000 3.39987 0.05024 2.95038 0.07317
3388.00000 3.54113 0.06906 3.03699 0.03688
3389.00000 3.56208 0.03157 3.12276 0.04664
3390.00000 3.38706 0.04236 2.98670 0.07439
3391.00000 3.49193 0.04448 3.04256 0.03293
3392.00000 3.43596 0.04790 3.04024 0.04658
3393.00000 3.51201 0.06928 3.06350 0.04858
3394.00000 3.48457 0.07480 2.87007 0.05209
3395.00000 3.34989 0.03757 2.96757 0.05611
3396.00000 3.42466 0.05778 2.98665 0.03725
3397.00000 3.29065 0.03993 2.86748 0.04754
3398.00000 3.33281 0.08364 2.92194 0.03349
3399.00000 3.45295 0.07906 2.90568 0.04295
3400.00000 3.42657 0.06326 2.96787 0.05996
3401.00000 3.46386 0.05013 2.94205 0.04427
3402.00000 3.39354 0.04523 2.88619 0.05028
3403.00000 3.41714 0.04545 2.88319 0.02451
3404.00000 3.56613 0.06203 2.96311 0.07676
