## Time Delay Challenge light curves
##
## [time]=days, [lc]=[err]=flux in nanomaggies
##
##       time       lc_A      err_A       lc_B      err_B
##-------------------------------------------------------
0.00000 2.91609 0.05911 0.24640 0.06587
1.00000 2.81538 0.06148 0.24417 0.05361
2.00000 2.83937 0.06598 0.18352 0.05476
3.00000 2.81408 0.05771 0.25540 0.05940
4.00000 2.77972 0.03346 0.23698 0.03363
5.00000 2.80992 0.06683 0.32216 0.07394
6.00000 2.79570 0.03694 0.21212 0.01909
7.00000 2.73924 0.04714 0.31190 0.06358
8.00000 2.73492 0.06823 0.25985 0.06973
9.00000 2.80566 0.06567 0.20581 0.05476
10.00000 2.69033 0.04871 0.21232 0.05722
11.00000 2.66839 0.03832 0.26041 0.03740
12.00000 2.74623 0.05740 0.24160 0.03262
13.00000 2.77145 0.04124 0.22363 0.03166
14.00000 2.66855 0.07329 0.26104 0.06880
15.00000 2.74111 0.02436 0.26940 0.06136
16.00000 2.66881 0.06556 0.23691 0.07323
17.00000 2.59007 0.04847 0.21853 0.04599
18.00000 2.67677 0.04315 0.27668 0.05320
19.00000 2.68608 0.06319 0.24067 0.03337
20.00000 2.73250 0.04209 0.28842 0.07569
21.00000 2.66821 0.01407 0.16460 0.05644
22.00000 2.76231 0.05402 0.21769 0.01966
23.00000 2.68374 0.05941 0.21704 0.03700
24.00000 2.70520 0.03307 0.16697 0.06193
25.00000 2.66634 0.03004 0.14210 0.04025
26.00000 2.69762 0.05832 0.17457 0.03712
27.00000 2.60970 0.06972 0.28057 0.04494
28.00000 2.68682 0.05361 0.21731 0.01804
29.00000 2.53547 0.08886 0.22383 0.05728
30.00000 2.65844 0.02383 0.24582 0.06712
31.00000 2.70986 0.05603 0.19549 0.05090
32.00000 2.54791 0.06370 0.24565 0.05272
33.00000 2.63881 0.05595 0.22913 0.03915
34.00000 2.61169 0.01767 0.23541 0.04205
35.00000 2.62663 0.01334 0.30741 0.05569
36.00000 2.55969 0.05605 0.20047 0.02793
37.00000 2.61606 0.06714 0.38845 0.09023
38.00000 2.59444 0.05572 0.30599 0.05869
39.00000 2.53628 0.05830 0.26285 0.05905
40.00000 2.53616 0.06709 0.22170 0.04425
41.00000 2.55972 0.04629 0.21395 0.03781
42.00000 2.57585 0.08854 0.20933 0.02699
43.00000 2.45551 0.06125 0.22231 0.03653
44.00000 2.49600 0.03386 0.25418 0.04288
45.00000 2.47240 0.02972 0.24915 0.04238
46.00000 2.59907 0.03950 0.25324 0.03969
47.00000 2.55958 0.08043 0.29319 0.03401
48.00000 2.53131 0.06399 0.30186 0.06920
49.00000 2.60747 0.06873 0.29470 0.06339
50.00000 2.54406 0.04972 0.28612 0.04026
51.00000 2.49649 0.05266 0.19784 0.07643
52.00000 2.48362 0.02499 0.17535 0.05081
53.00000 2.53212 0.06273 0.20732 0.02880
54.00000 2.44130 0.07445 0.22205 0.05967
55.00000 2.41660 0.06712 0.17073 0.05424
56.00000 2.42161 0.05706 0.27166 0.06320
57.00000 2.58409 0.07328 0.20815 0.05611
58.00000 2.49570 0.02306 0.40151 0.06872
59.00000 2.51121 0.04667 0.25032 0.05058
60.00000 2.41856 0.03657 0.26270 0.04050
61.00000 2.44287 0.04988 0.08407 0.06114
62.00000 2.36449 0.06255 0.22011 0.03844
63.00000 2.31961 0.09593 0.17856 0.06032
64.00000 2.45486 0.05301 0.21065 0.05497
65.00000 2.45633 0.05922 0.16185 0.06240
66.00000 2.43878 0.05399 0.25065 0.05155
67.00000 2.39855 0.05228 0.26369 0.03474
68.00000 2.51369 0.04446 0.23276 0.07600
69.00000 2.39513 0.05535 0.18910 0.07012
70.00000 2.43408 0.04103 0.22770 0.07984
71.00000 2.47869 0.04823 0.26367 0.04153
72.00000 2.41849 0.04411 0.25403 0.05708
73.00000 2.34557 0.05259 0.18145 0.05136
74.00000 2.39611 0.07862 0.27824 0.05075
75.00000 2.37751 0.04564 0.24588 0.04673
76.00000 2.32602 0.04360 0.46444 0.06268
77.00000 2.31624 0.04833 0.26683 0.04445
78.00000 2.30823 0.04854 0.25879 0.05190
79.00000 2.35594 0.02559 0.21134 0.05607
80.00000 2.34877 0.04269 0.20764 0.06381
81.00000 2.39849 0.04728 0.25933 0.05059
82.00000 2.48758 0.05516 0.26902 0.08787
83.00000 2.41762 0.03678 0.24018 0.08548
84.00000 2.42708 0.03019 0.21482 0.04339
85.00000 2.39893 0.04400 0.18349 0.04763
86.00000 2.28385 0.07962 0.28522 0.06367
87.00000 2.29300 0.07014 0.22701 0.05581
88.00000 2.45426 0.04080 0.18979 0.02598
89.00000 2.46760 0.06361 0.19284 0.06975
90.00000 2.46555 0.08067 0.19605 0.01663
91.00000 2.44811 0.05885 0.22706 0.08905
92.00000 2.44245 0.05643 0.21992 0.02906
93.00000 2.37062 0.04276 0.25695 0.05768
94.00000 2.45273 0.04805 0.29884 0.03688
95.00000 2.42149 0.06313 0.24007 0.07202
96.00000 2.45740 0.06430 0.20472 0.04533
97.00000 2.38742 0.05489 0.31913 0.06643
98.00000 2.33362 0.03224 0.22098 0.06163
99.00000 2.34174 0.06049 0.21434 0.04927
100.00000 2.38183 0.06282 0.20827 0.07865
101.00000 2.38805 0.05624 0.22412 0.05435
102.00000 2.39089 0.03902 0.13193 0.07193
103.00000 2.38877 0.04006 0.23593 0.07011
104.00000 2.32026 0.05491 0.31578 0.07442
105.00000 2.34802 0.05295 0.24503 0.02134
106.00000 2.58664 0.06072 0.24927 0.04834
107.00000 2.45577 0.05711 0.17212 0.02899
108.00000 2.42136 0.04538 0.11992 0.06104
109.00000 2.33072 0.03091 0.25553 0.04700
110.00000 2.29918 0.07716 0.18541 0.02481
111.00000 2.36701 0.02135 0.22127 0.05952
112.00000 2.30330 0.03297 0.22043 0.03838
113.00000 2.27145 0.06834 0.18279 0.06461
114.00000 2.36758 0.07939 0.31266 0.07439
115.00000 2.44783 0.05889 0.21370 0.01745
116.00000 2.40842 0.05506 0.10845 0.06676
117.00000 2.36214 0.05755 0.21158 0.01843
118.00000 2.38027 0.04937 0.16850 0.04516
119.00000 2.42104 0.04274 0.21385 0.04124
365.00000 2.28825 0.07667 0.21693 0.07076
366.00000 2.33736 0.03344 0.09407 0.05836
367.00000 2.27642 0.08010 0.08882 0.06519
368.00000 2.30008 0.07040 0.15320 0.02702
369.00000 2.33709 0.05644 0.21497 0.01907
370.00000 2.26340 0.04026 0.12764 0.05343
371.00000 2.20260 0.06300 0.20646 0.04877
372.00000 2.29671 0.04755 0.16187 0.05603
373.00000 2.38082 0.05905 0.18536 0.03927
374.00000 2.33933 0.03632 0.16916 0.07626
375.00000 2.24081 0.04335 0.08137 0.09438
376.00000 2.40403 0.08866 0.25684 0.05665
377.00000 2.35694 0.05466 0.26510 0.04229
378.00000 2.31011 0.09830 0.08436 0.09104
379.00000 2.32055 0.04760 0.25644 0.05397
380.00000 2.35267 0.04387 0.10084 0.06852
381.00000 2.39061 0.05730 0.20054 0.07345
382.00000 2.42704 0.07473 0.17480 0.03181
383.00000 2.38372 0.03104 0.16887 0.07082
384.00000 2.35219 0.08678 0.33722 0.07455
385.00000 2.34529 0.06105 0.12273 0.02966
386.00000 2.44200 0.05517 0.20754 0.07035
387.00000 2.45140 0.04669 0.19739 0.03258
388.00000 2.30709 0.04924 0.14100 0.05270
389.00000 2.43430 0.05924 0.18330 0.06361
390.00000 2.37229 0.01063 0.10155 0.07888
391.00000 2.35357 0.05167 0.19620 0.05581
392.00000 2.21201 0.06772 0.11646 0.04740
393.00000 2.27873 0.08015 0.12116 0.07181
394.00000 2.43771 0.07295 0.25986 0.06403
395.00000 2.36584 0.04070 0.19635 0.05113
396.00000 2.38168 0.03026 0.20510 0.05124
397.00000 2.44846 0.05921 0.15722 0.06952
398.00000 2.43272 0.06083 0.22631 0.02695
399.00000 2.41373 0.04995 0.23041 0.03364
400.00000 2.45001 0.02842 0.26675 0.09814
401.00000 2.36763 0.05738 0.16942 0.05454
402.00000 2.33493 0.03343 0.14474 0.05223
403.00000 2.42291 0.04779 0.15267 0.04382
404.00000 2.41616 0.03199 0.21898 0.03681
405.00000 2.38015 0.05321 0.07742 0.06239
406.00000 2.39529 0.03350 0.22813 0.03831
407.00000 2.33695 0.07427 0.12542 0.07886
408.00000 2.37151 0.03231 0.20679 0.02046
409.00000 2.47964 0.07478 0.15030 0.07299
410.00000 2.38090 0.04236 0.21218 0.04746
411.00000 2.35093 0.06232 0.23789 0.06242
412.00000 2.31005 0.06147 0.18478 0.04817
413.00000 2.35230 0.01597 0.20882 0.02121
414.00000 2.38748 0.02227 0.18079 0.02954
415.00000 2.31444 0.05109 0.19705 0.06780
416.00000 2.34164 0.05960 0.13136 0.07232
417.00000 2.32893 0.02660 0.20291 0.02863
418.00000 2.37431 0.04832 0.18352 0.05879
419.00000 2.27342 0.07958 0.17111 0.05651
420.00000 2.36544 0.02452 0.16998 0.04412
421.00000 2.43154 0.07199 0.18099 0.04652
422.00000 2.31019 0.04629 0.18047 0.07148
423.00000 2.31101 0.05672 0.21432 0.04535
424.00000 2.37053 0.05120 0.16994 0.01495
425.00000 2.30266 0.08970 0.14999 0.04347
426.00000 2.34055 0.05557 0.16255 0.07112
427.00000 2.34351 0.07794 0.15943 0.05645
428.00000 2.40280 0.02805 0.32205 0.07173
429.00000 2.35905 0.05106 0.17137 0.07230
430.00000 2.35841 0.04638 0.22312 0.04625
431.00000 2.29431 0.06205 0.13019 0.08511
432.00000 2.39555 0.01346 0.26302 0.08471
433.00000 2.62106 0.11217 0.03101 0.07159
434.00000 2.40390 0.03449 0.23305 0.03922
435.00000 2.42024 0.04398 0.16472 0.04790
436.00000 2.45776 0.05246 0.25654 0.06093
437.00000 2.44499 0.05368 0.20181 0.03583
438.00000 2.46008 0.04254 0.25002 0.04716
439.00000 2.59128 0.06390 0.23418 0.01524
440.00000 2.29986 0.07116 0.41546 0.07137
441.00000 2.42889 0.01756 0.18455 0.06892
442.00000 2.44582 0.06425 0.19905 0.05416
443.00000 2.30558 0.07209 0.13507 0.05738
444.00000 2.35578 0.02982 0.18851 0.05172
445.00000 2.35996 0.06590 0.23539 0.07090
446.00000 2.36449 0.02638 0.21206 0.04277
447.00000 2.38308 0.04980 0.17835 0.06269
448.00000 2.34146 0.04088 0.24642 0.04115
449.00000 2.40621 0.04419 0.10686 0.07084
450.00000 2.58139 0.07128 0.24787 0.06592
451.00000 2.30562 0.06066 0.25743 0.05454
452.00000 2.38206 0.03483 0.24663 0.07465
453.00000 2.33525 0.03608 0.34978 0.04534
454.00000 2.42077 0.03855 0.28689 0.05689
455.00000 2.25719 0.05838 0.09879 0.08948
456.00000 2.39898 0.04650 0.28017 0.04851
457.00000 2.36603 0.03588 0.24337 0.04795
458.00000 2.37979 0.01795 0.20992 0.05393
459.00000 2.34410 0.04855 0.20785 0.02786
460.00000 2.32651 0.03150 0.07735 0.07602
461.00000 2.31865 0.04835 0.28135 0.03817
462.00000 2.34580 0.05621 0.29365 0.03239
463.00000 2.49916 0.07447 0.20660 0.03877
464.00000 2.35551 0.04936 0.19550 0.07212
465.00000 2.43406 0.06584 0.22495 0.03948
466.00000 2.38307 0.02520 0.18087 0.04838
467.00000 2.38031 0.05981 0.13785 0.04810
468.00000 2.41201 0.04084 0.29774 0.07258
469.00000 2.40360 0.03187 0.24256 0.04494
470.00000 2.49947 0.06282 0.15344 0.05370
471.00000 2.44265 0.05032 0.17935 0.05592
472.00000 2.36399 0.03937 0.23425 0.03940
473.00000 2.29135 0.06570 0.21004 0.02852
474.00000 2.46472 0.01713 0.11032 0.05620
475.00000 2.31689 0.05933 0.14710 0.05581
476.00000 2.49821 0.03774 0.22919 0.05005
477.00000 2.49987 0.07816 0.12500 0.05640
478.00000 2.42889 0.06636 0.12573 0.08359
479.00000 2.37301 0.05654 0.12546 0.06424
480.00000 2.42061 0.02608 0.27265 0.05025
481.00000 2.33578 0.08480 0.28520 0.05508
482.00000 2.47172 0.03397 0.21243 0.04609
483.00000 2.52067 0.06097 0.22143 0.05008
484.00000 2.45233 0.03695 0.22824 0.04154
730.00000 2.42296 0.04171 0.32759 0.07912
731.00000 2.37727 0.05264 0.24588 0.05181
732.00000 2.53764 0.04594 0.28235 0.03836
733.00000 2.50396 0.06271 0.19835 0.06257
734.00000 2.45000 0.04049 0.24564 0.02149
735.00000 2.46515 0.05160 0.25119 0.08444
736.00000 2.50926 0.07833 0.24233 0.05001
737.00000 2.48587 0.04840 0.13566 0.08352
738.00000 2.47305 0.08469 0.22902 0.04554
739.00000 2.52790 0.07310 0.21704 0.05409
740.00000 2.52830 0.02884 0.15984 0.04548
741.00000 2.42336 0.04287 0.21283 0.04398
742.00000 2.54560 0.02542 0.35199 0.05975
743.00000 2.65861 0.05963 0.18555 0.05131
744.00000 2.56274 0.04926 0.25863 0.06500
745.00000 2.56053 0.04241 0.21862 0.06111
746.00000 2.48867 0.04661 0.21205 0.06847
747.00000 2.62010 0.05494 0.13951 0.06286
748.00000 2.65356 0.07369 0.17583 0.03407
749.00000 2.63053 0.04135 0.29598 0.04014
750.00000 2.63576 0.06455 0.19308 0.03242
751.00000 2.68244 0.04783 0.18751 0.03589
752.00000 2.66369 0.03518 0.14798 0.07731
753.00000 2.64693 0.04477 0.17536 0.04431
754.00000 2.62123 0.01571 0.18958 0.02964
755.00000 2.61771 0.04345 0.33819 0.06189
756.00000 2.57363 0.04118 0.12542 0.05095
757.00000 2.61977 0.06331 0.20079 0.03631
758.00000 2.72531 0.05993 0.20055 0.07474
759.00000 2.58678 0.05436 0.27799 0.06205
760.00000 2.59037 0.04462 0.20707 0.04810
761.00000 2.54898 0.05723 0.22294 0.01512
762.00000 2.60227 0.06155 0.22667 0.07125
763.00000 2.55390 0.02701 0.18516 0.03624
764.00000 2.59221 0.06185 0.13924 0.03160
765.00000 2.59016 0.05215 0.12464 0.05600
766.00000 2.63110 0.07166 0.13087 0.06357
767.00000 2.52521 0.05427 0.19134 0.03334
768.00000 2.41363 0.03180 0.21828 0.02808
769.00000 2.46048 0.06136 0.20995 0.06859
770.00000 2.41880 0.05646 0.21394 0.04871
771.00000 2.43027 0.05516 0.09287 0.06461
772.00000 2.49155 0.05284 0.18810 0.05215
773.00000 2.53688 0.04687 0.15899 0.06214
774.00000 2.41133 0.02907 0.23999 0.04196
775.00000 2.41799 0.04364 0.23398 0.07163
776.00000 2.45317 0.06750 0.20809 0.06997
777.00000 2.45752 0.04834 0.19226 0.05477
778.00000 2.54005 0.03420 0.23647 0.06309
779.00000 2.46261 0.07267 0.21098 0.02740
780.00000 2.55741 0.05353 0.17615 0.05246
781.00000 2.51496 0.04722 0.22518 0.05196
782.00000 2.42981 0.04325 0.40035 0.06894
783.00000 2.46672 0.00819 0.26439 0.04217
784.00000 2.50968 0.05144 0.20571 0.02124
785.00000 2.47015 0.06030 0.27949 0.05492
786.00000 2.40917 0.05365 0.26444 0.03940
787.00000 2.45563 0.04144 0.12843 0.07078
788.00000 2.33104 0.07690 0.29114 0.05561
789.00000 2.41790 0.04332 0.16898 0.03071
790.00000 2.51495 0.06660 0.17081 0.08858
791.00000 2.44766 0.04505 0.15834 0.04857
792.00000 2.46425 0.04326 0.26301 0.04293
793.00000 2.41922 0.07652 0.10757 0.05169
794.00000 2.44688 0.03115 0.19582 0.04387
795.00000 2.50864 0.02677 0.27616 0.06837
796.00000 2.46470 0.05400 0.24303 0.06748
797.00000 2.51033 0.05288 0.09676 0.08981
798.00000 2.51638 0.04863 0.28116 0.05815
799.00000 2.56815 0.05521 0.11015 0.06182
800.00000 2.39926 0.04012 0.23788 0.06659
801.00000 2.47584 0.03744 0.18267 0.04341
802.00000 2.49430 0.03797 0.00000 99.0000
803.00000 2.30753 0.06166 0.05736 0.07549
804.00000 2.45399 0.07289 0.21729 0.07929
805.00000 2.52649 0.06374 0.17157 0.07257
806.00000 2.47883 0.02192 0.21918 0.04923
807.00000 2.47893 0.06837 0.18683 0.05722
808.00000 2.52218 0.01504 0.21386 0.05620
809.00000 2.40156 0.06696 0.21341 0.04503
810.00000 2.53847 0.04782 0.26484 0.04433
811.00000 2.55774 0.03802 0.21443 0.05330
812.00000 2.55853 0.05800 0.21652 0.02203
813.00000 2.53399 0.03464 0.31757 0.06861
814.00000 2.60808 0.03708 0.14302 0.03957
815.00000 2.55407 0.06194 0.14378 0.06927
816.00000 2.51510 0.06417 0.19816 0.06192
817.00000 2.51760 0.04359 0.22532 0.03954
818.00000 2.55347 0.03268 0.27942 0.05311
819.00000 2.55114 0.03778 0.27461 0.06103
820.00000 2.46240 0.04575 0.17482 0.04965
821.00000 2.59178 0.03450 0.18443 0.05444
822.00000 2.54888 0.07441 0.24455 0.05062
823.00000 2.53920 0.06368 0.22527 0.02437
824.00000 2.66651 0.06312 0.19425 0.04458
825.00000 2.50070 0.04789 0.20815 0.01480
826.00000 2.58100 0.05909 0.23699 0.04743
827.00000 2.54352 0.06066 0.27736 0.06216
828.00000 2.45138 0.06519 0.27664 0.05632
829.00000 2.53296 0.04537 0.22842 0.02828
830.00000 2.47596 0.03685 0.18769 0.03591
831.00000 2.49391 0.03714 0.26300 0.04886
832.00000 2.55788 0.04450 0.24879 0.03477
833.00000 2.50710 0.04806 0.11519 0.08534
834.00000 2.52958 0.03229 0.06010 0.07221
835.00000 2.39931 0.05290 0.12178 0.07817
836.00000 2.45733 0.01500 0.29746 0.06226
837.00000 2.40309 0.06970 0.20449 0.02856
838.00000 2.50010 0.04679 0.26306 0.05858
839.00000 2.46144 0.04369 0.22659 0.06346
840.00000 2.52980 0.07197 0.29905 0.05989
841.00000 2.48929 0.03192 0.18826 0.06252
842.00000 2.47060 0.04834 0.23196 0.03936
843.00000 2.54860 0.05030 0.11551 0.05800
844.00000 2.53010 0.03782 0.36390 0.05589
845.00000 2.50420 0.06444 0.22074 0.02224
846.00000 2.52690 0.05217 0.18247 0.02532
847.00000 2.47194 0.05348 0.25520 0.05153
848.00000 2.50683 0.04781 0.21544 0.07455
849.00000 2.63335 0.08769 0.14485 0.05882
1095.00000 2.56834 0.05728 0.21698 0.04922
1096.00000 2.50613 0.04817 0.20139 0.02011
1097.00000 2.63374 0.06406 0.23095 0.05456
1098.00000 2.57635 0.03392 0.10728 0.06991
1099.00000 2.63594 0.06474 0.15791 0.06358
1100.00000 2.65789 0.06145 0.28471 0.07007
1101.00000 2.56286 0.07850 0.27052 0.04255
1102.00000 2.51510 0.06979 0.20608 0.06546
1103.00000 2.65654 0.06223 0.19261 0.08556
1104.00000 2.49523 0.06275 0.26667 0.04575
1105.00000 2.49438 0.06523 0.22008 0.05348
1106.00000 2.64782 0.07538 0.21188 0.04474
1107.00000 2.55022 0.04495 0.20103 0.06899
1108.00000 2.58709 0.04968 0.29458 0.03493
1109.00000 2.57867 0.05177 0.15514 0.07355
1110.00000 2.51782 0.05032 0.31697 0.06509
1111.00000 2.47097 0.06107 0.20937 0.03635
1112.00000 2.52114 0.05365 0.25539 0.03735
1113.00000 2.53315 0.04669 0.22631 0.05705
1114.00000 2.46946 0.08923 0.20630 0.04765
1115.00000 2.51127 0.07252 0.23216 0.05703
1116.00000 2.49184 0.05886 0.22222 0.05949
1117.00000 2.52184 0.04515 0.07270 0.06052
1118.00000 2.52876 0.04519 0.27030 0.06422
1119.00000 2.47624 0.06739 0.23236 0.06468
1120.00000 2.55867 0.05254 0.07682 0.04335
1121.00000 2.46268 0.05409 0.22264 0.06625
1122.00000 2.55016 0.00486 0.16908 0.04288
1123.00000 2.47701 0.04755 0.23270 0.01925
1124.00000 2.53862 0.02698 0.22182 0.04071
1125.00000 2.24327 0.07904 0.23315 0.01801
1126.00000 2.57666 0.03333 0.32443 0.06716
1127.00000 2.51228 0.07971 0.23205 0.03452
1128.00000 2.57302 0.05780 0.22391 0.03559
1129.00000 2.49273 0.05252 0.21774 0.02558
1130.00000 2.62580 0.04092 0.20257 0.06181
1131.00000 2.57515 0.04807 0.22990 0.07442
1132.00000 2.72076 0.05249 0.38804 0.06025
1133.00000 2.52035 0.04796 0.29955 0.06356
1134.00000 2.58097 0.03430 0.10708 0.05939
1135.00000 2.63099 0.04590 0.18615 0.04335
1136.00000 2.62451 0.02626 0.24928 0.02551
1137.00000 2.71702 0.04841 0.14119 0.06233
1138.00000 2.60158 0.04643 0.18422 0.06058
1139.00000 2.54070 0.09142 0.11372 0.04942
1140.00000 2.64761 0.03664 0.28714 0.04705
1141.00000 2.74622 0.08584 0.17970 0.02588
1142.00000 2.53951 0.03951 0.18820 0.02540
1143.00000 2.64556 0.05784 0.21340 0.02006
1144.00000 2.65170 0.06046 0.04468 0.07274
1145.00000 2.58684 0.05429 0.25134 0.07400
1146.00000 2.69766 0.05534 0.17565 0.06092
1147.00000 2.58029 0.03451 0.27028 0.06778
1148.00000 2.60963 0.04113 0.15535 0.07570
1149.00000 2.57927 0.04294 0.19884 0.07232
1150.00000 2.56691 0.05098 0.15749 0.05207
1151.00000 2.53474 0.06141 0.23306 0.08504
1152.00000 2.63960 0.02259 0.23113 0.05573
1153.00000 2.53139 0.07568 0.16553 0.03715
1154.00000 2.50396 0.06268 0.21595 0.03894
1155.00000 2.60764 0.06572 0.15215 0.07453
1156.00000 2.59497 0.03942 0.15852 0.03205
1157.00000 2.58068 0.05475 0.26006 0.04184
1158.00000 2.52476 0.04549 0.28351 0.05566
1159.00000 2.66279 0.07312 0.24107 0.04007
1160.00000 2.60126 0.04476 0.23447 0.02529
1161.00000 2.61535 0.03375 0.26752 0.08377
1162.00000 2.65203 0.04413 0.28786 0.04797
1163.00000 2.65574 0.01797 0.12907 0.06121
1164.00000 2.67398 0.04564 0.15975 0.07574
1165.00000 2.65628 0.02450 0.20410 0.06276
1166.00000 2.73478 0.04661 0.20857 0.04334
1167.00000 2.62186 0.03380 0.27495 0.07387
1168.00000 2.64419 0.02877 0.21152 0.07451
1169.00000 2.71099 0.04356 0.22159 0.05542
1170.00000 2.72935 0.04489 0.30366 0.06089
1171.00000 2.68893 0.02859 0.25815 0.04401
1172.00000 2.75678 0.04095 0.29387 0.04696
1173.00000 2.67378 0.03401 0.25827 0.05471
1174.00000 2.60261 0.07366 0.23651 0.05412
1175.00000 2.76415 0.07692 0.25563 0.06189
1176.00000 2.78497 0.05059 0.26928 0.05058
1177.00000 2.70203 0.03599 0.27080 0.02356
1178.00000 2.72933 0.03711 0.16655 0.04899
1179.00000 2.76499 0.04077 0.26584 0.04326
1180.00000 2.70513 0.07592 0.22626 0.06930
1181.00000 2.71493 0.08840 0.23650 0.02444
1182.00000 2.74664 0.08728 0.23507 0.04943
1183.00000 2.68701 0.07799 0.27402 0.07069
1184.00000 2.73779 0.04275 0.31851 0.04998
1185.00000 2.71355 0.06098 0.19048 0.05822
1186.00000 2.73298 0.04401 0.23038 0.05695
1187.00000 2.77626 0.06297 0.24732 0.02842
1188.00000 2.79150 0.06426 0.22498 0.01058
1189.00000 2.72230 0.06010 0.21797 0.04606
1190.00000 2.80389 0.06448 0.28783 0.07355
1191.00000 2.75003 0.06292 0.29489 0.06046
1192.00000 2.82412 0.06513 0.22469 0.02590
1193.00000 2.76678 0.04941 0.21019 0.03763
1194.00000 2.81264 0.04658 0.24632 0.06171
1195.00000 2.75077 0.04267 0.14388 0.06179
1196.00000 2.87632 0.03654 0.22923 0.04781
1197.00000 2.83552 0.07618 0.19249 0.02146
1198.00000 2.80161 0.01973 0.24429 0.05125
1199.00000 2.85936 0.06814 0.32806 0.04149
1200.00000 2.81126 0.07429 0.26224 0.05884
1201.00000 2.77919 0.04420 0.18466 0.06677
1202.00000 2.85227 0.04847 0.26195 0.04035
1203.00000 2.76021 0.06446 0.22025 0.03124
1204.00000 2.65107 0.05553 0.24921 0.03543
1205.00000 2.78313 0.03933 0.16948 0.03700
1206.00000 2.69845 0.05934 0.23538 0.07188
1207.00000 2.73234 0.05271 0.15406 0.06536
1208.00000 2.79155 0.04169 0.14935 0.05919
1209.00000 2.80405 0.02871 0.23545 0.06528
1210.00000 2.71781 0.09340 0.23624 0.05643
1211.00000 2.74938 0.04715 0.23556 0.04602
1212.00000 2.86033 0.04910 0.18023 0.06752
1213.00000 2.81065 0.06718 0.26093 0.07581
1214.00000 2.73084 0.06071 0.21397 0.05968
1460.00000 2.86812 0.07644 0.23400 0.06274
1461.00000 2.86437 0.03144 0.30337 0.06108
1462.00000 2.86377 0.05262 0.20654 0.04551
1463.00000 2.80460 0.05964 0.18955 0.06141
1464.00000 2.84540 0.04268 0.20195 0.05051
1465.00000 2.85710 0.01827 0.29068 0.04558
1466.00000 2.87026 0.08257 0.33084 0.05604
1467.00000 2.78688 0.05865 0.17102 0.07514
1468.00000 2.75678 0.04594 0.24824 0.09539
1469.00000 2.98379 0.06356 0.23720 0.06383
1470.00000 2.68423 0.06163 0.30645 0.06696
1471.00000 2.80659 0.06204 0.28140 0.02239
1472.00000 2.76177 0.02304 0.26175 0.02579
1473.00000 2.78728 0.05598 0.25329 0.03648
1474.00000 2.73686 0.05647 0.24359 0.06630
1475.00000 2.75256 0.05364 0.24560 0.04805
1476.00000 2.90070 0.06621 0.28444 0.06363
1477.00000 2.80332 0.07223 0.12148 0.06231
1478.00000 2.70095 0.03630 0.28687 0.04333
1479.00000 2.79213 0.06372 0.22391 0.06699
1480.00000 2.76455 0.06572 0.21079 0.03729
1481.00000 2.68248 0.05498 0.25989 0.07095
1482.00000 2.70466 0.05843 0.31061 0.06539
1483.00000 2.74723 0.06314 0.26159 0.02542
1484.00000 2.83391 0.04284 0.31220 0.03187
1485.00000 2.84315 0.05288 0.22051 0.06081
1486.00000 2.82193 0.02915 0.32698 0.05300
1487.00000 2.77289 0.07797 0.17454 0.07156
1488.00000 2.88010 0.03237 0.24651 0.03927
1489.00000 2.78678 0.07483 0.17908 0.03272
1490.00000 2.78728 0.03816 0.25245 0.05558
1491.00000 2.80341 0.04610 0.14479 0.05553
1492.00000 2.76443 0.05902 0.30671 0.05432
1493.00000 2.89054 0.05238 0.26906 0.06367
1494.00000 2.78133 0.04479 0.24851 0.02962
1495.00000 2.79342 0.07050 0.14850 0.07609
1496.00000 2.83546 0.04113 0.24500 0.05710
1497.00000 2.85690 0.06297 0.24027 0.03937
1498.00000 2.87516 0.07297 0.21151 0.03976
1499.00000 2.77676 0.08760 0.27935 0.05595
1500.00000 2.72458 0.07672 0.18704 0.06020
1501.00000 2.86742 0.05685 0.22848 0.04101
1502.00000 2.77835 0.04621 0.25184 0.06167
1503.00000 2.94571 0.05631 0.19318 0.05063
1504.00000 2.84552 0.06483 0.28990 0.07951
1505.00000 2.88273 0.06417 0.29047 0.03212
1506.00000 2.89917 0.08215 0.25542 0.05372
1507.00000 2.62049 0.07069 0.29441 0.07068
1508.00000 2.73612 0.05070 0.22823 0.04828
1509.00000 2.82385 0.04453 0.15885 0.09260
1510.00000 2.81922 0.05906 0.31942 0.05641
1511.00000 2.71318 0.06552 0.22605 0.06056
1512.00000 2.75792 0.06477 0.29128 0.06629
1513.00000 2.81790 0.02897 0.19249 0.06909
1514.00000 2.83984 0.03017 0.25273 0.06829
1515.00000 2.93469 0.03905 0.18966 0.06601
1516.00000 2.91250 0.04559 0.26826 0.09509
1517.00000 2.98781 0.07346 0.25689 0.03659
1518.00000 2.72906 0.08538 0.28416 0.07130
1519.00000 2.90627 0.05693 0.28657 0.02670
1520.00000 3.00911 0.05062 0.22351 0.07646
1521.00000 3.00448 0.05161 0.24235 0.04498
1522.00000 2.93079 0.04355 0.27382 0.04587
1523.00000 2.90932 0.04606 0.23539 0.06598
1524.00000 2.84709 0.05707 0.07629 0.09162
1525.00000 2.96063 0.03501 0.21903 0.06894
1526.00000 2.87845 0.05742 0.21417 0.05029
1527.00000 2.96205 0.03074 0.30473 0.06557
1528.00000 2.93792 0.06560 0.11771 0.04698
1529.00000 2.96249 0.05440 0.30542 0.04230
1530.00000 2.90494 0.04059 0.27373 0.04720
1531.00000 2.96535 0.05906 0.33208 0.05652
1532.00000 3.00237 0.07726 0.14047 0.07233
1533.00000 2.97302 0.04066 0.19136 0.05294
1534.00000 2.98630 0.06418 0.21958 0.03876
1535.00000 3.14126 0.05773 0.19737 0.04697
1536.00000 3.01804 0.04811 0.24777 0.06643
1537.00000 2.93221 0.05773 0.25203 0.04182
1538.00000 2.99817 0.05180 0.25579 0.06943
1539.00000 3.00986 0.05999 0.23979 0.00488
1540.00000 2.97585 0.04372 0.27232 0.04814
1541.00000 2.99841 0.03557 0.24158 0.04404
1542.00000 2.96612 0.03205 0.19540 0.06090
1543.00000 2.93409 0.05992 0.28057 0.06465
1544.00000 2.99043 0.06614 0.25277 0.04680
1545.00000 2.97990 0.05907 0.25398 0.06000
1546.00000 2.93853 0.04035 0.26708 0.04882
1547.00000 3.11434 0.06302 0.28544 0.04187
1548.00000 2.87801 0.08089 0.20487 0.05589
1549.00000 2.88948 0.06894 0.29808 0.05780
1550.00000 2.98196 0.03800 0.17058 0.04086
1551.00000 3.00518 0.04359 0.30619 0.05052
1552.00000 2.89715 0.04246 0.22217 0.07103
1553.00000 2.91924 0.05941 0.29739 0.06090
1554.00000 2.84314 0.03492 0.27751 0.05261
1555.00000 2.76449 0.07542 0.41575 0.07538
1556.00000 2.85913 0.07217 0.13533 0.06362
1557.00000 2.85626 0.03753 0.18015 0.04380
1558.00000 2.88015 0.05437 0.23136 0.06177
1559.00000 2.89560 0.04887 0.24615 0.06752
1560.00000 2.83795 0.05870 0.30401 0.04612
1561.00000 2.84560 0.04548 0.26857 0.07465
1562.00000 2.86194 0.05289 0.25978 0.04204
1563.00000 2.90955 0.07478 0.26764 0.04499
1564.00000 2.89163 0.06858 0.26152 0.04485
1565.00000 2.78587 0.04735 0.24349 0.05561
1566.00000 2.77049 0.03764 0.22003 0.07435
1567.00000 2.81157 0.03691 0.20850 0.04470
1568.00000 2.84144 0.08505 0.19645 0.05202
1569.00000 2.84189 0.04693 0.31609 0.04679
1570.00000 2.84033 0.02764 0.24895 0.03949
1571.00000 2.89644 0.07726 0.25083 0.04541
1572.00000 2.78462 0.06186 0.25218 0.04441
1573.00000 2.78841 0.05200 0.23132 0.05702
1574.00000 2.81158 0.03319 0.23888 0.03772
1575.00000 2.83460 0.01844 0.24459 0.05462
1576.00000 2.85126 0.02899 0.27326 0.08501
1577.00000 2.83872 0.09466 0.21642 0.03988
1578.00000 2.88044 0.05446 0.13710 0.04945
1579.00000 2.81719 0.05854 0.30074 0.05806
1825.00000 2.66262 0.05068 0.30716 0.04568
1826.00000 2.66875 0.06678 0.21830 0.03509
1827.00000 2.62056 0.04984 0.19824 0.03576
1828.00000 2.66222 0.04262 0.13378 0.05090
1829.00000 2.66256 0.06161 0.21009 0.04127
1830.00000 2.58981 0.06841 0.19901 0.06120
1831.00000 2.60681 0.01997 0.18907 0.04459
1832.00000 2.55562 0.05146 0.22066 0.04097
1833.00000 2.62281 0.02730 0.18626 0.03168
1834.00000 2.51634 0.03841 0.21519 0.04559
1835.00000 2.58541 0.03512 0.23620 0.05288
1836.00000 2.56885 0.05158 0.16286 0.07847
1837.00000 2.52337 0.04202 0.28333 0.05665
1838.00000 2.50794 0.07134 0.28781 0.04833
1839.00000 2.52100 0.03301 0.19199 0.04031
1840.00000 2.57234 0.04057 0.30005 0.05662
1841.00000 2.45882 0.06203 0.17334 0.05648
1842.00000 2.55730 0.03047 0.21470 0.05100
1843.00000 2.53693 0.04801 0.27540 0.04219
1844.00000 2.62123 0.04910 0.30319 0.03143
1845.00000 2.50244 0.03269 0.24765 0.07171
1846.00000 2.49643 0.04806 0.26895 0.04506
1847.00000 2.44571 0.06067 0.18583 0.05521
1848.00000 2.51797 0.05847 0.17498 0.07104
1849.00000 2.47609 0.06131 0.19634 0.04670
1850.00000 2.49409 0.03446 0.25488 0.02919
1851.00000 2.46462 0.05518 0.21826 0.05585
1852.00000 2.52724 0.05724 0.25189 0.04689
1853.00000 2.54461 0.03470 0.20090 0.06073
1854.00000 2.46984 0.04591 0.15272 0.06482
1855.00000 2.40613 0.04758 0.18928 0.04565
1856.00000 2.44638 0.05661 0.19145 0.04952
1857.00000 2.30665 0.06171 0.15710 0.06792
1858.00000 2.47088 0.06337 0.22427 0.03019
1859.00000 2.37942 0.07128 0.30656 0.03353
1860.00000 2.50414 0.05997 0.30537 0.06297
1861.00000 2.34834 0.04282 0.20694 0.04436
1862.00000 2.39405 0.01293 0.16123 0.04478
1863.00000 2.34661 0.04740 0.28271 0.06516
1864.00000 2.37639 0.05060 0.18555 0.04840
1865.00000 2.37378 0.07875 0.27319 0.05172
1866.00000 2.46751 0.06427 0.24387 0.04695
1867.00000 2.37795 0.06009 0.17498 0.05263
1868.00000 2.32983 0.06685 0.26552 0.05875
1869.00000 2.48085 0.05057 0.20817 0.05303
1870.00000 2.42717 0.05658 0.22741 0.04885
1871.00000 2.37211 0.05455 0.19565 0.03077
1872.00000 2.49891 0.05522 0.23308 0.05440
1873.00000 2.41846 0.05475 0.23302 0.07768
1874.00000 2.42434 0.08014 0.17894 0.06175
1875.00000 2.43271 0.01195 0.12754 0.05543
1876.00000 2.43045 0.05250 0.25314 0.03757
1877.00000 2.38010 0.07275 0.24474 0.04017
1878.00000 2.46683 0.04091 0.29953 0.08667
1879.00000 2.34842 0.06765 0.32353 0.05112
1880.00000 2.45350 0.05519 0.31165 0.06616
1881.00000 2.42330 0.05636 0.14541 0.06038
1882.00000 2.49170 0.04780 0.27497 0.08103
1883.00000 2.39282 0.05952 0.19393 0.05425
1884.00000 2.39125 0.04589 0.29415 0.06058
1885.00000 2.49569 0.05171 0.27592 0.06908
1886.00000 2.51283 0.05050 0.23037 0.07670
1887.00000 2.35994 0.07200 0.23359 0.05249
1888.00000 2.44473 0.01744 0.21809 0.05846
1889.00000 2.48740 0.04328 0.21551 0.07099
1890.00000 2.44178 0.05399 0.21025 0.04623
1891.00000 2.44543 0.02614 0.06959 0.06696
1892.00000 2.44999 0.03225 0.20810 0.05435
1893.00000 2.54385 0.07020 0.20774 0.06123
1894.00000 2.49314 0.05587 0.19148 0.04136
1895.00000 2.49745 0.07182 0.19041 0.07820
1896.00000 2.52958 0.04337 0.36620 0.04992
1897.00000 2.58677 0.04596 0.20274 0.02042
1898.00000 2.66059 0.06381 0.27933 0.04650
1899.00000 2.57444 0.05641 0.21774 0.04818
1900.00000 2.54768 0.05799 0.20266 0.04258
1901.00000 2.46768 0.03072 0.16416 0.06079
1902.00000 2.58064 0.04698 0.22915 0.05721
1903.00000 2.49010 0.07351 0.22046 0.05929
1904.00000 2.43677 0.06049 0.26869 0.04946
1905.00000 2.56837 0.04712 0.24143 0.02270
1906.00000 2.53256 0.02710 0.26806 0.07144
1907.00000 2.62001 0.07322 0.20325 0.03656
1908.00000 2.56999 0.02320 0.22548 0.04590
1909.00000 2.55449 0.03142 0.20079 0.04921
1910.00000 2.63825 0.05251 0.23151 0.05054
1911.00000 2.60752 0.05432 0.18312 0.03244
1912.00000 2.47958 0.05357 0.28850 0.03868
1913.00000 2.56868 0.03922 0.23561 0.02665
1914.00000 2.44919 0.05810 0.11872 0.06823
1915.00000 2.54179 0.05060 0.29806 0.05811
1916.00000 2.61095 0.06992 0.24548 0.05377
1917.00000 2.43938 0.06992 0.17099 0.04913
1918.00000 2.47237 0.05900 0.24650 0.04641
1919.00000 2.53721 0.03917 0.18488 0.05128
1920.00000 2.64473 0.05668 0.34114 0.06012
1921.00000 2.57061 0.04712 0.17844 0.03430
1922.00000 2.61208 0.05553 0.16880 0.07595
1923.00000 2.39870 0.06272 0.19977 0.03930
1924.00000 2.45378 0.08346 0.26587 0.06394
1925.00000 2.62806 0.05668 0.21715 0.01547
1926.00000 2.60304 0.04683 0.20900 0.02507
1927.00000 2.53131 0.05581 0.18898 0.06419
1928.00000 2.65177 0.02478 0.21099 0.01749
1929.00000 2.53615 0.07429 0.14238 0.04881
1930.00000 2.62775 0.07162 0.15697 0.05128
1931.00000 2.60153 0.03825 0.18239 0.03586
1932.00000 2.54313 0.06685 0.14475 0.04021
1933.00000 2.54487 0.05458 0.18375 0.07053
1934.00000 2.56685 0.04871 0.14489 0.05922
1935.00000 2.61617 0.06688 0.18036 0.05012
1936.00000 2.65589 0.04059 0.21200 0.04184
1937.00000 2.67417 0.03445 0.19300 0.05280
1938.00000 2.63366 0.04791 0.21194 0.02642
1939.00000 2.54393 0.05859 0.27646 0.05625
1940.00000 2.71582 0.06839 0.25096 0.05471
1941.00000 2.57195 0.05759 0.17414 0.04008
1942.00000 2.72630 0.09116 0.17854 0.06514
1943.00000 2.61460 0.04012 0.23749 0.05112
1944.00000 2.60545 0.05690 0.19303 0.02414
2190.00000 2.34423 0.02887 0.17407 0.05819
2191.00000 2.46492 0.06271 0.16878 0.07341
2192.00000 2.38853 0.07845 0.31376 0.06052
2193.00000 2.37377 0.07173 0.26759 0.06080
2194.00000 2.40449 0.04270 0.17467 0.04523
2195.00000 2.27347 0.06502 0.19210 0.03316
2196.00000 2.41570 0.02205 0.20282 0.07553
2197.00000 2.34695 0.04445 0.21927 0.06823
2198.00000 2.23970 0.05541 0.19990 0.02076
2199.00000 2.29300 0.04355 0.24207 0.08266
2200.00000 2.32965 0.05220 0.19600 0.00459
2201.00000 2.34335 0.04140 0.20648 0.03971
2202.00000 2.32934 0.03328 0.15393 0.06964
2203.00000 2.43241 0.05262 0.14990 0.04603
2204.00000 2.49116 0.07161 0.14889 0.07992
2205.00000 2.49597 0.06383 0.18898 0.06191
2206.00000 2.32564 0.06354 0.17326 0.02326
2207.00000 2.37022 0.04608 0.17339 0.04152
2208.00000 2.33051 0.04329 0.27952 0.05484
2209.00000 2.40883 0.03894 0.23424 0.04670
2210.00000 2.48224 0.04166 0.23922 0.05192
2211.00000 2.34241 0.04909 0.21204 0.05159
2212.00000 2.34516 0.05780 0.19749 0.06572
2213.00000 2.36255 0.02962 0.18148 0.07048
2214.00000 2.34299 0.04564 0.27046 0.06548
2215.00000 2.37241 0.03251 0.15650 0.03661
2216.00000 2.30050 0.06507 0.18320 0.03286
2217.00000 2.31468 0.04336 0.22620 0.06627
2218.00000 2.39424 0.05484 0.32338 0.06256
2219.00000 2.38049 0.06666 0.18695 0.04803
2220.00000 2.40600 0.05658 0.23579 0.05505
2221.00000 2.35355 0.04186 0.28586 0.04299
2222.00000 2.37666 0.03604 0.17726 0.07932
2223.00000 2.40091 0.03283 0.19550 0.05033
2224.00000 2.43114 0.06251 0.11934 0.05061
2225.00000 2.28741 0.07321 0.15101 0.04364
2226.00000 2.33624 0.04762 0.19066 0.05738
2227.00000 2.32284 0.05964 0.21610 0.03915
2228.00000 2.40319 0.04790 0.12840 0.05678
2229.00000 2.46550 0.06540 0.21191 0.05823
2230.00000 2.37986 0.03066 0.19227 0.04223
2231.00000 2.27533 0.04501 0.17245 0.05897
2232.00000 2.40924 0.05831 0.19455 0.03526
2233.00000 2.27001 0.05077 0.22137 0.05538
2234.00000 2.35303 0.07523 0.29381 0.05470
2235.00000 2.30025 0.09584 0.16131 0.07433
2236.00000 2.39371 0.03443 0.15207 0.07602
2237.00000 2.39198 0.03898 0.29548 0.06985
2238.00000 2.54296 0.05808 0.08561 0.04567
2239.00000 2.32576 0.05655 0.21380 0.09153
2240.00000 2.47006 0.08343 0.15585 0.06840
2241.00000 2.44895 0.06675 0.13121 0.07004
2242.00000 2.35400 0.03957 0.19260 0.03375
2243.00000 2.41225 0.07122 0.07031 0.06358
2244.00000 2.36383 0.08394 0.23616 0.03688
2245.00000 2.40041 0.06528 0.19578 0.03856
2246.00000 2.47878 0.05261 0.11154 0.08123
2247.00000 2.41221 0.06015 0.13605 0.05483
2248.00000 2.38521 0.06486 0.14529 0.05279
2249.00000 2.39458 0.04244 0.17973 0.04457
2250.00000 2.37199 0.03654 0.21556 0.03790
2251.00000 2.41986 0.05909 0.20617 0.03410
2252.00000 2.40938 0.05382 0.22645 0.04425
2253.00000 2.42629 0.05348 0.16066 0.05764
2254.00000 2.47691 0.06405 0.23334 0.05627
2255.00000 2.36697 0.04017 0.17155 0.09187
2256.00000 2.42546 0.04210 0.19048 0.04431
2257.00000 2.34380 0.08772 0.23512 0.04432
2258.00000 2.44207 0.05839 0.22895 0.06988
2259.00000 2.46550 0.07169 0.16753 0.04936
2260.00000 2.53631 0.05528 0.09764 0.05940
2261.00000 2.44776 0.02095 0.24199 0.07682
2262.00000 2.47661 0.04928 0.10232 0.05072
2263.00000 2.40978 0.05856 0.15567 0.03141
2264.00000 2.37388 0.04179 0.27901 0.06050
2265.00000 2.50809 0.09631 0.22675 0.07017
2266.00000 2.43399 0.06009 0.15252 0.06419
2267.00000 2.45328 0.05701 0.07332 0.08783
2268.00000 2.39668 0.04743 0.18382 0.04004
2269.00000 2.41732 0.05352 0.20417 0.03017
2270.00000 2.44120 0.06972 0.20279 0.03215
2271.00000 2.56786 0.05924 0.31074 0.07807
2272.00000 2.44227 0.04053 0.17070 0.06550
2273.00000 2.38395 0.08368 0.23158 0.03489
2274.00000 2.34492 0.05752 0.29724 0.05739
2275.00000 2.39177 0.06773 0.28576 0.06519
2276.00000 2.55122 0.02998 0.21058 0.06815
2277.00000 2.52292 0.05833 0.26237 0.07226
2278.00000 2.48453 0.05055 0.15974 0.08558
2279.00000 2.49964 0.03372 0.16159 0.06083
2280.00000 2.52734 0.02996 0.12597 0.07049
2281.00000 2.51472 0.04774 0.27039 0.06698
2282.00000 2.45650 0.05730 0.17197 0.05745
2283.00000 2.65587 0.06297 0.12456 0.04568
2284.00000 2.50189 0.05920 0.16593 0.07292
2285.00000 2.55675 0.01782 0.23993 0.04314
2286.00000 2.53249 0.05166 0.22159 0.01922
2287.00000 2.60338 0.05869 0.24742 0.05278
2288.00000 2.60147 0.03458 0.22804 0.03863
2289.00000 2.59216 0.04968 0.05704 0.07994
2290.00000 2.56021 0.04852 0.18599 0.04457
2291.00000 2.56300 0.06055 0.15967 0.07077
2292.00000 2.60194 0.08011 0.15385 0.04459
2293.00000 2.65845 0.04100 0.17478 0.01797
2294.00000 2.61056 0.07422 0.04924 0.08570
2295.00000 2.50992 0.07724 0.18541 0.02686
2296.00000 2.65740 0.07391 0.20906 0.05147
2297.00000 2.59894 0.05017 0.20828 0.00278
2298.00000 2.55694 0.04420 0.13650 0.06286
2299.00000 2.57294 0.02433 0.21581 0.05593
2300.00000 2.54970 0.06472 0.18347 0.04001
2301.00000 2.44069 0.07606 0.20561 0.05642
2302.00000 2.54052 0.05395 0.15347 0.03434
2303.00000 2.59326 0.06183 0.25859 0.05271
2304.00000 2.54682 0.04529 0.25270 0.07198
2305.00000 2.54500 0.06276 0.30015 0.05147
2306.00000 2.53628 0.06230 0.22648 0.04835
2307.00000 2.60739 0.06307 0.23146 0.03845
2308.00000 2.44660 0.05999 0.21567 0.05346
2309.00000 2.50177 0.03890 0.23450 0.05237
2555.00000 2.46644 0.06595 0.24793 0.07357
2556.00000 2.66047 0.08048 0.18796 0.07326
2557.00000 2.59680 0.02239 0.21281 0.03881
2558.00000 2.62690 0.05837 0.18274 0.04148
2559.00000 2.57709 0.06250 0.28148 0.06249
2560.00000 2.62430 0.02269 0.22844 0.04566
2561.00000 2.54750 0.04419 0.23956 0.03097
2562.00000 2.70522 0.06663 0.24407 0.06515
2563.00000 2.59849 0.06015 0.23591 0.04591
2564.00000 2.70818 0.06162 0.18079 0.05354
2565.00000 2.60426 0.04048 0.19356 0.05042
2566.00000 2.63029 0.04086 0.12773 0.06357
2567.00000 2.63854 0.04786 0.20343 0.03156
2568.00000 2.64062 0.05352 0.20262 0.05819
2569.00000 2.57088 0.04933 0.15732 0.03235
2570.00000 2.56348 0.06400 0.18715 0.02976
2571.00000 2.67599 0.05660 0.08976 0.06417
2572.00000 2.64834 0.06264 0.20082 0.05179
2573.00000 2.63783 0.06541 0.23799 0.06983
2574.00000 2.63114 0.04118 0.14748 0.07628
2575.00000 2.62298 0.06328 0.17618 0.04081
2576.00000 2.62371 0.06713 0.22582 0.02923
2577.00000 2.58256 0.03828 0.25286 0.04457
2578.00000 2.52457 0.05733 0.15973 0.05253
2579.00000 2.56456 0.04734 0.33833 0.06760
2580.00000 2.56465 0.09174 0.25102 0.05916
2581.00000 2.56117 0.05519 0.22039 0.03689
2582.00000 2.45652 0.07032 0.14943 0.05133
2583.00000 2.48486 0.04638 0.14739 0.05401
2584.00000 2.50391 0.04108 0.10379 0.03970
2585.00000 2.51568 0.08625 0.20096 0.05215
2586.00000 2.53852 0.03450 0.17573 0.05315
2587.00000 2.48332 0.04374 0.25105 0.04927
2588.00000 2.43636 0.05049 0.12023 0.07469
2589.00000 2.48316 0.02180 0.12287 0.06421
2590.00000 2.46383 0.05553 0.20345 0.03111
2591.00000 2.46677 0.06987 0.08658 0.05556
2592.00000 2.50881 0.07364 0.23438 0.06076
2593.00000 2.55681 0.07217 0.18772 0.06281
2594.00000 2.46933 0.03752 0.19827 0.02779
2595.00000 2.39811 0.06280 0.23841 0.06187
2596.00000 2.46886 0.03129 0.21079 0.05280
2597.00000 2.53461 0.04923 0.30064 0.05904
2598.00000 2.42192 0.04577 0.21445 0.07801
2599.00000 2.46144 0.04084 0.18949 0.06386
2600.00000 2.52710 0.04394 0.22704 0.04752
2601.00000 2.53746 0.03490 0.17966 0.08026
2602.00000 2.58140 0.05347 0.22439 0.03940
2603.00000 2.49839 0.05841 0.27466 0.08217
2604.00000 2.60882 0.06759 0.28186 0.04644
2605.00000 2.52901 0.09586 0.16950 0.04501
2606.00000 2.51940 0.04932 0.17114 0.03856
2607.00000 2.50975 0.06452 0.29859 0.02796
2608.00000 2.51828 0.02969 0.23413 0.05954
2609.00000 2.54932 0.03781 0.11780 0.05382
2610.00000 2.59659 0.05592 0.27661 0.06356
2611.00000 2.46031 0.04366 0.21740 0.06835
2612.00000 2.60181 0.02640 0.16882 0.03655
2613.00000 2.61211 0.08800 0.22841 0.02570
2614.00000 2.59816 0.04377 0.28508 0.05293
2615.00000 2.55798 0.03108 0.25826 0.04685
2616.00000 2.51617 0.07032 0.20540 0.03705
2617.00000 2.57200 0.04347 0.22990 0.03458
2618.00000 2.54260 0.02373 0.23164 0.04330
2619.00000 2.53845 0.02761 0.24699 0.03486
2620.00000 2.57757 0.05069 0.28886 0.06529
2621.00000 2.55367 0.05843 0.19791 0.03694
2622.00000 2.60799 0.04549 0.23650 0.03078
2623.00000 2.67276 0.03330 0.23208 0.05748
2624.00000 2.62497 0.04943 0.16038 0.05537
2625.00000 2.64373 0.05226 0.26551 0.04772
2626.00000 2.60994 0.07140 0.20684 0.04240
2627.00000 2.69141 0.06558 0.17500 0.04303
2628.00000 2.76071 0.07936 0.26009 0.07113
2629.00000 2.71807 0.06168 0.32734 0.04427
2630.00000 2.82328 0.07327 0.22221 0.04365
2631.00000 2.83202 0.06779 0.23235 0.06852
2632.00000 2.81178 0.03400 0.22796 0.04018
2633.00000 2.77890 0.02819 0.21630 0.04961
2634.00000 2.88813 0.06444 0.28896 0.04347
2635.00000 2.87151 0.07262 0.14763 0.03461
2636.00000 2.75842 0.02369 0.24763 0.04236
2637.00000 2.78414 0.03036 0.26637 0.05425
2638.00000 2.88749 0.04846 0.20313 0.06360
2639.00000 2.88707 0.05660 0.28614 0.03806
2640.00000 2.80653 0.06448 0.13786 0.05469
2641.00000 2.73422 0.05687 0.18687 0.07486
2642.00000 2.87471 0.04441 0.23571 0.05388
2643.00000 2.83581 0.07528 0.22986 0.06339
2644.00000 2.77679 0.04509 0.19739 0.05142
2645.00000 2.83412 0.09421 0.18793 0.05018
2646.00000 2.79360 0.07004 0.18630 0.02571
2647.00000 2.82797 0.03758 0.25394 0.04281
2648.00000 2.79415 0.03089 0.13861 0.06320
2649.00000 2.69406 0.05458 0.21694 0.03992
2650.00000 2.70415 0.06115 0.22868 0.06306
2651.00000 2.67315 0.02511 0.35076 0.06554
2652.00000 2.76376 0.05895 0.35741 0.07392
2653.00000 2.76574 0.06172 0.15246 0.04900
2654.00000 2.68782 0.05622 0.15971 0.04496
2655.00000 2.63012 0.05601 0.30535 0.07326
2656.00000 2.73042 0.05223 0.22162 0.04192
2657.00000 2.75183 0.04372 0.20434 0.03528
2658.00000 2.78896 0.06618 0.23867 0.01194
2659.00000 2.75784 0.06351 0.18729 0.04480
2660.00000 2.72148 0.04603 0.21224 0.03326
2661.00000 2.73130 0.02708 0.32715 0.08195
2662.00000 2.68470 0.03863 0.22845 0.06759
2663.00000 2.71202 0.07203 0.19139 0.06594
2664.00000 2.60683 0.06753 0.13039 0.04341
2665.00000 2.66375 0.04343 0.11481 0.07604
2666.00000 2.65408 0.06602 0.18246 0.03146
2667.00000 2.62928 0.05571 0.29601 0.05736
2668.00000 2.56126 0.07754 0.22721 0.03068
2669.00000 2.62152 0.05207 0.11973 0.04694
2670.00000 2.60470 0.04680 0.24190 0.03444
2671.00000 2.62296 0.04764 0.13266 0.05126
2672.00000 2.53428 0.07241 0.26918 0.05376
2673.00000 2.49730 0.07463 0.10154 0.05466
2674.00000 2.68275 0.07189 0.23271 0.02587
2920.00000 2.79873 0.02764 0.23705 0.05741
2921.00000 2.77364 0.05147 0.23593 0.06612
2922.00000 2.79745 0.07420 0.20075 0.04598
2923.00000 2.90349 0.06726 0.15342 0.05143
2924.00000 2.93419 0.04648 0.26173 0.05872
2925.00000 2.78857 0.06420 0.22989 0.04324
2926.00000 2.90569 0.03194 0.22492 0.04455
2927.00000 2.83177 0.04833 0.21356 0.05352
2928.00000 2.88326 0.05496 0.23918 0.05473
2929.00000 2.82707 0.04453 0.25712 0.05079
2930.00000 2.75708 0.07332 0.12897 0.03660
2931.00000 2.84143 0.07629 0.26664 0.06638
2932.00000 2.80153 0.03566 0.17562 0.05728
2933.00000 2.88640 0.08683 0.29804 0.03369
2934.00000 2.82151 0.05961 0.24307 0.05114
2935.00000 2.95998 0.04401 0.23024 0.06515
2936.00000 2.89207 0.05257 0.16802 0.04904
2937.00000 2.83568 0.05214 0.24504 0.02877
2938.00000 2.86894 0.05137 0.13500 0.06326
2939.00000 2.85525 0.07032 0.18598 0.05995
2940.00000 2.89370 0.07699 0.22028 0.04435
2941.00000 2.80048 0.03880 0.22201 0.04797
2942.00000 2.78450 0.07797 0.24517 0.05698
2943.00000 2.86164 0.02777 0.18465 0.03970
2944.00000 2.96255 0.08496 0.25695 0.03833
2945.00000 2.90537 0.10447 0.23371 0.04390
2946.00000 2.86380 0.02110 0.14103 0.07835
2947.00000 2.85349 0.02615 0.08545 0.06413
2948.00000 2.79984 0.03431 0.26819 0.03136
2949.00000 2.81146 0.04596 0.22579 0.07396
2950.00000 3.02551 0.07398 0.26751 0.04329
2951.00000 2.85579 0.04392 0.28546 0.08789
2952.00000 2.81259 0.05500 0.32480 0.05203
2953.00000 2.85244 0.03934 0.28441 0.03818
2954.00000 2.88721 0.04604 0.21827 0.03890
2955.00000 2.88597 0.04360 0.27661 0.03239
2956.00000 2.96767 0.05512 0.24128 0.04410
2957.00000 2.90872 0.03304 0.16083 0.07082
2958.00000 2.91569 0.03237 0.30739 0.05726
2959.00000 2.93168 0.09014 0.27607 0.06607
2960.00000 2.96306 0.04230 0.36048 0.06416
2961.00000 2.96526 0.03798 0.14914 0.07798
2962.00000 2.96404 0.04348 0.25108 0.04911
2963.00000 2.94551 0.09610 0.16639 0.06094
2964.00000 3.03835 0.05882 0.19050 0.04226
2965.00000 3.07655 0.04766 0.15575 0.07531
2966.00000 3.10010 0.05490 0.30581 0.06965
2967.00000 2.90216 0.05109 0.21742 0.03482
2968.00000 3.05565 0.03689 0.20975 0.03733
2969.00000 3.08163 0.03057 0.27781 0.03175
2970.00000 3.03065 0.04073 0.30368 0.03998
2971.00000 3.06864 0.06504 0.27745 0.06589
2972.00000 2.99085 0.05831 0.19254 0.06113
2973.00000 3.12778 0.06118 0.27437 0.05256
2974.00000 3.13427 0.06604 0.30377 0.04586
2975.00000 3.08700 0.06577 0.25766 0.06148
2976.00000 2.99124 0.07744 0.32338 0.04790
2977.00000 3.07046 0.04317 0.28144 0.03759
2978.00000 2.87015 0.05251 0.25369 0.05601
2979.00000 3.04031 0.05588 0.24298 0.03865
2980.00000 2.96629 0.03452 0.17973 0.03349
2981.00000 2.96064 0.07261 0.25461 0.04642
2982.00000 2.96806 0.07502 0.12337 0.06914
2983.00000 2.98036 0.06641 0.29467 0.03519
2984.00000 3.00887 0.03195 0.21218 0.04468
2985.00000 2.99157 0.05629 0.10124 0.07181
2986.00000 3.02341 0.06515 0.26821 0.03848
2987.00000 2.94102 0.04247 0.29846 0.07314
2988.00000 2.97956 0.06937 0.37764 0.09334
2989.00000 2.98511 0.05322 0.24730 0.06122
2990.00000 2.90029 0.05040 0.23006 0.05751
2991.00000 2.96615 0.05518 0.20387 0.04694
2992.00000 2.77320 0.06090 0.20891 0.04978
2993.00000 2.96124 0.04282 0.27278 0.09103
2994.00000 2.95309 0.04723 0.24955 0.06916
2995.00000 2.93487 0.03982 0.25199 0.06925
2996.00000 2.90188 0.06306 0.27944 0.04960
2997.00000 2.88849 0.05802 0.22443 0.07383
2998.00000 2.82851 0.05990 0.09898 0.06264
2999.00000 2.78252 0.04491 0.20807 0.03571
3000.00000 2.77487 0.03444 0.39553 0.09708
3001.00000 2.63166 0.06157 0.24837 0.03877
3002.00000 2.75115 0.03831 0.21268 0.02445
3003.00000 2.69133 0.06484 0.19659 0.03067
3004.00000 2.81217 0.05393 0.15814 0.05539
3005.00000 2.80545 0.06850 0.21504 0.06948
3006.00000 2.77504 0.05740 0.22544 0.05673
3007.00000 2.81216 0.04806 0.29709 0.05985
3008.00000 2.77953 0.04805 0.32962 0.04991
3009.00000 2.87054 0.05705 0.28424 0.04925
3010.00000 2.83829 0.07582 0.25764 0.06932
3011.00000 2.86932 0.01390 0.22912 0.06787
3012.00000 2.92371 0.03540 0.29298 0.06471
3013.00000 2.92860 0.06483 0.35140 0.06651
3014.00000 2.89306 0.05037 0.29852 0.05082
3015.00000 2.90216 0.06630 0.21178 0.07328
3016.00000 3.04761 0.05772 0.23166 0.05633
3017.00000 2.91108 0.07045 0.25779 0.03930
3018.00000 2.89680 0.05910 0.28009 0.04349
3019.00000 2.92697 0.02753 0.24538 0.04222
3020.00000 2.99004 0.04908 0.25249 0.06582
3021.00000 2.87164 0.05757 0.25323 0.05825
3022.00000 2.87419 0.06580 0.22093 0.05368
3023.00000 2.90219 0.07815 0.26537 0.02574
3024.00000 2.90651 0.04261 0.14952 0.04782
3025.00000 2.94486 0.04112 0.25263 0.03962
3026.00000 2.92149 0.09514 0.12872 0.06782
3027.00000 2.87145 0.03493 0.20181 0.06030
3028.00000 2.93395 0.04403 0.13736 0.05649
3029.00000 2.96358 0.02555 0.30527 0.05284
3030.00000 2.92862 0.02093 0.25421 0.08981
3031.00000 2.93442 0.03133 0.29343 0.04001
3032.00000 2.95976 0.03806 0.27910 0.03884
3033.00000 2.88682 0.07978 0.27758 0.03145
3034.00000 2.84931 0.05321 0.26788 0.04207
3035.00000 2.97845 0.05104 0.23199 0.04858
3036.00000 2.84083 0.08952 0.29800 0.08554
3037.00000 3.03659 0.04391 0.34196 0.05860
3038.00000 3.00832 0.03624 0.18972 0.07801
3039.00000 2.91594 0.05835 0.24381 0.03646
3285.00000 3.05263 0.05031 0.33380 0.08182
3286.00000 3.08939 0.05710 0.33186 0.05044
3287.00000 3.13258 0.05773 0.19459 0.04687
3288.00000 3.15247 0.04671 0.18760 0.05490
3289.00000 3.02395 0.09506 0.28669 0.04960
3290.00000 3.12133 0.04399 0.18135 0.05134
3291.00000 3.21382 0.05937 0.27413 0.03881
3292.00000 3.08887 0.01625 0.35338 0.05945
3293.00000 3.12652 0.07849 0.33289 0.06609
3294.00000 2.99451 0.06631 0.29262 0.03568
3295.00000 3.03438 0.04797 0.28326 0.04872
3296.00000 3.11443 0.04939 0.23253 0.05337
3297.00000 3.11369 0.05984 0.26288 0.03644
3298.00000 3.09545 0.05221 0.23681 0.03741
3299.00000 3.09116 0.04240 0.20226 0.07110
3300.00000 3.04363 0.03844 0.29087 0.04744
3301.00000 2.96215 0.07947 0.29622 0.06688
3302.00000 2.97346 0.05136 0.30075 0.08333
3303.00000 3.01974 0.03769 0.22991 0.06472
3304.00000 2.87839 0.06104 0.23195 0.03139
3305.00000 2.95411 0.06106 0.22573 0.04297
3306.00000 2.92929 0.02527 0.25706 0.05388
3307.00000 2.99073 0.05229 0.27733 0.02135
3308.00000 2.89173 0.03735 0.20148 0.04904
3309.00000 2.94543 0.04453 0.25656 0.02249
3310.00000 2.95574 0.02837 0.24489 0.03585
3311.00000 2.96935 0.05065 0.31884 0.05783
3312.00000 3.10262 0.07803 0.28775 0.05696
3313.00000 2.87181 0.06822 0.08215 0.06975
3314.00000 2.93110 0.01619 0.26564 0.08553
3315.00000 3.00945 0.05302 0.26465 0.03461
3316.00000 2.86909 0.06600 0.28259 0.02367
3317.00000 2.89747 0.05719 0.23784 0.06063
3318.00000 2.88736 0.04047 0.27785 0.04610
3319.00000 2.96806 0.03219 0.27889 0.05339
3320.00000 2.96071 0.05893 0.26994 0.06150
3321.00000 2.91603 0.02307 0.27727 0.04400
3322.00000 2.91405 0.04130 0.29899 0.07937
3323.00000 2.93925 0.06191 0.27273 0.06211
3324.00000 2.85995 0.07421 0.26101 0.00517
3325.00000 3.01607 0.03892 0.35032 0.07253
3326.00000 2.99849 0.04512 0.27230 0.04734
3327.00000 2.93483 0.08391 0.26219 0.05782
3328.00000 2.95283 0.02603 0.27086 0.06775
3329.00000 2.97288 0.05100 0.32121 0.05822
3330.00000 2.92243 0.06232 0.31894 0.04976
3331.00000 2.85525 0.05383 0.34342 0.08983
3332.00000 2.98768 0.06197 0.48367 0.05729
3333.00000 2.99030 0.03917 0.27634 0.06108
3334.00000 2.91128 0.05086 0.29715 0.02985
3335.00000 2.87843 0.02978 0.31763 0.07704
3336.00000 2.90548 0.05721 0.26418 0.06844
3337.00000 2.84330 0.03840 0.32182 0.05404
3338.00000 2.70582 0.06968 0.25841 0.05704
3339.00000 2.82882 0.04120 0.33147 0.03862
3340.00000 2.88589 0.05480 0.21252 0.05708
3341.00000 2.92980 0.05606 0.31045 0.04677
3342.00000 2.70418 0.10360 0.24473 0.05884
3343.00000 2.86746 0.03298 0.27433 0.04998
3344.00000 2.89717 0.04368 0.32314 0.04899
3345.00000 2.99122 0.07532 0.26746 0.04576
3346.00000 2.82374 0.05503 0.27179 0.04857
3347.00000 2.91061 0.06055 0.23874 0.03104
3348.00000 2.81451 0.06298 0.27089 0.03326
3349.00000 2.81941 0.05641 0.31761 0.04531
3350.00000 2.78387 0.08668 0.22231 0.06032
3351.00000 2.93287 0.06204 0.21762 0.04296
3352.00000 2.82041 0.07029 0.20652 0.04440
3353.00000 2.92009 0.05916 0.22192 0.06737
3354.00000 2.78469 0.07575 0.20199 0.04906
3355.00000 3.01261 0.08222 0.25128 0.04179
3356.00000 2.78801 0.05172 0.27700 0.07339
3357.00000 2.74161 0.05144 0.30265 0.06536
3358.00000 2.80419 0.03112 0.30577 0.03745
3359.00000 2.75961 0.05180 0.14731 0.06863
3360.00000 2.77323 0.06463 0.19071 0.04268
3361.00000 2.79875 0.04497 0.30328 0.04362
3362.00000 2.83988 0.06626 0.22144 0.04430
3363.00000 2.81242 0.04600 0.29480 0.04071
3364.00000 2.71518 0.03732 0.29786 0.06342
3365.00000 2.94900 0.08777 0.23207 0.07946
3366.00000 2.83498 0.04666 0.26055 0.05174
3367.00000 2.89814 0.05582 0.24385 0.04351
3368.00000 2.78489 0.07035 0.27630 0.04173
3369.00000 2.84127 0.05607 0.22765 0.01968
3370.00000 2.70945 0.05513 0.25486 0.03072
3371.00000 2.63247 0.04557 0.15888 0.02914
3372.00000 2.88974 0.06455 0.26613 0.01582
3373.00000 2.76813 0.01901 0.28274 0.05425
3374.00000 2.83215 0.04565 0.19385 0.05798
3375.00000 2.76376 0.05369 0.30280 0.04921
3376.00000 2.88794 0.05896 0.30594 0.06057
3377.00000 2.77000 0.06340 0.26654 0.03384
3378.00000 2.86866 0.08446 0.25845 0.03506
3379.00000 2.69909 0.05317 0.14767 0.06074
3380.00000 2.71902 0.05916 0.28157 0.03633
3381.00000 2.85894 0.06733 0.21435 0.09573
3382.00000 2.85958 0.07378 0.32476 0.05669
3383.00000 2.68918 0.04682 0.27721 0.05508
3384.00000 2.80883 0.03606 0.33305 0.05080
3385.00000 2.76770 0.05554 0.33533 0.07166
3386.00000 2.71129 0.05276 0.20970 0.06676
3387.00000 2.84486 0.04906 0.16358 0.06529
3388.00000 2.77895 0.03274 0.18061 0.04834
3389.00000 2.88629 0.04106 0.23729 0.05251
3390.00000 2.79008 0.06875 0.24683 0.04918
3391.00000 2.85954 0.08789 0.20547 0.04974
3392.00000 2.79182 0.05494 0.29029 0.07272
3393.00000 2.82142 0.06201 0.21172 0.06565
3394.00000 2.74107 0.07330 0.26944 0.03726
3395.00000 2.76561 0.07633 0.26212 0.04368
3396.00000 2.79784 0.05004 0.27634 0.02562
3397.00000 2.81190 0.05731 0.30210 0.04604
3398.00000 2.96212 0.07107 0.27574 0.06046
3399.00000 2.82974 0.06015 0.23318 0.03242
3400.00000 2.92106 0.03855 0.29374 0.07377
3401.00000 2.93153 0.04412 0.17667 0.05128
3402.00000 2.90077 0.05071 0.28056 0.05143
3403.00000 2.89284 0.02513 0.19926 0.07006
3404.00000 2.95782 0.03262 0.30171 0.05383
