## Time Delay Challenge light curves
##
## [time]=days, [lc]=[err]=flux in nanomaggies
##
##       time       lc_A      err_A       lc_B      err_B
##-------------------------------------------------------
0.00000 3.06148 0.05389 10.69881 0.02655
1.00000 2.97463 0.04758 10.75371 0.04768
2.00000 2.92795 0.06085 10.67959 0.05560
3.00000 2.93393 0.05319 10.74397 0.03464
4.00000 2.98347 0.07659 10.49794 0.06422
5.00000 2.80818 0.02973 10.28017 0.06231
6.00000 2.86026 0.06953 10.24706 0.05501
7.00000 2.83574 0.05989 10.36573 0.04402
8.00000 2.80392 0.06622 10.49894 0.06344
9.00000 3.13822 0.08758 10.37126 0.07123
10.00000 2.72798 0.06884 10.54261 0.02654
11.00000 3.00364 0.04466 10.70859 0.07615
12.00000 2.92676 0.06297 10.68528 0.02106
13.00000 2.95640 0.04912 10.52243 0.06009
14.00000 2.87234 0.06190 10.57317 0.07355
15.00000 2.93311 0.02719 10.49135 0.04507
16.00000 2.98316 0.05250 10.43505 0.06007
17.00000 3.08350 0.07569 10.59960 0.04034
18.00000 2.93327 0.03165 10.71244 0.03115
19.00000 2.96848 0.03640 10.72443 0.06802
20.00000 2.90582 0.04459 10.68749 0.04162
21.00000 2.89793 0.06282 10.56779 0.06327
22.00000 2.96284 0.03687 10.70555 0.04810
23.00000 2.93299 0.03772 10.74060 0.04635
24.00000 2.93947 0.05450 10.60802 0.05389
25.00000 2.90915 0.04447 10.52193 0.04809
26.00000 2.88163 0.04796 10.59678 0.04723
27.00000 2.78710 0.06694 10.50558 0.04668
28.00000 2.74840 0.05408 10.57698 0.03849
29.00000 2.86006 0.04255 10.56942 0.04570
30.00000 2.86756 0.05605 10.48138 0.05197
31.00000 2.96297 0.07947 10.55090 0.04364
32.00000 2.88470 0.01756 10.48104 0.05243
33.00000 2.94571 0.04611 10.63362 0.05843
34.00000 2.94055 0.07643 10.53157 0.03677
35.00000 2.91934 0.04109 10.52332 0.05470
36.00000 2.87630 0.04569 10.54628 0.04505
37.00000 2.94204 0.07081 10.49145 0.06168
38.00000 2.93509 0.03119 10.67798 0.02432
39.00000 2.92998 0.07124 10.76362 0.06999
40.00000 2.95384 0.02298 10.54712 0.06066
41.00000 2.93367 0.07327 10.46793 0.04915
42.00000 2.97312 0.05798 10.56683 0.05097
43.00000 2.86418 0.05199 10.52651 0.05608
44.00000 2.99823 0.05420 10.63916 0.04119
45.00000 2.98778 0.06118 10.57294 0.04756
46.00000 2.79789 0.06897 10.41772 0.03790
47.00000 2.85680 0.02569 10.29714 0.02145
48.00000 2.74934 0.05550 10.28016 0.04555
49.00000 2.77583 0.03838 10.15190 0.04390
50.00000 2.82995 0.03754 10.11864 0.07073
51.00000 2.80980 0.04256 10.17587 0.04067
52.00000 2.83195 0.06561 10.04914 0.04515
53.00000 2.80289 0.05145 10.13434 0.07648
54.00000 2.79159 0.04111 10.17556 0.02851
55.00000 2.90123 0.07644 10.07820 0.07770
56.00000 2.86286 0.09032 10.06887 0.06860
57.00000 2.82347 0.04270 10.13200 0.07760
58.00000 2.75840 0.04016 10.02940 0.04709
59.00000 2.75711 0.05633 9.97296 0.04910
60.00000 2.75422 0.03616 9.95295 0.03072
61.00000 2.76459 0.07274 9.98608 0.05675
62.00000 2.72760 0.05182 9.95546 0.07562
63.00000 2.63314 0.06510 9.77123 0.07158
64.00000 2.64228 0.06427 9.84991 0.03191
65.00000 2.73435 0.06020 9.71112 0.08018
66.00000 2.65885 0.03472 9.67335 0.04050
67.00000 2.77068 0.04857 9.65834 0.04271
68.00000 2.56775 0.05014 9.68875 0.06901
69.00000 2.65977 0.07371 9.87507 0.04580
70.00000 2.70178 0.05262 9.75502 0.05742
71.00000 2.75545 0.05489 9.98893 0.07587
72.00000 2.72766 0.04534 9.94512 0.03579
73.00000 2.70989 0.04582 10.13984 0.03212
74.00000 2.75935 0.02742 10.14755 0.03533
75.00000 2.79999 0.05818 10.18601 0.04897
76.00000 2.77714 0.06750 10.27391 0.05543
77.00000 2.88079 0.05110 10.30793 0.03987
78.00000 2.82379 0.07805 10.27465 0.06059
79.00000 2.76319 0.03700 10.22303 0.05530
80.00000 2.79946 0.03935 10.13031 0.02412
81.00000 2.73132 0.05482 10.16203 0.03416
82.00000 2.83601 0.03540 10.18831 0.05342
83.00000 2.82049 0.04192 10.19178 0.04502
84.00000 2.92226 0.05359 10.27485 0.04333
85.00000 3.00366 0.06816 10.31809 0.05484
86.00000 2.83596 0.01211 10.36736 0.03526
87.00000 2.95905 0.04640 10.35884 0.03873
88.00000 2.80368 0.04902 10.41565 0.08510
89.00000 2.84916 0.03795 10.36765 0.08758
90.00000 2.77911 0.05407 10.24360 0.05179
91.00000 2.77363 0.10767 10.30046 0.03849
92.00000 2.75178 0.06752 10.31162 0.06225
93.00000 2.83165 0.06018 10.35792 0.04205
94.00000 2.90549 0.07360 10.30061 0.06613
95.00000 2.83873 0.03817 10.42208 0.05696
96.00000 2.87273 0.06345 10.35268 0.03201
97.00000 2.81323 0.03614 10.48757 0.05456
98.00000 2.89161 0.03223 10.40778 0.06090
99.00000 2.85603 0.05200 10.35659 0.06497
100.00000 2.79110 0.04477 10.40439 0.05603
101.00000 2.78044 0.07452 10.43603 0.05260
102.00000 2.93662 0.07157 10.33981 0.05800
103.00000 2.84214 0.00806 10.34082 0.02577
104.00000 2.85631 0.04126 10.25471 0.04029
105.00000 2.82946 0.05615 10.28379 0.02757
106.00000 2.90005 0.03408 10.39879 0.05896
107.00000 2.79320 0.07462 10.55511 0.05869
108.00000 2.86788 0.06027 10.40139 0.01263
109.00000 2.94755 0.08051 10.56554 0.05706
110.00000 2.84659 0.04859 10.39968 0.04213
111.00000 2.88976 0.06455 10.38925 0.06839
112.00000 2.83226 0.07051 10.48233 0.04014
113.00000 2.89446 0.07816 10.53892 0.03193
114.00000 2.81114 0.04882 10.38768 0.04269
115.00000 2.87045 0.05734 10.51081 0.06751
116.00000 2.89735 0.05414 10.61332 0.04270
117.00000 2.94341 0.05142 10.69712 0.05134
118.00000 2.86733 0.06101 10.61566 0.06606
119.00000 2.99080 0.05866 10.70389 0.05201
365.00000 2.87764 0.06147 10.41456 0.02378
366.00000 2.99553 0.05376 10.28795 0.03497
367.00000 2.93262 0.06184 10.20798 0.05463
368.00000 2.82008 0.06625 10.33057 0.04656
369.00000 2.95294 0.08698 10.21099 0.04921
370.00000 2.92612 0.05181 10.37701 0.04404
371.00000 2.89215 0.05374 10.24547 0.03883
372.00000 2.81866 0.05601 10.22000 0.03242
373.00000 2.82475 0.06236 10.27317 0.05999
374.00000 2.90852 0.06276 10.32488 0.06166
375.00000 2.79227 0.03102 10.15780 0.07468
376.00000 2.80752 0.05208 10.21939 0.04934
377.00000 2.85884 0.06856 10.09530 0.05922
378.00000 2.74833 0.03900 10.13296 0.05389
379.00000 2.79583 0.03575 10.15848 0.07069
380.00000 2.99411 0.04644 10.25235 0.07074
381.00000 2.82053 0.04130 10.15504 0.07320
382.00000 2.84353 0.04451 10.20753 0.06177
383.00000 2.83993 0.01396 10.12819 0.07801
384.00000 2.82070 0.05893 10.27066 0.03347
385.00000 2.87615 0.05284 10.43641 0.02649
386.00000 2.83797 0.02612 10.30843 0.04400
387.00000 2.90709 0.09250 10.34877 0.05029
388.00000 2.93498 0.06374 10.35982 0.04715
389.00000 2.82214 0.03914 10.36356 0.06752
390.00000 2.93688 0.05647 10.25997 0.06161
391.00000 2.82465 0.04147 10.20162 0.07303
392.00000 2.72513 0.04474 10.12964 0.06507
393.00000 2.80262 0.08510 10.13509 0.04206
394.00000 2.85415 0.04886 10.36285 0.06771
395.00000 2.90785 0.04823 10.17679 0.04825
396.00000 2.83468 0.06370 10.19780 0.05287
397.00000 2.86415 0.05288 10.31050 0.07248
398.00000 2.83674 0.04742 10.26530 0.04019
399.00000 2.84069 0.05360 10.21053 0.05360
400.00000 2.71283 0.07814 10.17455 0.06765
401.00000 2.87640 0.05534 10.26237 0.05152
402.00000 2.88260 0.02271 10.23633 0.03092
403.00000 2.81194 0.05898 10.33328 0.05020
404.00000 2.89933 0.06381 10.49420 0.00779
405.00000 2.88931 0.05405 10.46087 0.00608
406.00000 2.94813 0.05841 10.50878 0.08670
407.00000 2.86392 0.05648 10.52179 0.07807
408.00000 2.88218 0.05256 10.40273 0.01728
409.00000 2.84167 0.04212 10.52055 0.07882
410.00000 2.89865 0.04877 10.44499 0.03660
411.00000 2.92137 0.04956 10.51964 0.04409
412.00000 2.97563 0.05041 10.61889 0.07682
413.00000 2.93496 0.03612 10.65874 0.07817
414.00000 3.09655 0.07457 10.59871 0.05636
415.00000 2.95588 0.04729 10.54749 0.04606
416.00000 2.96898 0.05761 10.74931 0.06282
417.00000 2.94385 0.04969 10.72796 0.05589
418.00000 2.98342 0.02186 10.64261 0.07127
419.00000 2.97721 0.06118 10.80720 0.05548
420.00000 3.03027 0.08930 10.75527 0.02833
421.00000 2.93324 0.04668 10.74934 0.04114
422.00000 2.97502 0.04018 10.68541 0.05110
423.00000 2.96281 0.03172 10.80441 0.05055
424.00000 2.92255 0.03835 10.67337 0.06093
425.00000 2.84704 0.05275 10.46548 0.07617
426.00000 2.83422 0.04481 10.28301 0.03895
427.00000 2.65479 0.07532 10.09085 0.06896
428.00000 2.77137 0.04914 10.06387 0.06366
429.00000 2.67015 0.05019 10.01077 0.03871
430.00000 2.80809 0.07934 9.96822 0.05426
431.00000 2.75820 0.06621 10.20493 0.09269
432.00000 2.77311 0.03738 10.12832 0.06852
433.00000 2.79698 0.06305 9.93037 0.04513
434.00000 2.81120 0.06066 10.03816 0.04493
435.00000 2.81209 0.05909 10.04481 0.07129
436.00000 2.72960 0.05820 10.07767 0.01586
437.00000 2.76917 0.03901 9.92279 0.06604
438.00000 2.78564 0.04760 9.87520 0.07823
439.00000 2.84245 0.07186 9.96428 0.06130
440.00000 2.75793 0.04905 10.12418 0.02537
441.00000 2.87092 0.04890 10.17575 0.06958
442.00000 2.85850 0.04137 10.16064 0.05067
443.00000 2.85626 0.06551 10.21502 0.06285
444.00000 2.67033 0.05688 10.18408 0.04435
445.00000 2.83950 0.05039 10.14791 0.03690
446.00000 3.02141 0.06825 10.10096 0.04954
447.00000 2.91352 0.02301 10.24860 0.02872
448.00000 2.78906 0.04907 10.30081 0.02849
449.00000 2.89224 0.03931 10.13939 0.08905
450.00000 2.88124 0.03004 10.28593 0.02844
451.00000 2.84826 0.04305 10.27184 0.06727
452.00000 2.87465 0.04623 10.24235 0.03910
453.00000 2.82314 0.03496 10.33640 0.05159
454.00000 3.02392 0.06339 10.41093 0.06459
455.00000 2.84312 0.04879 10.41235 0.06122
456.00000 2.92742 0.05306 10.55069 0.02291
457.00000 2.80786 0.05810 10.60615 0.05408
458.00000 2.82302 0.05907 10.44023 0.07207
459.00000 2.76573 0.05031 10.24937 0.04918
460.00000 2.82648 0.06456 10.49562 0.05478
461.00000 2.69224 0.09004 10.39989 0.03832
462.00000 2.89821 0.04381 10.37250 0.05927
463.00000 2.90118 0.04617 10.40786 0.05989
464.00000 2.81782 0.03857 10.24538 0.05840
465.00000 2.87242 0.01986 10.29120 0.06663
466.00000 2.93780 0.04019 10.40031 0.04414
467.00000 2.96896 0.05276 10.39154 0.04422
468.00000 2.95332 0.05134 10.69188 0.04274
469.00000 3.04666 0.03522 10.58951 0.05628
470.00000 3.01787 0.05482 10.73721 0.02247
471.00000 2.93009 0.02117 10.62344 0.06163
472.00000 3.01367 0.05081 10.59421 0.05114
473.00000 2.97483 0.03335 10.66687 0.02091
474.00000 3.12235 0.05799 10.85887 0.02873
475.00000 3.01331 0.02417 10.98927 0.06448
476.00000 2.98024 0.04131 10.97918 0.03123
477.00000 2.97554 0.05254 10.82873 0.05374
478.00000 2.99199 0.02734 10.83404 0.03879
479.00000 3.04761 0.05248 10.68502 0.06309
480.00000 3.04495 0.07201 10.79684 0.04131
481.00000 2.98419 0.07497 10.74634 0.05302
482.00000 2.95434 0.00677 10.57302 0.06628
483.00000 2.93035 0.06763 10.65103 0.08787
484.00000 3.05697 0.05361 10.65213 0.09429
730.00000 3.14635 0.07468 11.57769 0.04886
731.00000 3.17730 0.03280 11.54696 0.04418
732.00000 3.12840 0.04797 11.50537 0.05162
733.00000 3.18108 0.05825 11.41591 0.07558
734.00000 3.04316 0.06214 11.55512 0.07613
735.00000 3.13651 0.05757 11.21971 0.07090
736.00000 3.24044 0.06905 11.30156 0.06458
737.00000 3.15745 0.05419 11.19885 0.05791
738.00000 3.16673 0.10565 11.18125 0.07763
739.00000 3.12980 0.07456 11.11912 0.08032
740.00000 2.97224 0.06484 11.15513 0.03031
741.00000 3.02139 0.07385 11.19467 0.04132
742.00000 3.09892 0.02747 11.15336 0.03295
743.00000 3.09207 0.04308 11.15066 0.04787
744.00000 3.08013 0.06483 11.10519 0.05696
745.00000 2.99304 0.07443 11.15947 0.05277
746.00000 3.15591 0.06527 11.26006 0.07169
747.00000 3.12435 0.06222 11.27137 0.07295
748.00000 3.09872 0.03682 11.23330 0.07248
749.00000 3.06841 0.05259 11.07794 0.08778
750.00000 3.14372 0.04858 11.13599 0.05270
751.00000 3.05432 0.06153 11.20463 0.05496
752.00000 3.06253 0.02285 11.19826 0.06177
753.00000 3.05147 0.03011 11.26267 0.04792
754.00000 3.09351 0.03996 10.92824 0.07809
755.00000 3.07676 0.02709 11.08413 0.03465
756.00000 3.08375 0.03466 11.16022 0.06172
757.00000 3.07752 0.06854 11.22953 0.06508
758.00000 3.11346 0.07632 11.16652 0.03780
759.00000 3.12154 0.05689 11.25441 0.07720
760.00000 3.18803 0.04260 11.43966 0.06389
761.00000 3.06816 0.06057 11.29475 0.05758
762.00000 3.13174 0.04310 11.38482 0.06471
763.00000 3.14797 0.03006 11.44417 0.06518
764.00000 3.22116 0.04935 11.38452 0.05525
765.00000 3.07668 0.02400 11.31920 0.04113
766.00000 3.16976 0.05963 11.41655 0.04414
767.00000 3.20516 0.04698 11.34619 0.06235
768.00000 3.28332 0.04903 11.49920 0.06020
769.00000 3.17425 0.07454 11.39522 0.08742
770.00000 3.27871 0.07866 11.74644 0.03920
771.00000 3.24477 0.03843 11.80465 0.04109
772.00000 3.25583 0.06244 11.71700 0.01865
773.00000 3.09650 0.05925 11.45653 0.06261
774.00000 3.10472 0.04739 11.41042 0.06798
775.00000 3.27582 0.04339 11.49867 0.08068
776.00000 3.18099 0.05922 11.55793 0.04100
777.00000 3.20234 0.04357 11.75499 0.05688
778.00000 3.24760 0.08201 11.57452 0.06178
779.00000 3.21088 0.05297 11.64940 0.06547
780.00000 3.15602 0.06111 11.48473 0.05350
781.00000 3.19299 0.04069 11.37833 0.07877
782.00000 3.11698 0.02914 11.42042 0.05973
783.00000 3.14421 0.06407 11.52274 0.02928
784.00000 3.11942 0.03780 11.35957 0.06290
785.00000 3.07842 0.04245 11.35025 0.05614
786.00000 3.18172 0.07492 11.18872 0.07186
787.00000 3.04410 0.03297 11.24972 0.06391
788.00000 3.00440 0.04112 10.97171 0.03844
789.00000 3.01287 0.05130 11.00403 0.04888
790.00000 3.12631 0.04334 11.03757 0.05197
791.00000 3.10890 0.05981 10.95585 0.05766
792.00000 3.17377 0.06759 11.08715 0.04413
793.00000 3.09591 0.05008 11.04836 0.03462
794.00000 3.07340 0.06984 11.14543 0.05664
795.00000 3.21480 0.07307 11.17475 0.05231
796.00000 3.17284 0.05000 11.19231 0.02626
797.00000 3.03084 0.06153 11.21546 0.06188
798.00000 3.08981 0.05964 11.18845 0.06254
799.00000 3.14066 0.05111 11.24292 0.06884
800.00000 3.20957 0.03748 11.22897 0.05291
801.00000 3.19558 0.06318 11.25167 0.06362
802.00000 3.23644 0.04906 11.19972 0.03238
803.00000 3.08701 0.02513 11.30990 0.02318
804.00000 3.06862 0.04112 11.25523 0.06710
805.00000 3.19353 0.04161 11.66654 0.05491
806.00000 3.07490 0.05421 11.51748 0.06456
807.00000 3.17339 0.05988 11.33380 0.05922
808.00000 3.12560 0.03088 11.23817 0.01387
809.00000 3.12740 0.06732 11.25918 0.05846
810.00000 3.17688 0.04941 11.30078 0.07532
811.00000 3.18186 0.05963 11.41746 0.05287
812.00000 3.19727 0.04053 11.47085 0.06505
813.00000 3.24360 0.08357 11.52572 0.04207
814.00000 3.13994 0.06651 11.66345 0.05868
815.00000 3.36165 0.07503 11.65455 0.03668
816.00000 3.16909 0.04571 11.66534 0.03936
817.00000 3.18858 0.03977 11.70099 0.06621
818.00000 3.20258 0.04640 11.74253 0.06681
819.00000 3.18851 0.05516 11.84398 0.06952
820.00000 3.34722 0.04499 11.90432 0.04793
821.00000 3.38868 0.07101 11.98079 0.07805
822.00000 3.31797 0.03438 12.01529 0.05375
823.00000 3.38000 0.04456 11.92239 0.05088
824.00000 3.35533 0.06125 12.09859 0.08207
825.00000 3.27473 0.07399 12.15253 0.01115
826.00000 3.24657 0.07343 12.09461 0.04649
827.00000 3.31171 0.05562 12.18423 0.03971
828.00000 3.37459 0.05664 12.15118 0.03622
829.00000 3.38824 0.03685 12.14332 0.07115
830.00000 3.29398 0.04886 12.10990 0.08084
831.00000 3.26645 0.09018 12.02712 0.04823
832.00000 3.23605 0.07351 11.89837 0.07034
833.00000 3.40485 0.06443 12.06055 0.03608
834.00000 3.34917 0.06846 12.08148 0.05592
835.00000 3.24468 0.04884 12.14180 0.04867
836.00000 3.31104 0.04312 12.24729 0.07372
837.00000 3.26625 0.03043 11.94703 0.06684
838.00000 3.33371 0.03984 11.98804 0.07052
839.00000 3.23527 0.05562 11.93158 0.02739
840.00000 3.28730 0.04287 11.97155 0.06310
841.00000 3.35154 0.04297 11.93562 0.04130
842.00000 3.29732 0.06782 12.06951 0.04252
843.00000 3.36238 0.02772 12.20757 0.06414
844.00000 3.44567 0.05631 12.07573 0.06884
845.00000 3.37770 0.07096 11.84080 0.08140
846.00000 3.26507 0.07609 11.90667 0.05417
847.00000 3.33758 0.07027 12.03434 0.03996
848.00000 3.32693 0.03520 11.99427 0.06448
849.00000 3.36598 0.06062 11.97003 0.03089
1095.00000 3.16908 0.03314 11.29164 0.07263
1096.00000 2.99485 0.06333 11.25030 0.07510
1097.00000 3.03629 0.04696 11.25037 0.06897
1098.00000 2.99912 0.03073 10.95950 0.04043
1099.00000 2.98321 0.08056 11.10323 0.05827
1100.00000 3.05672 0.05979 10.89320 0.06044
1101.00000 3.02452 0.05315 10.97128 0.06161
1102.00000 3.03221 0.05340 10.90551 0.08350
1103.00000 3.07481 0.04445 10.96569 0.07395
1104.00000 2.89452 0.08582 10.90666 0.07161
1105.00000 3.01239 0.06483 10.90657 0.04815
1106.00000 3.01313 0.06095 10.74877 0.08031
1107.00000 3.03806 0.04408 11.01721 0.04610
1108.00000 3.09884 0.04807 10.91888 0.06187
1109.00000 3.03316 0.07983 11.10904 0.05616
1110.00000 3.01624 0.08315 11.18306 0.05652
1111.00000 3.16235 0.06378 11.34137 0.07043
1112.00000 3.04882 0.03803 11.17318 0.03351
1113.00000 3.07425 0.05599 11.10944 0.05768
1114.00000 3.13052 0.03321 11.09699 0.07038
1115.00000 3.11825 0.04845 11.29924 0.03693
1116.00000 3.01031 0.04725 11.14252 0.04850
1117.00000 3.05175 0.05287 11.06187 0.04511
1118.00000 3.10621 0.07793 11.24302 0.04990
1119.00000 3.06410 0.07545 11.11693 0.07248
1120.00000 3.05253 0.01924 10.96732 0.04479
1121.00000 2.99893 0.04146 10.88047 0.06349
1122.00000 2.97875 0.02017 10.76675 0.03364
1123.00000 2.93274 0.02969 10.63207 0.04959
1124.00000 2.86849 0.06903 10.55853 0.05245
1125.00000 2.99485 0.05045 10.56809 0.03184
1126.00000 2.99774 0.04491 10.61046 0.03377
1127.00000 2.86297 0.05429 10.76289 0.04757
1128.00000 2.93440 0.05891 10.73870 0.04384
1129.00000 2.98138 0.06754 10.61520 0.05421
1130.00000 2.99425 0.04206 10.76930 0.04725
1131.00000 3.02917 0.04889 10.60304 0.07420
1132.00000 3.05737 0.05236 10.65867 0.03924
1133.00000 3.02901 0.06886 10.91210 0.05856
1134.00000 2.94650 0.05011 10.94139 0.06751
1135.00000 2.92121 0.07890 10.84207 0.04518
1136.00000 3.04072 0.10089 10.76010 0.05152
1137.00000 2.89906 0.04954 10.68174 0.04117
1138.00000 2.88493 0.04156 10.55161 0.04823
1139.00000 2.85566 0.07747 10.49517 0.05050
1140.00000 3.06268 0.05010 10.61740 0.03992
1141.00000 3.00237 0.05136 10.80877 0.02198
1142.00000 3.02805 0.05069 10.90823 0.04241
1143.00000 2.99296 0.04571 10.89298 0.02589
1144.00000 2.98984 0.02723 10.80554 0.06959
1145.00000 2.98720 0.05925 10.80239 0.08513
1146.00000 2.93264 0.04146 10.64084 0.05858
1147.00000 2.88995 0.05062 10.62274 0.04337
1148.00000 3.03929 0.04296 10.92861 0.04184
1149.00000 2.96821 0.04399 10.88609 0.04431
1150.00000 2.99521 0.03426 10.78890 0.05513
1151.00000 3.01160 0.04170 10.87238 0.02679
1152.00000 3.08300 0.06392 10.84760 0.00677
1153.00000 3.05629 0.04742 10.82065 0.04441
1154.00000 2.98806 0.02532 10.96549 0.08630
1155.00000 2.98293 0.04550 10.82887 0.02596
1156.00000 2.93291 0.08615 10.70642 0.04819
1157.00000 3.04574 0.04330 10.79750 0.05787
1158.00000 2.91217 0.05479 10.69495 0.03027
1159.00000 3.00665 0.03535 10.74507 0.02177
1160.00000 3.00832 0.06172 10.81243 0.04318
1161.00000 2.99547 0.04312 10.98564 0.06571
1162.00000 2.97921 0.06434 10.99338 0.05384
1163.00000 3.03562 0.06136 10.85456 0.03912
1164.00000 2.97954 0.05780 10.77764 0.05429
1165.00000 3.02344 0.03523 10.71318 0.05413
1166.00000 2.98768 0.09616 10.78346 0.04064
1167.00000 3.05768 0.07871 10.72415 0.05004
1168.00000 2.93849 0.04862 10.62919 0.03761
1169.00000 2.91206 0.06628 10.52072 0.03430
1170.00000 2.94422 0.04268 10.64835 0.07721
1171.00000 2.92028 0.02868 10.43511 0.05814
1172.00000 2.98310 0.06596 10.65909 0.05480
1173.00000 2.94698 0.03667 10.70974 0.04495
1174.00000 3.00039 0.02403 10.69146 0.04344
1175.00000 2.90081 0.06130 10.72347 0.04797
1176.00000 2.97750 0.05736 10.51193 0.06655
1177.00000 2.95258 0.03000 10.79703 0.04909
1178.00000 2.86287 0.04405 10.72604 0.08477
1179.00000 2.86708 0.04759 10.57263 0.07765
1180.00000 3.03592 0.07861 10.50695 0.05944
1181.00000 2.88490 0.05572 10.23571 0.08120
1182.00000 2.96531 0.07463 10.41899 0.04075
1183.00000 2.92681 0.04611 10.60656 0.04527
1184.00000 2.99097 0.05394 10.62130 0.05325
1185.00000 2.92246 0.04293 10.61833 0.06646
1186.00000 2.93573 0.04039 10.64197 0.06601
1187.00000 2.98668 0.06410 10.64242 0.03205
1188.00000 3.01957 0.07348 10.69501 0.04216
1189.00000 2.83759 0.05789 10.75460 0.04944
1190.00000 3.02775 0.07351 10.74816 0.05658
1191.00000 3.00015 0.05895 10.70350 0.06040
1192.00000 2.90260 0.03947 10.61264 0.01581
1193.00000 2.88251 0.03279 10.53644 0.05817
1194.00000 2.95133 0.06522 10.59613 0.08688
1195.00000 2.92131 0.04874 10.82323 0.05171
1196.00000 2.95756 0.07022 10.63545 0.07338
1197.00000 2.96297 0.06758 10.80819 0.07947
1198.00000 2.98800 0.05279 10.81781 0.04755
1199.00000 3.02035 0.02366 10.80761 0.03844
1200.00000 2.91334 0.07279 10.85602 0.07370
1201.00000 3.05400 0.04938 10.88666 0.04732
1202.00000 3.10443 0.04687 11.03600 0.04821
1203.00000 3.03812 0.04028 10.87995 0.07387
1204.00000 3.00627 0.02266 10.97105 0.07235
1205.00000 2.93240 0.06648 10.92991 0.06584
1206.00000 2.98143 0.04511 10.73840 0.05509
1207.00000 2.89493 0.06569 10.80408 0.03821
1208.00000 2.90957 0.02845 10.73417 0.04689
1209.00000 2.95334 0.05124 10.67317 0.07991
1210.00000 2.97732 0.04840 10.55576 0.05989
1211.00000 2.92061 0.04747 10.67456 0.05544
1212.00000 2.98238 0.05459 10.84593 0.02858
1213.00000 2.98273 0.06580 10.77166 0.06547
1214.00000 3.01382 0.04431 10.85550 0.04451
1460.00000 3.19388 0.03329 11.52977 0.02017
1461.00000 3.17839 0.04628 11.65788 0.06584
1462.00000 3.20133 0.02963 11.52745 0.02793
1463.00000 3.19253 0.04111 11.41441 0.05576
1464.00000 3.10374 0.04592 11.48607 0.03336
1465.00000 3.31509 0.06636 11.50962 0.06006
1466.00000 3.18485 0.04837 11.70749 0.03212
1467.00000 3.43377 0.05355 11.84345 0.03172
1468.00000 3.24876 0.05169 11.74441 0.06080
1469.00000 3.13677 0.05587 11.97384 0.02778
1470.00000 3.27452 0.06602 11.89457 0.03812
1471.00000 3.13255 0.07363 11.98103 0.05672
1472.00000 3.28368 0.05467 11.76332 0.04619
1473.00000 3.30492 0.06236 12.03626 0.06462
1474.00000 3.33261 0.06724 12.14065 0.06797
1475.00000 3.33114 0.04580 12.07073 0.04220
1476.00000 3.33830 0.04509 12.12624 0.05754
1477.00000 3.33404 0.03364 11.95841 0.05263
1478.00000 3.36091 0.05732 12.22721 0.06158
1479.00000 3.37630 0.03882 12.19528 0.06311
1480.00000 3.38551 0.05294 12.28753 0.02646
1481.00000 3.36686 0.04961 12.28590 0.05347
1482.00000 3.41242 0.06901 12.34610 0.06761
1483.00000 3.51026 0.06374 12.55439 0.05216
1484.00000 3.57262 0.04944 12.61678 0.03976
1485.00000 3.51346 0.00181 12.82498 0.04447
1486.00000 3.49429 0.02784 12.76439 0.04158
1487.00000 3.40884 0.08889 12.75386 0.08452
1488.00000 3.45910 0.06226 12.68820 0.03591
1489.00000 3.48615 0.05840 12.50380 0.08442
1490.00000 3.59872 0.06931 12.64658 0.04167
1491.00000 3.49583 0.03303 12.74056 0.08093
1492.00000 3.49371 0.04848 12.56162 0.03416
1493.00000 3.41020 0.08170 12.60950 0.05417
1494.00000 3.47402 0.04352 12.72512 0.05946
1495.00000 3.50720 0.04106 12.54113 0.02959
1496.00000 3.46055 0.04083 12.62812 0.04106
1497.00000 3.40871 0.07600 12.61671 0.03232
1498.00000 3.49968 0.03777 12.29114 0.05764
1499.00000 3.57475 0.06941 12.43482 0.06082
1500.00000 3.45747 0.04900 12.35715 0.03677
1501.00000 3.35494 0.05214 12.33048 0.05471
1502.00000 3.34744 0.04345 12.34036 0.03605
1503.00000 3.33406 0.07723 12.26605 0.07161
1504.00000 3.42966 0.05752 12.67644 0.09508
1505.00000 3.44990 0.04353 12.48446 0.03525
1506.00000 3.41079 0.03733 12.23312 0.07129
1507.00000 3.42550 0.07203 12.30622 0.05145
1508.00000 3.35044 0.03594 12.30053 0.03179
1509.00000 3.38353 0.04469 12.16583 0.00921
1510.00000 3.42446 0.04653 12.37432 0.05332
1511.00000 3.41570 0.03719 12.28523 0.06726
1512.00000 3.35318 0.05354 12.37412 0.04694
1513.00000 3.35207 0.03302 12.35337 0.06541
1514.00000 3.39766 0.01016 12.24530 0.06580
1515.00000 3.42577 0.04953 12.40927 0.03205
1516.00000 3.41363 0.05769 12.45027 0.03264
1517.00000 3.36350 0.05745 12.47446 0.08541
1518.00000 3.47861 0.05399 12.39117 0.05224
1519.00000 3.55421 0.04632 12.36091 0.06715
1520.00000 3.34094 0.04739 12.49430 0.07344
1521.00000 3.42232 0.05227 12.44622 0.05591
1522.00000 3.46173 0.07324 12.35316 0.02580
1523.00000 3.34974 0.06445 12.28558 0.03380
1524.00000 3.43623 0.03006 12.36958 0.03904
1525.00000 3.43773 0.04346 12.43116 0.05300
1526.00000 3.35128 0.04881 12.51692 0.05918
1527.00000 3.37288 0.06042 12.45482 0.06296
1528.00000 3.40557 0.02344 12.37921 0.04911
1529.00000 3.39697 0.03402 12.32694 0.03397
1530.00000 3.40010 0.05463 12.21359 0.05400
1531.00000 3.30470 0.04877 12.26578 0.04164
1532.00000 3.36563 0.03481 12.33017 0.05489
1533.00000 3.37035 0.04458 12.36489 0.07560
1534.00000 3.42120 0.03358 12.33603 0.02588
1535.00000 3.42021 0.03499 12.40385 0.04389
1536.00000 3.40649 0.02972 12.32238 0.07654
1537.00000 3.45655 0.07619 12.34141 0.07816
1538.00000 3.49549 0.04267 12.43462 0.03851
1539.00000 3.54177 0.03103 12.69174 0.06866
1540.00000 3.43902 0.02827 12.55638 0.07329
1541.00000 3.42820 0.02399 12.43301 0.04249
1542.00000 3.52072 0.06326 12.50584 0.06556
1543.00000 3.62684 0.05262 12.54754 0.03910
1544.00000 3.46338 0.05038 12.56319 0.05376
1545.00000 3.40625 0.02247 12.49496 0.02299
1546.00000 3.50272 0.08277 12.59927 0.06316
1547.00000 3.42619 0.05860 12.33953 0.04650
1548.00000 3.42219 0.07106 12.53872 0.08710
1549.00000 3.49848 0.05001 12.60338 0.02445
1550.00000 3.62910 0.07709 12.48864 0.03693
1551.00000 3.41650 0.04866 12.43009 0.07383
1552.00000 3.53175 0.04662 12.49835 0.05241
1553.00000 3.51014 0.04974 12.52994 0.04360
1554.00000 3.50105 0.04833 12.70897 0.08688
1555.00000 3.46924 0.06317 12.48776 0.05058
1556.00000 3.53744 0.04514 12.65290 0.06988
1557.00000 3.58581 0.04964 12.63086 0.04951
1558.00000 3.48605 0.06358 12.70328 0.06910
1559.00000 3.53874 0.03984 12.80102 0.06530
1560.00000 3.49201 0.05356 12.67583 0.05295
1561.00000 3.55101 0.07220 12.65234 0.07358
1562.00000 3.39216 0.07827 12.64646 0.05778
1563.00000 3.43372 0.07020 12.64399 0.05137
1564.00000 3.59726 0.05671 12.68116 0.07616
1565.00000 3.55336 0.05824 12.67377 0.05592
1566.00000 3.43248 0.07331 12.50416 0.05300
1567.00000 3.50251 0.04697 12.64081 0.05534
1568.00000 3.47068 0.07938 12.55989 0.09018
1569.00000 3.48583 0.05498 12.64972 0.00090
1570.00000 3.50532 0.03284 12.53243 0.05463
1571.00000 3.47003 0.04244 12.61791 0.05692
1572.00000 3.55695 0.05723 12.60616 0.03193
1573.00000 3.62088 0.07121 12.73982 0.03071
1574.00000 3.52960 0.04584 12.68276 0.03807
1575.00000 3.53148 0.07113 12.78616 0.06269
1576.00000 3.49829 0.06033 12.64592 0.03972
1577.00000 3.55809 0.03458 12.61401 0.06307
1578.00000 3.50445 0.06480 12.70012 0.03763
1579.00000 3.56276 0.08405 12.72689 0.06801
1825.00000 3.00940 0.05084 10.93755 0.05656
1826.00000 3.09259 0.06609 11.06645 0.06915
1827.00000 3.01284 0.03759 10.90977 0.04674
1828.00000 3.02007 0.05632 10.77242 0.04539
1829.00000 3.08093 0.06715 10.84582 0.03309
1830.00000 2.92862 0.04950 10.97666 0.05228
1831.00000 3.00228 0.03826 10.84533 0.03806
1832.00000 3.01262 0.02486 11.00374 0.05799
1833.00000 3.01176 0.08359 10.79383 0.06190
1834.00000 2.98618 0.02698 10.83854 0.04013
1835.00000 2.86238 0.07254 10.70889 0.06436
1836.00000 3.00305 0.02462 10.77906 0.05901
1837.00000 2.91743 0.06400 10.83299 0.06998
1838.00000 3.02132 0.06873 10.68243 0.07204
1839.00000 2.98288 0.05990 10.70182 0.04551
1840.00000 2.95443 0.03663 10.71332 0.07162
1841.00000 2.95620 0.06447 10.58748 0.05904
1842.00000 2.88931 0.05596 10.57981 0.06844
1843.00000 2.90173 0.08317 10.65400 0.03011
1844.00000 2.94578 0.03741 10.75146 0.05807
1845.00000 2.91625 0.04579 10.89057 0.07258
1846.00000 3.04278 0.02421 10.97131 0.02449
1847.00000 3.00186 0.04818 10.87389 0.06357
1848.00000 3.04047 0.04424 10.94338 0.05763
1849.00000 3.06514 0.06082 10.99996 0.04232
1850.00000 3.15534 0.04798 11.21746 0.02859
1851.00000 3.11295 0.04316 11.17365 0.03324
1852.00000 3.03359 0.03308 11.13868 0.07910
1853.00000 3.05409 0.03610 11.06709 0.03459
1854.00000 2.97808 0.04819 10.96907 0.05404
1855.00000 3.09495 0.05026 11.10137 0.04253
1856.00000 3.20132 0.07752 11.06867 0.00739
1857.00000 3.04561 0.08317 11.06526 0.03454
1858.00000 3.00389 0.02471 11.01118 0.06795
1859.00000 2.98019 0.08059 10.91284 0.03739
1860.00000 3.01223 0.04320 10.92795 0.03867
1861.00000 3.01527 0.03838 10.92188 0.04239
1862.00000 3.03081 0.04019 10.91672 0.04387
1863.00000 3.04717 0.05310 10.81263 0.03615
1864.00000 3.12982 0.06512 10.81999 0.07028
1865.00000 3.08894 0.06736 10.91490 0.02741
1866.00000 3.01526 0.05725 10.85919 0.05926
1867.00000 2.92749 0.05313 10.73030 0.05846
1868.00000 3.07214 0.07174 10.53377 0.06637
1869.00000 2.88183 0.06278 10.62727 0.04494
1870.00000 2.94103 0.03901 10.62926 0.04704
1871.00000 2.90967 0.05900 10.57604 0.05885
1872.00000 2.88048 0.06489 10.44992 0.04404
1873.00000 2.89251 0.03566 10.43057 0.06821
1874.00000 3.04069 0.03218 10.69055 0.04924
1875.00000 3.00904 0.05211 10.70375 0.03378
1876.00000 3.07165 0.09674 10.95360 0.05603
1877.00000 2.92907 0.06502 10.92255 0.04898
1878.00000 3.05129 0.05203 10.83576 0.06074
1879.00000 2.94286 0.08125 10.82127 0.05115
1880.00000 3.12991 0.04460 11.09411 0.06567
1881.00000 2.98959 0.05563 11.11821 0.09808
1882.00000 3.07959 0.05005 11.00713 0.03081
1883.00000 2.99273 0.05478 11.09192 0.04546
1884.00000 3.03394 0.04365 11.12715 0.06523
1885.00000 3.04646 0.05183 11.10808 0.06240
1886.00000 2.88063 0.07480 11.04632 0.04526
1887.00000 3.08476 0.06301 10.98519 0.03381
1888.00000 3.01914 0.03381 10.94373 0.04421
1889.00000 3.09154 0.08371 10.92913 0.04520
1890.00000 2.90370 0.08007 10.77792 0.08399
1891.00000 2.98187 0.06400 10.83361 0.06150
1892.00000 2.91220 0.04611 10.69978 0.04349
1893.00000 3.00887 0.05000 10.80192 0.05284
1894.00000 3.01594 0.04420 10.93928 0.08088
1895.00000 2.99409 0.03481 10.75915 0.04473
1896.00000 2.84956 0.05475 10.63884 0.03931
1897.00000 2.99755 0.06894 10.82847 0.06841
1898.00000 2.94096 0.06070 10.66978 0.04173
1899.00000 2.97481 0.08033 10.90304 0.03405
1900.00000 2.99993 0.01703 10.90240 0.02698
1901.00000 3.18998 0.07542 10.94813 0.09180
1902.00000 3.15669 0.06535 11.13304 0.06206
1903.00000 2.99066 0.04512 11.03095 0.03406
1904.00000 3.02641 0.03617 10.81962 0.05066
1905.00000 3.06212 0.04545 10.95773 0.05510
1906.00000 3.08373 0.07293 11.06217 0.05844
1907.00000 3.17644 0.06436 11.17329 0.05482
1908.00000 3.07232 0.05572 11.18574 0.05523
1909.00000 3.24235 0.05652 11.21813 0.06490
1910.00000 3.10380 0.06375 11.04101 0.07154
1911.00000 2.89791 0.06690 10.91645 0.06278
1912.00000 2.96109 0.02505 10.77430 0.06008
1913.00000 2.95578 0.04646 10.73267 0.06416
1914.00000 2.91842 0.08939 10.77703 0.05394
1915.00000 3.00548 0.05488 10.76876 0.04921
1916.00000 3.08044 0.08154 10.84195 0.09791
1917.00000 2.90956 0.06958 10.98537 0.03959
1918.00000 3.11743 0.04111 10.91653 0.08024
1919.00000 3.06452 0.03601 10.99910 0.05663
1920.00000 3.13393 0.07397 11.19419 0.06866
1921.00000 3.11316 0.01399 11.31130 0.02653
1922.00000 3.14742 0.06380 11.45213 0.06764
1923.00000 3.20525 0.04875 11.42932 0.02844
1924.00000 3.19301 0.06620 11.52640 0.05248
1925.00000 3.10114 0.04425 11.46474 0.04049
1926.00000 3.21967 0.04518 11.59999 0.08150
1927.00000 3.15554 0.07684 11.48440 0.07517
1928.00000 3.14522 0.03281 11.46919 0.04581
1929.00000 3.18529 0.08127 11.36664 0.02733
1930.00000 3.12994 0.03756 11.40281 0.03923
1931.00000 3.14221 0.06797 11.33869 0.04396
1932.00000 3.14550 0.06006 11.34180 0.07267
1933.00000 3.00265 0.05586 11.15718 0.03927
1934.00000 3.02584 0.04837 11.16357 0.09613
1935.00000 3.00095 0.06740 11.03199 0.05290
1936.00000 3.16507 0.06351 11.03952 0.03773
1937.00000 3.10320 0.04452 11.10800 0.03627
1938.00000 3.10268 0.05434 11.24652 0.06656
1939.00000 3.11596 0.07344 11.22108 0.03629
1940.00000 3.04025 0.04984 11.20178 0.06078
1941.00000 3.11910 0.04086 11.20132 0.01809
1942.00000 3.13490 0.07506 11.13095 0.03811
1943.00000 3.10993 0.05490 11.15291 0.06973
1944.00000 3.07984 0.05221 11.11109 0.05045
2190.00000 2.91467 0.07043 10.40233 0.06625
2191.00000 2.87828 0.05452 10.38341 0.06650
2192.00000 2.80768 0.04242 10.31205 0.04556
2193.00000 2.81714 0.03362 10.21526 0.07062
2194.00000 2.82839 0.07869 10.28663 0.04349
2195.00000 2.85531 0.05148 10.23142 0.04226
2196.00000 2.86082 0.07684 10.27011 0.06552
2197.00000 2.82879 0.04526 10.11198 0.07217
2198.00000 2.82680 0.06456 10.18006 0.06435
2199.00000 2.76728 0.05368 10.11749 0.04322
2200.00000 2.74213 0.06096 9.93083 0.04292
2201.00000 2.78531 0.03842 10.05475 0.07216
2202.00000 2.77158 0.06212 9.94171 0.07252
2203.00000 2.74945 0.05663 9.92257 0.05831
2204.00000 2.72382 0.04020 9.97509 0.04303
2205.00000 2.80660 0.05112 9.73239 0.04287
2206.00000 2.71597 0.01890 9.85449 0.02374
2207.00000 2.73973 0.05517 9.88313 0.06134
2208.00000 2.64683 0.06159 10.06748 0.06986
2209.00000 2.78136 0.07987 10.05910 0.06148
2210.00000 2.72851 0.04241 10.13730 0.03744
2211.00000 2.77930 0.03764 10.06223 0.06555
2212.00000 2.76505 0.05752 10.09345 0.04061
2213.00000 2.78602 0.05869 10.12802 0.06758
2214.00000 2.87263 0.06665 10.30960 0.07632
2215.00000 2.79147 0.02240 10.03730 0.08712
2216.00000 2.75487 0.04901 10.10888 0.04894
2217.00000 2.93491 0.05740 10.16762 0.01938
2218.00000 2.77107 0.03066 10.12933 0.05244
2219.00000 2.69764 0.04170 9.94352 0.04448
2220.00000 2.73567 0.01604 9.95318 0.08167
2221.00000 2.75803 0.03532 10.19308 0.06679
2222.00000 2.78329 0.04634 10.11135 0.05511
2223.00000 2.85865 0.03372 10.15629 0.04518
2224.00000 2.74626 0.04867 10.16586 0.05039
2225.00000 2.91986 0.06330 10.20766 0.04108
2226.00000 2.79399 0.02360 10.11632 0.05982
2227.00000 2.81745 0.02552 10.02736 0.08841
2228.00000 2.82219 0.04937 10.09129 0.05763
2229.00000 2.84319 0.03358 10.22841 0.05184
2230.00000 2.84273 0.07450 10.31505 0.04671
2231.00000 2.82745 0.07135 10.06552 0.02717
2232.00000 2.74515 0.06788 10.08244 0.05770
2233.00000 2.85979 0.06823 10.10392 0.06726
2234.00000 2.75659 0.05142 10.15653 0.04914
2235.00000 2.75255 0.06103 10.12493 0.02912
2236.00000 2.81555 0.03526 10.21413 0.05616
2237.00000 2.88081 0.04706 10.16103 0.05797
2238.00000 2.91133 0.04358 10.25071 0.06508
2239.00000 2.83668 0.02361 10.40239 0.03778
2240.00000 2.90022 0.05751 10.34094 0.05265
2241.00000 2.82011 0.06374 10.31940 0.05576
2242.00000 2.93091 0.08410 10.45227 0.06936
2243.00000 2.86044 0.01688 10.27169 0.07961
2244.00000 2.80310 0.04912 10.34143 0.04196
2245.00000 2.86628 0.04325 10.28491 0.05302
2246.00000 2.82705 0.04770 10.33132 0.06447
2247.00000 2.91553 0.05311 10.47855 0.05449
2248.00000 2.88820 0.03300 10.34565 0.04086
2249.00000 2.97112 0.06103 10.34043 0.07069
2250.00000 2.83414 0.03996 10.22743 0.08372
2251.00000 2.90357 0.05182 10.27056 0.03947
2252.00000 2.84290 0.07013 10.32216 0.07500
2253.00000 2.94874 0.06307 10.26335 0.06577
2254.00000 2.84565 0.04815 10.26010 0.06477
2255.00000 2.82370 0.02896 10.35513 0.05141
2256.00000 2.80633 0.06538 10.30031 0.04885
2257.00000 2.88785 0.05352 10.17331 0.02730
2258.00000 2.87554 0.06919 10.32086 0.06041
2259.00000 2.81255 0.04319 10.27109 0.05883
2260.00000 2.85081 0.04716 10.35338 0.06800
2261.00000 2.95202 0.06516 10.30684 0.06352
2262.00000 2.86456 0.02672 10.29889 0.03542
2263.00000 2.94864 0.05334 10.41923 0.04108
2264.00000 2.79360 0.07402 10.39952 0.08142
2265.00000 2.85039 0.05127 10.47011 0.05856
2266.00000 2.90596 0.03279 10.44083 0.04603
2267.00000 2.94785 0.02810 10.68060 0.05151
2268.00000 2.83875 0.06872 10.55548 0.03782
2269.00000 2.90971 0.05711 10.43886 0.05123
2270.00000 2.86944 0.05122 10.41328 0.04996
2271.00000 2.79977 0.06110 10.41935 0.05431
2272.00000 2.94375 0.05525 10.43226 0.04001
2273.00000 2.91301 0.02634 10.50065 0.06000
2274.00000 2.96627 0.05823 10.49285 0.05715
2275.00000 2.87339 0.02159 10.62084 0.05819
2276.00000 2.95293 0.04967 10.54711 0.04041
2277.00000 2.91702 0.04155 10.68777 0.05835
2278.00000 2.91744 0.02855 10.71015 0.03005
2279.00000 2.84455 0.05219 10.62355 0.01998
2280.00000 2.89961 0.06556 10.54421 0.02923
2281.00000 2.88855 0.03859 10.56483 0.05674
2282.00000 2.94834 0.04306 10.38948 0.05086
2283.00000 2.99285 0.05993 10.55399 0.02803
2284.00000 2.99480 0.02220 10.60719 0.06218
2285.00000 2.91120 0.07985 10.64709 0.04191
2286.00000 3.03559 0.04954 10.84060 0.05075
2287.00000 2.96357 0.05105 10.97775 0.03912
2288.00000 2.97411 0.03878 10.95887 0.07660
2289.00000 3.11205 0.05481 10.93792 0.04393
2290.00000 3.09696 0.03637 11.21118 0.06276
2291.00000 3.17111 0.05155 11.32409 0.04201
2292.00000 3.06019 0.05087 11.29886 0.06706
2293.00000 3.15043 0.05202 11.27692 0.05621
2294.00000 3.09971 0.04403 11.28508 0.03760
2295.00000 3.02324 0.04638 11.36362 0.03596
2296.00000 3.11931 0.04547 11.28904 0.00139
2297.00000 3.12708 0.07231 11.27982 0.06316
2298.00000 3.02421 0.06072 11.15075 0.04320
2299.00000 3.16684 0.05168 11.15250 0.02929
2300.00000 3.07574 0.04623 11.20998 0.08101
2301.00000 3.09851 0.05805 11.28220 0.06573
2302.00000 3.13207 0.02158 11.22194 0.06006
2303.00000 3.04092 0.03495 11.20772 0.04208
2304.00000 3.09499 0.04515 11.15274 0.06925
2305.00000 3.09430 0.05423 11.25048 0.04105
2306.00000 3.13238 0.04656 11.37382 0.04716
2307.00000 3.11421 0.06308 11.50423 0.06513
2308.00000 3.15364 0.05554 11.53726 0.07569
2309.00000 3.28047 0.05857 11.61935 0.06325
2555.00000 3.11317 0.03237 11.53987 0.07763
2556.00000 3.12954 0.08888 11.29180 0.06587
2557.00000 3.27093 0.07169 11.25319 0.04744
2558.00000 3.17781 0.05134 11.20539 0.02388
2559.00000 3.28209 0.06410 11.20261 0.05102
2560.00000 3.14960 0.07589 11.22303 0.04006
2561.00000 3.05509 0.04894 11.36535 0.02721
2562.00000 3.15564 0.06568 11.34729 0.02743
2563.00000 3.14841 0.04933 11.23208 0.02068
2564.00000 3.02596 0.03231 11.30492 0.03086
2565.00000 3.09009 0.05908 11.30184 0.07615
2566.00000 3.12017 0.05107 11.26635 0.06304
2567.00000 3.07431 0.05296 11.24653 0.03333
2568.00000 3.21240 0.07912 11.40799 0.05279
2569.00000 3.12139 0.03518 11.24655 0.04868
2570.00000 3.07735 0.08745 11.36174 0.04691
2571.00000 3.08891 0.06181 11.31835 0.06792
2572.00000 3.17135 0.05450 11.41897 0.00747
2573.00000 3.23391 0.05895 11.45569 0.05313
2574.00000 3.21237 0.04710 11.58136 0.05723
2575.00000 3.24156 0.06935 11.47959 0.03981
2576.00000 3.17093 0.04149 11.41550 0.07819
2577.00000 3.03572 0.04710 11.28578 0.06414
2578.00000 3.20372 0.06629 11.29719 0.02985
2579.00000 3.08479 0.05913 11.24090 0.06291
2580.00000 3.09350 0.03394 11.19773 0.02909
2581.00000 3.07765 0.05454 11.01924 0.05309
2582.00000 3.03764 0.05524 11.08868 0.04489
2583.00000 2.97023 0.07189 10.92116 0.08422
2584.00000 3.00693 0.03877 10.93346 0.05887
2585.00000 3.01680 0.01742 10.99939 0.02753
2586.00000 3.00041 0.05561 10.92389 0.05217
2587.00000 3.06040 0.06408 10.83453 0.03402
2588.00000 3.03503 0.05098 10.96304 0.08196
2589.00000 3.02614 0.03824 11.04493 0.05899
2590.00000 2.93003 0.04721 10.84821 0.03750
2591.00000 3.00485 0.03582 10.91912 0.07386
2592.00000 3.10821 0.04543 10.79658 0.06896
2593.00000 2.97273 0.04379 10.86302 0.09116
2594.00000 2.99361 0.04077 10.89612 0.08226
2595.00000 2.94657 0.03450 10.75556 0.05665
2596.00000 3.02291 0.06627 10.62399 0.09500
2597.00000 2.99694 0.05583 10.57296 0.02552
2598.00000 3.07094 0.05911 10.75894 0.03080
2599.00000 2.98082 0.03812 10.72148 0.06549
2600.00000 2.96101 0.03216 10.94694 0.06534
2601.00000 3.02159 0.06124 10.70927 0.07763
2602.00000 2.88008 0.01761 10.58033 0.06549
2603.00000 2.77796 0.07313 10.52238 0.04662
2604.00000 3.08581 0.08513 10.52213 0.05184
2605.00000 2.94640 0.06456 10.68567 0.05523
2606.00000 3.06063 0.08618 10.59281 0.03719
2607.00000 3.02095 0.06177 10.63738 0.04936
2608.00000 2.93223 0.03296 10.49868 0.03632
2609.00000 2.93282 0.05267 10.62724 0.04009
2610.00000 2.88217 0.05135 10.60323 0.06007
2611.00000 2.85538 0.03944 10.34290 0.04643
2612.00000 2.87967 0.03246 10.54628 0.05678
2613.00000 2.96771 0.05216 10.24219 0.06650
2614.00000 2.97017 0.05956 10.42000 0.05343
2615.00000 2.90444 0.05686 10.59221 0.08703
2616.00000 2.94143 0.09796 10.30628 0.06060
2617.00000 2.84621 0.04977 10.40643 0.05105
2618.00000 2.81457 0.04944 10.36071 0.04221
2619.00000 2.92721 0.08891 10.38382 0.03039
2620.00000 2.81049 0.05837 10.44581 0.07088
2621.00000 2.88184 0.04293 10.43388 0.04199
2622.00000 2.90183 0.03628 10.50050 0.02753
2623.00000 2.83352 0.07052 10.65566 0.07852
2624.00000 2.84836 0.04524 10.50292 0.05561
2625.00000 2.98109 0.05639 10.55633 0.05617
2626.00000 2.89516 0.04821 10.40192 0.04950
2627.00000 2.90284 0.04423 10.63458 0.03703
2628.00000 2.83711 0.06129 10.51137 0.03871
2629.00000 2.94343 0.06034 10.51734 0.06303
2630.00000 2.90795 0.05242 10.41782 0.08528
2631.00000 2.85772 0.04125 10.58473 0.05330
2632.00000 2.87969 0.06724 10.43365 0.05861
2633.00000 2.84361 0.06200 10.49583 0.04773
2634.00000 2.79063 0.05385 10.54931 0.07491
2635.00000 2.84519 0.05755 10.31864 0.04995
2636.00000 2.80424 0.04651 10.22592 0.03341
2637.00000 2.82449 0.00925 10.19590 0.06972
2638.00000 2.81103 0.03165 10.15131 0.05348
2639.00000 2.76693 0.05734 9.91079 0.03546
2640.00000 2.86648 0.03642 9.98152 0.05656
2641.00000 2.90302 0.06806 10.02840 0.06296
2642.00000 2.82476 0.07177 10.16913 0.03674
2643.00000 2.79939 0.04746 10.19118 0.06814
2644.00000 2.76973 0.02706 10.17395 0.06842
2645.00000 2.82537 0.06167 10.15401 0.05233
2646.00000 2.81026 0.05533 10.11986 0.04448
2647.00000 2.77346 0.05987 10.09194 0.06232
2648.00000 2.74460 0.06945 10.21526 0.03067
2649.00000 2.84317 0.05631 10.04955 0.06141
2650.00000 2.77900 0.04291 10.14708 0.06708
2651.00000 2.78159 0.02720 10.17223 0.05085
2652.00000 2.77423 0.07473 10.01965 0.05126
2653.00000 2.77577 0.01064 9.83756 0.07709
2654.00000 2.69543 0.05479 10.16138 0.05874
2655.00000 2.72198 0.04141 10.16702 0.08112
2656.00000 2.77878 0.06482 9.96963 0.04616
2657.00000 2.81781 0.02947 10.20126 0.06594
2658.00000 2.90684 0.05090 10.16201 0.06690
2659.00000 2.77489 0.04443 10.37660 0.05488
2660.00000 2.82755 0.04628 10.36195 0.06848
2661.00000 2.88460 0.03376 10.32786 0.03747
2662.00000 2.84113 0.04551 10.45491 0.06212
2663.00000 2.95144 0.07658 10.40323 0.05078
2664.00000 2.75322 0.07200 10.50792 0.05285
2665.00000 2.96508 0.05292 10.50423 0.04815
2666.00000 2.92282 0.04916 10.48085 0.04458
2667.00000 2.89579 0.06471 10.53473 0.06283
2668.00000 2.82048 0.08006 10.29747 0.05883
2669.00000 2.88738 0.03132 10.30930 0.04386
2670.00000 2.88539 0.03533 10.33164 0.06961
2671.00000 2.96208 0.06159 10.64609 0.07259
2672.00000 2.96465 0.04591 10.59742 0.05552
2673.00000 2.87992 0.03890 10.60757 0.04038
2674.00000 2.87265 0.05866 10.51224 0.05714
2920.00000 2.90904 0.06820 10.24742 0.06350
2921.00000 2.75978 0.05784 10.40301 0.03234
2922.00000 2.89021 0.03158 10.50793 0.05681
2923.00000 2.96056 0.03460 10.80980 0.07975
2924.00000 2.93225 0.05465 10.61521 0.02070
2925.00000 2.82344 0.06155 10.66432 0.04506
2926.00000 2.97129 0.06451 10.72613 0.05022
2927.00000 2.93968 0.03635 10.58784 0.04469
2928.00000 2.90341 0.04242 10.43134 0.06705
2929.00000 2.98722 0.05383 10.56257 0.07084
2930.00000 2.95212 0.03460 10.57146 0.04984
2931.00000 2.94652 0.03367 10.55653 0.06208
2932.00000 2.91335 0.07054 10.58284 0.04245
2933.00000 2.89328 0.05390 10.53736 0.05846
2934.00000 2.97151 0.05468 10.62834 0.07685
2935.00000 2.88199 0.04299 10.43710 0.07537
2936.00000 2.96760 0.04636 10.63634 0.06314
2937.00000 2.90881 0.08025 10.65081 0.07021
2938.00000 2.93166 0.07118 10.74746 0.05287
2939.00000 2.85369 0.05950 10.48237 0.04641
2940.00000 2.78582 0.07427 10.27612 0.04588
2941.00000 2.86635 0.04308 10.30391 0.07804
2942.00000 2.85003 0.02852 10.18912 0.05054
2943.00000 2.89239 0.03993 10.26919 0.06079
2944.00000 2.87853 0.07202 10.32177 0.05044
2945.00000 2.80734 0.02961 10.21322 0.03327
2946.00000 2.72413 0.09457 10.08701 0.03807
2947.00000 2.89951 0.03647 10.22408 0.04812
2948.00000 2.89192 0.05560 10.39300 0.04725
2949.00000 2.81310 0.06800 10.53065 0.04633
2950.00000 3.03056 0.07368 10.56393 0.03786
2951.00000 2.94544 0.04344 10.67670 0.06077
2952.00000 2.96333 0.04223 10.75844 0.03089
2953.00000 2.99878 0.05747 10.66770 0.06000
2954.00000 3.04237 0.04307 10.73434 0.07935
2955.00000 3.07900 0.05616 10.79282 0.06914
2956.00000 2.93562 0.04976 10.82384 0.05026
2957.00000 2.97620 0.03364 10.94293 0.10147
2958.00000 3.11380 0.06018 10.83801 0.04047
2959.00000 3.13501 0.06158 11.01195 0.06645
2960.00000 3.01688 0.02903 11.02486 0.07234
2961.00000 3.07275 0.04224 10.97472 0.07957
2962.00000 3.03239 0.07194 11.16076 0.06751
2963.00000 3.02490 0.05554 11.10835 0.03623
2964.00000 3.12432 0.05544 11.13595 0.05500
2965.00000 2.99737 0.05493 11.04661 0.06366
2966.00000 3.02918 0.03787 11.07355 0.05215
2967.00000 3.03978 0.06220 11.13260 0.07166
2968.00000 3.08779 0.04068 11.14485 0.04583
2969.00000 2.99597 0.08110 10.85005 0.07064
2970.00000 3.04561 0.05233 10.75901 0.02562
2971.00000 2.99464 0.06007 10.91932 0.04196
2972.00000 3.05772 0.08236 10.98953 0.09075
2973.00000 3.08030 0.05710 10.98210 0.05539
2974.00000 3.11492 0.07170 11.06569 0.06102
2975.00000 3.14934 0.04596 10.89363 0.08639
2976.00000 3.17137 0.07296 11.28464 0.04266
2977.00000 3.14006 0.04496 11.45740 0.05540
2978.00000 3.13507 0.06915 11.39031 0.04874
2979.00000 3.18342 0.08804 11.28809 0.05306
2980.00000 3.16692 0.06116 11.40908 0.01858
2981.00000 3.02161 0.06331 11.40085 0.03201
2982.00000 3.15821 0.05335 11.36541 0.05497
2983.00000 3.01101 0.06740 11.25896 0.08630
2984.00000 3.14206 0.04248 11.33545 0.03901
2985.00000 3.15449 0.02461 11.19992 0.06087
2986.00000 3.13860 0.05916 11.26207 0.04315
2987.00000 3.12500 0.05357 11.25882 0.02089
2988.00000 3.12942 0.00182 11.23564 0.06361
2989.00000 3.28375 0.08519 11.43501 0.05775
2990.00000 3.09010 0.02355 11.30921 0.03604
2991.00000 3.13782 0.05054 11.21499 0.07391
2992.00000 3.06649 0.06009 11.16846 0.05420
2993.00000 3.07035 0.06887 11.28269 0.03198
2994.00000 3.13424 0.04316 11.02471 0.07126
2995.00000 3.11723 0.03287 11.20136 0.05423
2996.00000 3.03770 0.01935 11.12725 0.03682
2997.00000 3.11125 0.04102 11.09330 0.03745
2998.00000 3.11606 0.07547 11.16675 0.03069
2999.00000 3.19087 0.06401 11.06082 0.05197
3000.00000 3.03309 0.07447 11.25907 0.07131
3001.00000 3.07743 0.06476 11.27833 0.05541
3002.00000 3.03635 0.03221 11.23509 0.06645
3003.00000 3.10884 0.03586 11.20499 0.07846
3004.00000 3.16000 0.04616 11.29597 0.05571
3005.00000 3.11513 0.00870 11.32218 0.04390
3006.00000 3.10767 0.05076 11.16988 0.07297
3007.00000 3.13854 0.01300 11.21917 0.08323
3008.00000 3.23298 0.08183 11.21394 0.07165
3009.00000 3.16911 0.06140 11.20410 0.04396
3010.00000 3.05434 0.03578 11.41076 0.03954
3011.00000 3.12179 0.06591 11.30381 0.06453
3012.00000 3.10753 0.03003 11.12353 0.04391
3013.00000 3.07833 0.06923 11.08139 0.06388
3014.00000 3.08762 0.06770 11.11110 0.04505
3015.00000 3.10637 0.04058 11.15021 0.04740
3016.00000 3.03853 0.02611 11.17314 0.05369
3017.00000 3.12251 0.07415 11.00494 0.05170
3018.00000 2.95764 0.04636 11.03321 0.04832
3019.00000 2.91758 0.06466 10.82294 0.09021
3020.00000 2.95391 0.05569 10.87828 0.06700
3021.00000 2.98089 0.05877 10.87638 0.02608
3022.00000 2.95786 0.06275 10.97540 0.05303
3023.00000 3.02606 0.06168 11.04867 0.06314
3024.00000 3.01075 0.07955 10.94567 0.08328
3025.00000 3.11411 0.08866 11.08332 0.06444
3026.00000 3.13062 0.08129 11.31083 0.04309
3027.00000 3.16026 0.01892 11.37609 0.06055
3028.00000 3.14904 0.03179 11.31931 0.07657
3029.00000 3.18515 0.05156 11.35552 0.02991
3030.00000 3.08824 0.04301 11.18133 0.06566
3031.00000 3.12529 0.04914 11.21062 0.04851
3032.00000 3.04458 0.03378 11.20110 0.05081
3033.00000 3.09020 0.04649 11.06901 0.02730
3034.00000 3.26925 0.07356 11.16645 0.06705
3035.00000 3.08872 0.05816 11.30444 0.07442
3036.00000 3.14181 0.06935 11.25437 0.04596
3037.00000 3.18870 0.03701 11.29613 0.04426
3038.00000 3.22598 0.08587 11.34259 0.02848
3039.00000 3.08000 0.05834 11.43786 0.05594
3285.00000 3.05111 0.04773 10.83277 0.04946
3286.00000 3.00079 0.03477 10.81008 0.05907
3287.00000 2.97560 0.05080 10.89406 0.06001
3288.00000 3.03579 0.05598 10.79682 0.04380
3289.00000 2.94517 0.04348 10.91895 0.06720
3290.00000 2.95665 0.08245 10.79417 0.06705
3291.00000 2.91822 0.04415 10.74663 0.06551
3292.00000 3.04157 0.05338 10.65257 0.04928
3293.00000 2.96063 0.02508 10.82272 0.04739
3294.00000 3.03986 0.06323 10.75492 0.05383
3295.00000 3.00250 0.02427 10.78889 0.08001
3296.00000 3.03966 0.04488 10.81042 0.04351
3297.00000 2.97292 0.02145 10.90626 0.03145
3298.00000 3.02693 0.06283 10.80385 0.04812
3299.00000 2.93532 0.05441 10.55076 0.07277
3300.00000 2.87062 0.03711 10.64032 0.04824
3301.00000 2.91512 0.05301 10.68125 0.03514
3302.00000 2.93889 0.02390 10.55436 0.05626
3303.00000 2.85734 0.03670 10.63161 0.09618
3304.00000 2.88392 0.04654 10.63613 0.04182
3305.00000 2.98350 0.03249 10.47294 0.08902
3306.00000 2.93420 0.03932 10.45116 0.06802
3307.00000 3.12264 0.08158 10.71879 0.06189
3308.00000 2.99712 0.05305 10.55673 0.05568
3309.00000 2.86778 0.02529 10.61349 0.02584
3310.00000 2.87553 0.06756 10.48607 0.05966
3311.00000 2.87075 0.05024 10.61319 0.04716
3312.00000 2.81900 0.05921 10.62485 0.06328
3313.00000 2.82245 0.06707 10.44406 0.05696
3314.00000 2.95403 0.05750 10.51164 0.02142
3315.00000 2.79956 0.07361 10.64896 0.05672
3316.00000 2.92369 0.05948 10.44136 0.04837
3317.00000 2.86370 0.05673 10.45978 0.09155
3318.00000 2.89872 0.07049 10.37748 0.05249
3319.00000 2.84173 0.02759 10.13444 0.04632
3320.00000 2.86935 0.03988 10.27309 0.03357
3321.00000 2.87891 0.05433 10.23525 0.04792
3322.00000 2.81248 0.05956 10.15198 0.03550
3323.00000 2.79929 0.04547 10.12061 0.05016
3324.00000 2.80288 0.04293 10.01034 0.04494
3325.00000 2.82429 0.04429 10.07545 0.06675
3326.00000 2.76380 0.05552 9.98683 0.06723
3327.00000 2.92104 0.05554 10.21611 0.06942
3328.00000 2.83035 0.04880 10.33804 0.05251
3329.00000 2.78901 0.03864 10.13600 0.04443
3330.00000 2.76533 0.05357 10.12751 0.03514
3331.00000 2.80468 0.06342 9.97740 0.07147
3332.00000 2.72146 0.05895 10.07350 0.05011
3333.00000 2.75240 0.06321 10.17410 0.05206
3334.00000 2.80968 0.08063 10.07320 0.03573
3335.00000 2.81220 0.05512 10.10101 0.07604
3336.00000 2.81545 0.06140 10.07935 0.07103
3337.00000 2.90003 0.04349 10.23076 0.05673
3338.00000 2.80550 0.06277 10.29071 0.04353
3339.00000 2.86270 0.00907 10.34192 0.04886
3340.00000 2.78296 0.06479 10.29112 0.06032
3341.00000 2.84930 0.04809 10.33951 0.04865
3342.00000 2.73791 0.04257 10.18056 0.06530
3343.00000 2.80972 0.05096 10.21482 0.06459
3344.00000 2.84086 0.03688 10.20329 0.04569
3345.00000 2.76572 0.06875 10.10755 0.06777
3346.00000 2.70903 0.04197 10.06105 0.03989
3347.00000 2.78176 0.05775 9.99981 0.07771
3348.00000 2.80898 0.03984 10.01541 0.04306
3349.00000 2.73328 0.05739 10.08770 0.07709
3350.00000 2.80012 0.01859 10.23491 0.05921
3351.00000 2.76345 0.03795 10.15806 0.05322
3352.00000 2.80141 0.05388 10.12380 0.06102
3353.00000 2.79342 0.04010 10.09200 0.07015
3354.00000 2.89104 0.08229 10.04866 0.04673
3355.00000 2.87681 0.04968 10.10051 0.05221
3356.00000 2.93291 0.05126 10.12361 0.02010
3357.00000 2.79094 0.04711 10.21349 0.07333
3358.00000 2.88423 0.04066 10.29068 0.04717
3359.00000 2.82356 0.04331 10.33474 0.05993
3360.00000 2.86530 0.05070 10.31528 0.05908
3361.00000 2.79778 0.05199 10.21638 0.07770
3362.00000 2.76556 0.06042 10.00554 0.05082
3363.00000 2.75298 0.07250 10.04203 0.03948
3364.00000 2.84245 0.04762 10.15119 0.05694
3365.00000 2.89986 0.03251 10.37650 0.03567
3366.00000 2.82021 0.06569 10.34426 0.07242
3367.00000 2.98738 0.06058 10.48632 0.07984
3368.00000 2.81812 0.07591 10.45225 0.05061
3369.00000 2.89265 0.02710 10.39558 0.04023
3370.00000 2.86323 0.05221 10.29921 0.04616
3371.00000 2.84784 0.04849 10.38798 0.03795
3372.00000 2.89009 0.06516 10.30670 0.04370
3373.00000 2.84144 0.06536 10.21785 0.07303
3374.00000 2.86344 0.04235 10.46161 0.02440
3375.00000 2.88322 0.04810 10.15507 0.04958
3376.00000 2.78866 0.04326 10.33184 0.04012
3377.00000 2.79782 0.05980 10.35039 0.07770
3378.00000 2.78493 0.07760 10.16171 0.05315
3379.00000 2.74168 0.07007 10.29771 0.05391
3380.00000 2.92347 0.06621 10.26756 0.05087
3381.00000 2.81650 0.05802 10.14041 0.06215
3382.00000 2.89382 0.04674 10.16778 0.03180
3383.00000 2.84388 0.04479 10.14096 0.04420
3384.00000 2.83924 0.04046 10.38129 0.05028
3385.00000 2.84953 0.06156 10.37149 0.05138
3386.00000 2.80636 0.06271 10.37780 0.03957
3387.00000 2.90668 0.06393 10.26981 0.04830
3388.00000 2.74261 0.05866 10.23858 0.06670
3389.00000 2.82596 0.03655 10.34380 0.05145
3390.00000 2.80206 0.06372 10.20065 0.06279
3391.00000 2.80346 0.06089 10.18189 0.06073
3392.00000 2.83748 0.05696 10.26473 0.05649
3393.00000 2.86774 0.04981 10.19291 0.03396
3394.00000 2.89787 0.04384 10.18644 0.01841
3395.00000 2.86414 0.05580 10.22083 0.08304
3396.00000 2.79019 0.05214 9.97236 0.05681
3397.00000 2.77272 0.03485 10.02486 0.03577
3398.00000 2.74183 0.06272 9.98265 0.03904
3399.00000 2.80998 0.06519 9.82817 0.06541
3400.00000 2.78691 0.04284 9.95829 0.07305
3401.00000 2.69300 0.05904 10.18678 0.02873
3402.00000 2.73615 0.06087 10.05911 0.05499
3403.00000 2.76196 0.05093 9.94550 0.07139
3404.00000 2.93099 0.08040 10.21444 0.06530
