## Time Delay Challenge light curves
##
## [time]=days, [lc]=[err]=flux in nanomaggies
##
##       time       lc_A      err_A       lc_B      err_B
##-------------------------------------------------------
0.00000 0.90938 0.04207 1.11932 0.05987
1.00000 1.08459 0.06292 1.02874 0.07123
2.00000 0.92288 0.04596 1.00831 0.06785
3.00000 0.95635 0.03809 1.08994 0.05134
4.00000 0.98678 0.05059 1.22353 0.06149
5.00000 0.90089 0.05675 1.10867 0.03340
6.00000 1.01515 0.03687 1.16134 0.05149
7.00000 0.98251 0.04102 1.20552 0.05812
8.00000 0.94312 0.02974 1.10132 0.02988
9.00000 0.94804 0.04066 1.13209 0.07151
10.00000 0.95826 0.04278 1.12169 0.03364
11.00000 1.04325 0.05578 1.08136 0.08819
12.00000 0.83967 0.06736 1.08187 0.02402
13.00000 0.92601 0.04961 1.03446 0.04340
14.00000 0.95221 0.07248 1.10278 0.03750
15.00000 0.95192 0.06070 1.13771 0.03798
16.00000 1.03395 0.11422 1.05670 0.05844
17.00000 0.99809 0.06438 1.12115 0.03009
18.00000 0.90634 0.05960 1.04441 0.06122
19.00000 0.91733 0.03643 1.21831 0.05504
20.00000 0.82955 0.06083 1.01694 0.04300
21.00000 0.85511 0.04368 1.02688 0.08120
22.00000 0.97827 0.06121 1.10123 0.02000
23.00000 0.92008 0.06138 0.99226 0.05895
24.00000 0.81632 0.08313 1.10019 0.06261
25.00000 1.00997 0.04908 1.00916 0.06742
26.00000 0.99140 0.03358 1.03259 0.02479
27.00000 0.98369 0.07543 1.00984 0.05044
28.00000 0.93501 0.06282 1.08019 0.05880
29.00000 0.82913 0.06521 0.95500 0.04424
30.00000 0.97008 0.04820 1.08156 0.05274
31.00000 0.91904 0.05301 1.06624 0.06409
32.00000 0.94290 0.06205 1.09745 0.04295
33.00000 0.90255 0.05067 1.10726 0.06517
34.00000 0.89762 0.05161 1.04888 0.08968
35.00000 0.95631 0.04347 1.04411 0.03112
36.00000 0.88170 0.05361 1.19981 0.07380
37.00000 0.90115 0.06647 1.04811 0.05893
38.00000 0.91092 0.07646 1.04543 0.04206
39.00000 0.95364 0.08939 1.13402 0.04938
40.00000 1.02547 0.07434 1.06854 0.04392
41.00000 0.90190 0.05291 1.19316 0.07998
42.00000 0.94535 0.02957 1.21666 0.07530
43.00000 0.96245 0.05666 1.11941 0.07082
44.00000 0.90602 0.05397 1.00546 0.06017
45.00000 0.93282 0.05492 1.01497 0.03539
46.00000 0.94998 0.04446 0.98663 0.05317
47.00000 0.92877 0.06918 1.06870 0.03923
48.00000 0.93040 0.02079 1.05483 0.01268
49.00000 0.93515 0.04022 1.00934 0.06883
50.00000 0.96997 0.06419 1.06901 0.04963
51.00000 0.90626 0.05046 1.04794 0.01716
52.00000 0.92351 0.05279 1.06728 0.07944
53.00000 0.88882 0.04902 1.25128 0.07878
54.00000 0.86835 0.07469 1.08238 0.04730
55.00000 0.81194 0.04643 1.00947 0.01973
56.00000 0.80637 0.09858 1.07769 0.05175
57.00000 0.85381 0.06226 1.05865 0.02557
58.00000 0.95757 0.04189 1.14625 0.05779
59.00000 1.00713 0.05896 1.06256 0.06794
60.00000 0.92836 0.03897 1.02510 0.03565
61.00000 0.90850 0.03963 1.03075 0.04328
62.00000 0.84823 0.07388 1.06540 0.02082
63.00000 1.01087 0.03197 1.12558 0.07090
64.00000 0.96107 0.05995 1.04710 0.03945
65.00000 0.93510 0.04080 1.08431 0.05576
66.00000 0.91653 0.04051 0.95210 0.05013
67.00000 0.95075 0.04915 1.00241 0.05480
68.00000 0.95188 0.01511 1.01047 0.05446
69.00000 1.02397 0.05304 1.07387 0.01545
70.00000 1.01125 0.05944 1.09160 0.01817
71.00000 0.83460 0.06669 1.09076 0.05373
72.00000 0.88368 0.04735 1.07363 0.04155
73.00000 0.92330 0.03795 1.05152 0.02651
74.00000 0.99963 0.07136 1.13442 0.05615
75.00000 1.06152 0.06727 1.06154 0.06436
76.00000 0.91029 0.02965 1.07408 0.04704
77.00000 0.77656 0.07102 1.04547 0.06972
78.00000 0.94979 0.04054 1.11429 0.05057
79.00000 0.95988 0.05632 1.03676 0.04560
80.00000 0.88635 0.03690 1.09015 0.06377
81.00000 0.99583 0.06830 1.10855 0.04124
82.00000 0.90700 0.02684 1.11268 0.05615
83.00000 0.93880 0.02436 1.03032 0.04230
84.00000 0.83281 0.09240 1.04847 0.04411
85.00000 1.00470 0.07876 1.06215 0.04447
86.00000 0.96010 0.04149 1.00257 0.05604
87.00000 0.94992 0.05449 1.05975 0.04979
88.00000 0.88245 0.06452 1.08039 0.04539
89.00000 0.96274 0.04451 1.06380 0.05735
90.00000 1.05510 0.08210 1.23608 0.08982
91.00000 0.90671 0.04684 1.00138 0.03877
92.00000 1.01488 0.05327 1.00687 0.08898
93.00000 0.92931 0.04151 0.99608 0.06949
94.00000 0.89411 0.05809 1.04032 0.05215
95.00000 0.94721 0.04502 1.11158 0.05494
96.00000 1.01762 0.04224 1.18201 0.04258
97.00000 0.94164 0.01947 1.14771 0.05359
98.00000 0.99202 0.05024 1.06022 0.02953
99.00000 0.96848 0.03622 1.04270 0.05595
100.00000 0.97030 0.04578 1.11553 0.03846
101.00000 0.84003 0.06425 1.10483 0.04393
102.00000 0.95224 0.05737 1.03980 0.05608
103.00000 0.94777 0.06739 1.05531 0.02229
104.00000 1.00233 0.05016 1.19785 0.08076
105.00000 0.88995 0.04379 1.03513 0.08504
106.00000 0.89929 0.06323 1.03934 0.06188
107.00000 1.00233 0.06722 1.00444 0.02607
108.00000 0.94061 0.04800 1.08134 0.04489
109.00000 0.75775 0.08044 0.96348 0.05555
110.00000 0.99260 0.04895 1.13618 0.06203
111.00000 0.94291 0.05042 1.07297 0.08165
112.00000 0.88058 0.06197 1.06391 0.04164
113.00000 0.93618 0.06906 1.03968 0.04504
114.00000 0.80908 0.05037 1.06958 0.04640
115.00000 0.88623 0.03314 1.03045 0.04643
116.00000 0.88019 0.06870 1.04712 0.07105
117.00000 0.97514 0.04111 1.03250 0.04111
118.00000 0.88022 0.07459 0.98120 0.09549
119.00000 0.97542 0.02813 1.00684 0.03635
365.00000 0.90591 0.05048 1.07988 0.05702
366.00000 0.99396 0.06742 1.15618 0.06121
367.00000 0.77785 0.06013 1.04773 0.03306
368.00000 0.88168 0.05339 1.19431 0.05790
369.00000 0.73123 0.08398 0.98739 0.05131
370.00000 0.88400 0.08592 1.04247 0.02625
371.00000 0.93414 0.09666 1.13783 0.05157
372.00000 1.04237 0.05982 1.05767 0.01643
373.00000 0.93817 0.05799 0.98546 0.05924
374.00000 0.95423 0.04523 0.94959 0.07240
375.00000 0.96699 0.05730 1.11391 0.08063
376.00000 1.04660 0.06191 1.13896 0.05952
377.00000 0.95753 0.06422 1.00220 0.06292
378.00000 0.95340 0.07609 1.10696 0.06441
379.00000 0.90924 0.05972 1.02492 0.04490
380.00000 0.92853 0.04423 1.04520 0.06412
381.00000 0.87951 0.04493 1.09016 0.02920
382.00000 0.92756 0.06141 1.09160 0.07162
383.00000 0.92453 0.03113 1.10808 0.06375
384.00000 0.90943 0.04150 1.06830 0.05023
385.00000 0.90069 0.05195 1.00447 0.07546
386.00000 1.05661 0.05626 1.06050 0.06342
387.00000 0.94017 0.05201 1.05276 0.05002
388.00000 0.90643 0.05280 1.03203 0.03231
389.00000 0.87959 0.04102 0.99776 0.04922
390.00000 0.83045 0.06767 1.02152 0.02134
391.00000 1.00583 0.05009 1.07999 0.05608
392.00000 0.97722 0.05022 1.09685 0.04832
393.00000 0.89813 0.03982 1.09527 0.03553
394.00000 0.93839 0.06194 1.10976 0.02702
395.00000 0.88220 0.04870 0.99484 0.05247
396.00000 0.99476 0.05239 0.97723 0.06587
397.00000 0.93841 0.05143 1.00053 0.05250
398.00000 0.92335 0.04996 1.10757 0.03629
399.00000 1.00074 0.05130 0.97993 0.05874
400.00000 0.94491 0.07696 1.05749 0.07003
401.00000 0.96429 0.04938 0.96585 0.06215
402.00000 0.93455 0.03572 1.10657 0.03591
403.00000 0.93746 0.04619 0.96689 0.05093
404.00000 0.93639 0.04617 1.06771 0.06774
405.00000 0.95292 0.01931 1.04131 0.06156
406.00000 0.83697 0.05073 1.12411 0.06748
407.00000 0.78775 0.07301 0.86500 0.07471
408.00000 1.00715 0.03709 1.11462 0.06872
409.00000 1.00821 0.05223 1.07468 0.03907
410.00000 0.93876 0.06961 1.08416 0.03358
411.00000 0.94331 0.04408 1.08337 0.03683
412.00000 0.92247 0.07411 1.08582 0.02953
413.00000 1.06205 0.05759 1.09549 0.05956
414.00000 1.04552 0.07622 1.02977 0.04094
415.00000 0.97377 0.03284 1.08064 0.05103
416.00000 1.03106 0.07559 1.14809 0.05454
417.00000 1.03656 0.02666 1.11409 0.06689
418.00000 0.92040 0.06905 1.01768 0.06669
419.00000 0.95862 0.03769 1.17138 0.05465
420.00000 0.95958 0.01865 1.11292 0.05434
421.00000 0.94744 0.04387 1.09426 0.05800
422.00000 0.93908 0.06283 1.07184 0.06268
423.00000 1.00961 0.05297 1.11998 0.05328
424.00000 0.98051 0.04549 1.09696 0.02765
425.00000 0.85065 0.06281 1.11197 0.03394
426.00000 0.94617 0.05706 1.03537 0.05131
427.00000 0.91080 0.04239 1.06854 0.05935
428.00000 1.06075 0.05455 1.12254 0.04147
429.00000 1.00167 0.05029 1.08591 0.04675
430.00000 0.92869 0.05701 1.04134 0.05196
431.00000 0.93020 0.03896 1.02903 0.04596
432.00000 0.93419 0.05249 1.11581 0.03600
433.00000 0.95403 0.04575 1.24871 0.06751
434.00000 0.96662 0.03411 1.02776 0.04410
435.00000 0.96251 0.03459 1.13682 0.04716
436.00000 0.93063 0.05857 1.13564 0.03583
437.00000 0.93330 0.07763 1.10437 0.03479
438.00000 0.94052 0.05106 1.11997 0.06853
439.00000 0.99222 0.05475 1.13524 0.03918
440.00000 0.98173 0.04129 1.11926 0.03639
441.00000 0.89182 0.06321 1.09546 0.04143
442.00000 0.94399 0.04572 1.10595 0.02987
443.00000 1.01833 0.05077 1.08380 0.05162
444.00000 0.96224 0.06546 1.05114 0.05244
445.00000 0.94073 0.05505 1.16274 0.04814
446.00000 0.96389 0.04360 1.15532 0.07881
447.00000 0.92266 0.06465 1.09103 0.05624
448.00000 0.92925 0.03489 1.05293 0.06478
449.00000 0.98959 0.04916 1.11754 0.06257
450.00000 0.93988 0.04945 1.14763 0.08355
451.00000 1.00536 0.05390 1.16158 0.03463
452.00000 0.89011 0.06844 1.07244 0.04330
453.00000 0.90669 0.03011 1.07982 0.07592
454.00000 0.90885 0.03093 1.18778 0.06586
455.00000 0.91866 0.05005 1.05229 0.04756
456.00000 0.99093 0.05719 1.11630 0.08633
457.00000 0.98617 0.05809 1.00035 0.06160
458.00000 1.00293 0.06511 1.13854 0.06300
459.00000 0.94506 0.03552 1.13556 0.06159
460.00000 0.88191 0.06895 1.10215 0.03445
461.00000 1.01643 0.06399 0.98839 0.06500
462.00000 0.99529 0.04632 1.07866 0.06710
463.00000 0.81533 0.05696 1.08224 0.05232
464.00000 0.96342 0.04198 1.13944 0.04344
465.00000 0.86460 0.05289 1.11464 0.06374
466.00000 0.91167 0.05724 1.13458 0.04376
467.00000 0.96605 0.03393 1.07358 0.04732
468.00000 0.96219 0.10742 1.09235 0.07340
469.00000 0.94780 0.04350 1.03590 0.05047
470.00000 0.99629 0.04328 1.10431 0.04235
471.00000 0.99358 0.04723 1.22120 0.07723
472.00000 1.07209 0.07064 1.07878 0.01531
473.00000 0.96358 0.03529 1.01919 0.04452
474.00000 0.87823 0.05786 1.05190 0.05405
475.00000 0.96575 0.08202 1.08791 0.09767
476.00000 0.87814 0.04577 1.08932 0.05078
477.00000 0.96638 0.05199 1.07568 0.06027
478.00000 0.92268 0.06293 1.05609 0.04287
479.00000 0.91480 0.04628 1.03938 0.04258
480.00000 0.80819 0.08143 1.06777 0.02165
481.00000 0.92963 0.06116 1.03881 0.04044
482.00000 0.92211 0.05532 1.07206 0.06051
483.00000 0.80151 0.07241 1.12552 0.05656
484.00000 0.88672 0.03482 1.06029 0.08605
730.00000 0.98842 0.07003 1.01916 0.08550
731.00000 0.90735 0.05356 1.04645 0.01509
732.00000 0.85249 0.06086 1.05373 0.01263
733.00000 1.00093 0.07024 1.03826 0.02720
734.00000 0.92693 0.05041 1.11130 0.04417
735.00000 1.01417 0.07885 0.99140 0.05762
736.00000 0.95790 0.06999 0.91470 0.07112
737.00000 1.08061 0.07728 1.07536 0.00119
738.00000 0.97471 0.02445 1.02381 0.03789
739.00000 0.84513 0.06423 1.09246 0.05685
740.00000 1.01036 0.03676 1.09083 0.03894
741.00000 0.94254 0.07461 1.07518 0.05551
742.00000 0.97216 0.02941 0.99143 0.05371
743.00000 0.99422 0.05443 1.10567 0.05624
744.00000 1.07778 0.07369 1.05895 0.03394
745.00000 1.00559 0.05090 1.11180 0.01421
746.00000 0.91355 0.05661 1.16688 0.05333
747.00000 1.00233 0.01047 1.12943 0.04869
748.00000 0.96124 0.03373 1.08404 0.03158
749.00000 1.02610 0.04970 1.13169 0.04299
750.00000 0.79434 0.07178 1.12446 0.05690
751.00000 0.95566 0.04401 1.16785 0.06948
752.00000 0.97264 0.04218 1.10823 0.06991
753.00000 0.99015 0.02855 1.13447 0.03090
754.00000 0.96128 0.04556 1.19076 0.05205
755.00000 0.94773 0.05758 1.07673 0.04964
756.00000 1.04738 0.06756 1.17253 0.02994
757.00000 0.97932 0.09088 1.13842 0.06245
758.00000 1.03902 0.03703 1.12833 0.03277
759.00000 1.05458 0.04015 1.22112 0.07848
760.00000 1.00251 0.03667 1.08506 0.05201
761.00000 1.04960 0.07946 1.13133 0.03418
762.00000 0.94129 0.05930 1.21591 0.07976
763.00000 0.97942 0.03764 1.05314 0.07070
764.00000 0.88925 0.06518 1.12233 0.04374
765.00000 1.05378 0.04080 1.15658 0.05911
766.00000 1.01611 0.05316 1.20660 0.07892
767.00000 0.93945 0.05394 1.08805 0.04054
768.00000 0.94214 0.03740 1.11088 0.03562
769.00000 1.04548 0.04196 1.16555 0.04424
770.00000 0.97480 0.05166 1.15884 0.06450
771.00000 0.97521 0.00665 1.08313 0.03747
772.00000 0.94281 0.05201 1.05484 0.02784
773.00000 0.99906 0.06647 1.10448 0.03897
774.00000 0.94835 0.05748 1.16654 0.04746
775.00000 0.93532 0.06916 1.07346 0.07133
776.00000 0.94680 0.02087 1.15117 0.06825
777.00000 1.03897 0.06237 1.10990 0.04363
778.00000 0.90388 0.06576 1.11994 0.04697
779.00000 0.93228 0.00719 1.11768 0.07890
780.00000 0.95649 0.05151 1.10747 0.06780
781.00000 0.83071 0.07123 1.05293 0.05336
782.00000 0.95836 0.03643 1.07398 0.03480
783.00000 0.95919 0.08425 1.10706 0.04514
784.00000 0.88324 0.03592 1.08651 0.02549
785.00000 0.90870 0.05932 1.09141 0.02957
786.00000 1.02490 0.07781 1.03738 0.04229
787.00000 0.94000 0.03444 0.99887 0.07026
788.00000 0.97635 0.04218 0.97017 0.05229
789.00000 0.90394 0.05786 1.16123 0.06115
790.00000 1.02782 0.06433 1.07837 0.03938
791.00000 0.94612 0.03244 1.18247 0.07246
792.00000 0.96717 0.06106 1.15420 0.04687
793.00000 0.97523 0.05157 1.13113 0.03528
794.00000 0.96146 0.05728 1.11893 0.05326
795.00000 1.05007 0.06893 1.10470 0.03019
796.00000 0.91681 0.04973 1.07050 0.06189
797.00000 0.94596 0.01953 1.08172 0.05548
798.00000 0.99530 0.05619 1.04830 0.07193
799.00000 1.02750 0.07974 1.13236 0.04488
800.00000 0.98045 0.04700 1.12337 0.02417
801.00000 0.94733 0.04941 1.06864 0.02892
802.00000 0.98235 0.04412 1.00790 0.06560
803.00000 0.95918 0.04558 1.07774 0.07648
804.00000 0.96126 0.03299 1.10259 0.06548
805.00000 0.96083 0.09119 1.11553 0.03228
806.00000 0.95032 0.05329 1.04332 0.06005
807.00000 0.97137 0.03719 1.00740 0.04222
808.00000 0.98627 0.03434 1.08563 0.06973
809.00000 0.87496 0.05824 1.06197 0.02618
810.00000 0.97960 0.06405 1.05172 0.05989
811.00000 1.01025 0.06269 1.08464 0.06550
812.00000 0.93925 0.05330 1.10620 0.06412
813.00000 0.90463 0.05969 1.09478 0.05136
814.00000 0.87186 0.03153 1.12386 0.03867
815.00000 0.98212 0.05202 0.98811 0.06407
816.00000 0.95157 0.03868 1.16362 0.04918
817.00000 0.84558 0.10903 1.16156 0.05945
818.00000 0.98043 0.03234 1.00922 0.04325
819.00000 0.99372 0.04594 1.10720 0.05388
820.00000 0.99605 0.06688 0.98728 0.06376
821.00000 0.98540 0.08820 1.19877 0.06140
822.00000 0.90895 0.03887 1.05796 0.06080
823.00000 0.97888 0.06982 1.01888 0.06323
824.00000 0.94936 0.03284 1.12313 0.05117
825.00000 1.00634 0.06892 1.14931 0.05967
826.00000 1.01393 0.03805 1.06888 0.04704
827.00000 0.96143 0.02912 1.08652 0.03937
828.00000 1.04598 0.05675 1.10375 0.06614
829.00000 0.99891 0.05860 1.10418 0.06157
830.00000 0.95824 0.04369 1.19940 0.06284
831.00000 1.00379 0.05122 1.09410 0.03682
832.00000 0.93131 0.04114 1.17802 0.05559
833.00000 0.99614 0.07133 1.19740 0.04978
834.00000 0.94551 0.05333 1.11114 0.05333
835.00000 0.99890 0.04670 1.11934 0.06834
836.00000 0.94359 0.03879 1.06629 0.04793
837.00000 0.95975 0.05418 1.09901 0.04500
838.00000 0.98623 0.06503 1.06288 0.05689
839.00000 1.02186 0.03929 1.21399 0.05157
840.00000 0.88413 0.05643 1.04604 0.05605
841.00000 0.96597 0.03654 1.04456 0.05245
842.00000 1.01018 0.03706 1.15735 0.02431
843.00000 0.96595 0.03349 1.17631 0.08547
844.00000 0.83397 0.06003 1.13952 0.02327
845.00000 0.90702 0.04539 1.20243 0.03462
846.00000 0.93119 0.07058 1.16289 0.05824
847.00000 0.98288 0.04812 1.10438 0.04642
848.00000 0.97773 0.05467 1.06489 0.05780
849.00000 0.94248 0.00420 1.09266 0.07293
1095.00000 0.91751 0.03712 1.01142 0.03709
1096.00000 0.82300 0.06962 1.03177 0.03352
1097.00000 0.87929 0.05301 0.97415 0.05956
1098.00000 0.93457 0.07113 0.96617 0.04623
1099.00000 0.86360 0.05657 1.08040 0.03978
1100.00000 0.87386 0.04910 1.05188 0.05300
1101.00000 0.88085 0.04871 0.98512 0.05764
1102.00000 0.86699 0.04465 1.04017 0.02194
1103.00000 0.86301 0.03838 1.01905 0.03654
1104.00000 0.91857 0.05863 1.03419 0.03541
1105.00000 0.85654 0.07876 1.03531 0.05074
1106.00000 0.83528 0.08987 1.17434 0.04220
1107.00000 0.94977 0.07958 1.02547 0.04760
1108.00000 0.82603 0.07025 1.06336 0.03515
1109.00000 0.87628 0.02874 1.04958 0.05416
1110.00000 0.86207 0.04568 1.07322 0.05639
1111.00000 0.80180 0.05156 1.08845 0.04974
1112.00000 0.87335 0.03907 1.01574 0.05268
1113.00000 1.05168 0.06379 1.00653 0.05374
1114.00000 0.93319 0.07078 1.00599 0.04722
1115.00000 0.79513 0.03796 0.98799 0.07165
1116.00000 0.91787 0.06113 0.98714 0.04563
1117.00000 0.90267 0.03156 1.09365 0.07821
1118.00000 0.79456 0.04707 1.00675 0.03294
1119.00000 0.90534 0.06959 0.99973 0.02920
1120.00000 0.90340 0.03258 0.99383 0.04820
1121.00000 0.90494 0.02642 1.00788 0.04676
1122.00000 0.88104 0.06533 1.10179 0.08733
1123.00000 0.90188 0.05051 0.94550 0.06252
1124.00000 0.91607 0.09384 1.02621 0.06439
1125.00000 0.86142 0.05142 1.05256 0.05954
1126.00000 0.93110 0.06418 0.95827 0.03835
1127.00000 0.87211 0.07923 1.06030 0.04577
1128.00000 0.81529 0.05986 0.98819 0.06541
1129.00000 0.90469 0.05219 1.05093 0.04943
1130.00000 0.87210 0.05628 0.94303 0.07749
1131.00000 0.85164 0.04064 0.97091 0.03536
1132.00000 0.88733 0.04725 1.07165 0.06224
1133.00000 0.93935 0.04079 0.98372 0.04854
1134.00000 0.84339 0.04490 1.06899 0.03573
1135.00000 0.93514 0.06038 1.04405 0.05737
1136.00000 0.93426 0.04136 0.96944 0.06511
1137.00000 0.91684 0.07178 1.09545 0.05972
1138.00000 0.91867 0.04566 1.03267 0.06351
1139.00000 0.93127 0.00885 1.01831 0.07336
1140.00000 0.92399 0.04793 1.01768 0.02150
1141.00000 0.92501 0.04565 1.17135 0.06644
1142.00000 0.88733 0.02522 1.13524 0.04650
1143.00000 1.03043 0.04763 1.03877 0.07877
1144.00000 0.84750 0.06256 1.15862 0.05684
1145.00000 0.91306 0.04659 1.08467 0.03189
1146.00000 0.91171 0.03488 1.08812 0.03785
1147.00000 0.89396 0.03808 1.07052 0.05905
1148.00000 0.90445 0.08269 1.00189 0.05127
1149.00000 0.78837 0.04620 0.97709 0.06821
1150.00000 0.85098 0.06226 1.07326 0.08509
1151.00000 0.84672 0.06784 1.07888 0.03606
1152.00000 0.96947 0.06713 1.02508 0.07474
1153.00000 1.00690 0.05189 0.99385 0.05355
1154.00000 0.94189 0.07885 1.06138 0.06413
1155.00000 0.83300 0.06637 0.87291 0.06497
1156.00000 0.90390 0.03712 1.03058 0.04940
1157.00000 0.90734 0.04321 0.94302 0.10485
1158.00000 0.83687 0.05958 1.05127 0.05127
1159.00000 0.84690 0.08026 1.06309 0.04747
1160.00000 0.95445 0.05627 0.94373 0.07048
1161.00000 0.85665 0.03607 1.06753 0.03150
1162.00000 0.84652 0.02765 1.06217 0.05145
1163.00000 0.91557 0.05150 1.00970 0.09041
1164.00000 0.86873 0.04992 1.07274 0.09711
1165.00000 0.88876 0.06018 1.05774 0.02245
1166.00000 0.94377 0.03901 1.07480 0.07136
1167.00000 0.87788 0.04624 1.05483 0.06987
1168.00000 0.68818 0.06818 1.03022 0.07696
1169.00000 0.91413 0.05189 1.06056 0.03872
1170.00000 1.00035 0.06694 0.96253 0.06709
1171.00000 0.84134 0.08063 0.98917 0.03203
1172.00000 0.94507 0.06258 1.02418 0.01747
1173.00000 0.77735 0.07450 0.96655 0.06422
1174.00000 0.85821 0.06479 1.01989 0.08009
1175.00000 0.85019 0.08445 0.99225 0.01964
1176.00000 0.81549 0.04611 0.96551 0.06639
1177.00000 0.96084 0.05386 1.03018 0.05491
1178.00000 0.93292 0.06652 0.98289 0.04538
1179.00000 0.90864 0.06467 0.97948 0.05988
1180.00000 0.94455 0.05649 0.96973 0.02680
1181.00000 0.84698 0.04219 1.05429 0.02272
1182.00000 0.89975 0.02877 0.91825 0.04240
1183.00000 0.96275 0.07513 1.05100 0.08370
1184.00000 0.88002 0.02510 0.95829 0.06688
1185.00000 0.92170 0.03127 1.00195 0.05387
1186.00000 0.88174 0.06894 1.11739 0.04628
1187.00000 0.87859 0.01237 1.01155 0.03829
1188.00000 0.81660 0.04884 1.05647 0.06286
1189.00000 0.94457 0.05979 0.98682 0.05557
1190.00000 0.91684 0.05084 1.09310 0.03903
1191.00000 0.93694 0.02945 1.00998 0.04739
1192.00000 0.83498 0.07250 0.93835 0.07769
1193.00000 0.92268 0.02592 1.01320 0.02829
1194.00000 0.99338 0.04114 1.03568 0.04538
1195.00000 0.97610 0.06597 1.02947 0.05256
1196.00000 0.88228 0.05938 0.91696 0.04527
1197.00000 0.91770 0.02625 0.99353 0.03113
1198.00000 0.95139 0.04813 1.07790 0.04775
1199.00000 0.95241 0.07035 1.05069 0.05975
1200.00000 0.90915 0.03510 1.05064 0.06351
1201.00000 0.89521 0.04613 0.96272 0.07258
1202.00000 0.92819 0.06362 1.08958 0.05274
1203.00000 0.87745 0.04507 1.04998 0.04281
1204.00000 0.97988 0.03886 1.08554 0.09494
1205.00000 0.96821 0.06051 1.18449 0.05678
1206.00000 0.91698 0.02507 1.04460 0.07374
1207.00000 0.90313 0.05111 1.03552 0.01679
1208.00000 0.87023 0.07715 1.09824 0.04269
1209.00000 0.93861 0.05046 1.11698 0.06758
1210.00000 0.84521 0.06034 1.05857 0.04536
1211.00000 0.96609 0.05188 1.05831 0.06089
1212.00000 0.89635 0.02780 0.99286 0.04093
1213.00000 0.92985 0.02210 0.98966 0.05076
1214.00000 0.98056 0.08017 1.04139 0.03731
1460.00000 0.90858 0.04220 1.08669 0.04912
1461.00000 0.88602 0.07876 1.07419 0.03750
1462.00000 0.96184 0.06854 0.99962 0.05788
1463.00000 0.81761 0.06542 1.08480 0.05083
1464.00000 0.95196 0.05987 1.06150 0.05617
1465.00000 0.91357 0.05207 1.05159 0.02519
1466.00000 0.87425 0.05688 1.01691 0.06359
1467.00000 0.89699 0.02786 1.05241 0.05713
1468.00000 0.89740 0.04584 1.06786 0.04797
1469.00000 0.92977 0.06630 0.98346 0.05011
1470.00000 0.91616 0.04926 1.07572 0.03857
1471.00000 0.86374 0.05829 1.02353 0.04610
1472.00000 0.85722 0.07253 1.12069 0.05150
1473.00000 0.81566 0.06358 0.94622 0.06165
1474.00000 0.87827 0.03904 1.07316 0.05237
1475.00000 0.89657 0.05795 1.02312 0.05293
1476.00000 0.87946 0.03875 1.02655 0.03778
1477.00000 0.90008 0.07237 1.00308 0.04701
1478.00000 0.96430 0.08401 1.10557 0.08303
1479.00000 0.93710 0.05783 1.03424 0.08462
1480.00000 0.87865 0.06161 1.02774 0.04477
1481.00000 0.85528 0.05761 1.03552 0.05108
1482.00000 0.89052 0.03979 1.00096 0.03034
1483.00000 0.96701 0.07033 1.03432 0.05250
1484.00000 0.89580 0.07466 1.02325 0.02222
1485.00000 0.91915 0.00892 0.91844 0.06116
1486.00000 0.96976 0.06791 1.05114 0.07155
1487.00000 0.87705 0.05012 1.12148 0.03980
1488.00000 0.91921 0.03729 1.08764 0.07240
1489.00000 0.87374 0.05831 0.96732 0.06797
1490.00000 0.86323 0.07157 1.00997 0.05457
1491.00000 0.95676 0.04380 1.08995 0.05895
1492.00000 1.04560 0.05502 1.04884 0.04371
1493.00000 0.96411 0.04610 1.06849 0.04227
1494.00000 0.91440 0.05796 1.11620 0.05166
1495.00000 1.01337 0.06530 1.03367 0.02056
1496.00000 0.86636 0.07631 1.07841 0.04374
1497.00000 0.94206 0.07140 1.13553 0.06054
1498.00000 0.96846 0.06480 1.00034 0.06113
1499.00000 1.05475 0.07754 1.05407 0.05884
1500.00000 0.92895 0.06503 1.06052 0.03601
1501.00000 0.95904 0.07348 1.13053 0.03204
1502.00000 0.96175 0.02408 1.08186 0.04456
1503.00000 1.01375 0.06254 1.15075 0.04680
1504.00000 1.07439 0.05254 1.06137 0.02646
1505.00000 0.92732 0.05471 1.03421 0.06306
1506.00000 0.98596 0.06966 1.07672 0.06671
1507.00000 0.91042 0.07466 1.01394 0.05086
1508.00000 1.03009 0.06043 1.11936 0.03119
1509.00000 0.97985 0.05662 1.11756 0.03653
1510.00000 0.93647 0.02490 1.09206 0.06824
1511.00000 1.00906 0.04725 1.09973 0.05105
1512.00000 0.89468 0.05358 1.08030 0.04536
1513.00000 0.94748 0.03366 1.14649 0.04295
1514.00000 0.86654 0.07018 1.08283 0.08264
1515.00000 1.10213 0.05457 1.07918 0.04476
1516.00000 0.91452 0.07373 1.11301 0.06128
1517.00000 0.81885 0.07257 1.09348 0.03728
1518.00000 0.90090 0.05021 1.08736 0.04541
1519.00000 0.89720 0.05412 1.20312 0.07638
1520.00000 0.90293 0.06253 1.13452 0.03865
1521.00000 0.93342 0.05676 1.02728 0.05577
1522.00000 0.94486 0.04754 1.17285 0.03558
1523.00000 0.96749 0.05677 1.06415 0.04883
1524.00000 0.99616 0.04782 1.05506 0.02235
1525.00000 0.97085 0.05773 1.10509 0.04339
1526.00000 1.00852 0.07433 1.12958 0.08091
1527.00000 0.87316 0.03889 1.06770 0.05644
1528.00000 1.01714 0.06051 1.04651 0.03785
1529.00000 0.94195 0.03514 1.05045 0.05049
1530.00000 0.88612 0.05221 1.09547 0.04624
1531.00000 0.98625 0.04993 0.99249 0.05024
1532.00000 1.02579 0.06760 1.15220 0.07130
1533.00000 1.06591 0.05327 1.05115 0.03745
1534.00000 0.96393 0.05113 0.99756 0.05793
1535.00000 0.85499 0.05009 1.11341 0.03837
1536.00000 1.01618 0.03936 1.04506 0.06623
1537.00000 1.03591 0.05609 0.92728 0.06174
1538.00000 0.97020 0.05589 1.05392 0.03894
1539.00000 0.94566 0.05035 1.10865 0.05509
1540.00000 1.00773 0.05075 1.05904 0.06153
1541.00000 0.99036 0.06327 1.11171 0.06349
1542.00000 0.94826 0.05513 1.11617 0.05640
1543.00000 0.97404 0.04885 1.07170 0.03624
1544.00000 0.90111 0.05786 0.99722 0.05809
1545.00000 0.82642 0.08438 1.09870 0.04186
1546.00000 0.87042 0.04354 1.10326 0.02353
1547.00000 0.96698 0.08809 1.00058 0.05594
1548.00000 0.94416 0.05058 1.07099 0.05684
1549.00000 0.93388 0.05544 1.08722 0.05478
1550.00000 0.92881 0.01329 1.04532 0.04737
1551.00000 0.95425 0.06287 1.09157 0.02397
1552.00000 0.93755 0.03113 0.91615 0.06323
1553.00000 1.03092 0.07807 1.05654 0.02996
1554.00000 0.91824 0.06935 1.05878 0.07264
1555.00000 0.94337 0.03918 1.06937 0.04246
1556.00000 0.96772 0.05269 1.04210 0.04817
1557.00000 0.84882 0.07801 1.06727 0.05873
1558.00000 0.92319 0.06014 0.98561 0.06442
1559.00000 0.88420 0.04942 1.04227 0.07959
1560.00000 1.00064 0.05806 1.14103 0.04570
1561.00000 0.96529 0.02587 1.08462 0.04412
1562.00000 0.93528 0.05689 1.03780 0.04803
1563.00000 0.87546 0.06542 1.08708 0.05204
1564.00000 0.84015 0.07663 1.14718 0.05359
1565.00000 0.90740 0.05302 1.11843 0.06014
1566.00000 0.94635 0.04297 1.11957 0.07464
1567.00000 1.02150 0.05996 1.09356 0.06809
1568.00000 0.86269 0.04816 1.11054 0.05828
1569.00000 0.99095 0.05616 1.11914 0.03062
1570.00000 0.92363 0.04709 1.07907 0.04192
1571.00000 0.89248 0.05089 1.13346 0.06612
1572.00000 0.95457 0.03598 1.01865 0.06241
1573.00000 0.97988 0.04144 1.11971 0.03358
1574.00000 0.83717 0.05661 1.00415 0.07327
1575.00000 0.95967 0.07148 1.02451 0.02898
1576.00000 0.90435 0.05161 0.99965 0.07486
1577.00000 0.94023 0.07384 1.11087 0.03336
1578.00000 1.01445 0.05618 1.01300 0.04231
1579.00000 0.98973 0.05622 1.01454 0.05167
1825.00000 1.01736 0.05551 1.05771 0.05137
1826.00000 0.95504 0.04083 1.05975 0.05190
1827.00000 0.79840 0.06187 1.19620 0.08286
1828.00000 0.88078 0.05296 1.06774 0.03690
1829.00000 1.00804 0.03541 1.09401 0.06820
1830.00000 0.98287 0.04945 1.13346 0.05254
1831.00000 0.98073 0.05887 1.10515 0.06381
1832.00000 0.90039 0.06162 1.12503 0.07032
1833.00000 0.94829 0.04339 1.09536 0.06025
1834.00000 0.99469 0.06222 1.10499 0.02453
1835.00000 1.00094 0.05928 1.11232 0.08632
1836.00000 0.97782 0.05572 1.08878 0.06481
1837.00000 0.96036 0.06356 1.03330 0.02411
1838.00000 0.93412 0.03476 1.08333 0.04455
1839.00000 1.07716 0.04618 1.05542 0.02831
1840.00000 0.98586 0.01504 1.07127 0.04378
1841.00000 0.91635 0.04866 1.14194 0.03933
1842.00000 0.84960 0.04959 1.07370 0.02525
1843.00000 0.96233 0.04195 1.10252 0.04514
1844.00000 0.93708 0.05281 1.04043 0.06941
1845.00000 0.99298 0.05609 1.12593 0.05526
1846.00000 0.90393 0.05795 1.07592 0.05377
1847.00000 0.94154 0.05166 1.03309 0.04334
1848.00000 0.92779 0.06957 1.10119 0.04017
1849.00000 1.01356 0.05431 1.13163 0.06875
1850.00000 0.95389 0.03040 1.01202 0.06908
1851.00000 0.98129 0.04754 1.01383 0.04953
1852.00000 0.97740 0.06396 1.00498 0.03750
1853.00000 0.95917 0.03415 1.14105 0.05046
1854.00000 1.04784 0.03844 1.09151 0.05764
1855.00000 0.91302 0.04574 1.09244 0.05347
1856.00000 0.97215 0.05892 1.11159 0.06432
1857.00000 0.89662 0.06702 1.13709 0.04676
1858.00000 0.96461 0.05821 1.14462 0.04094
1859.00000 0.93401 0.04856 1.00317 0.05653
1860.00000 0.95780 0.04312 1.15118 0.03663
1861.00000 0.85865 0.05152 1.10004 0.05357
1862.00000 0.80972 0.09214 1.10568 0.02330
1863.00000 0.97122 0.08121 0.94040 0.07885
1864.00000 0.97810 0.05111 1.15548 0.05406
1865.00000 0.98293 0.04799 1.06129 0.05122
1866.00000 0.95876 0.03770 1.00639 0.08152
1867.00000 0.95071 0.08033 1.05322 0.06398
1868.00000 0.90893 0.03961 1.09027 0.05006
1869.00000 0.95257 0.02096 1.11382 0.06428
1870.00000 1.09273 0.06217 0.94405 0.07531
1871.00000 0.95770 0.06770 1.14838 0.04672
1872.00000 1.01936 0.05660 0.99950 0.07189
1873.00000 0.88798 0.05524 1.07901 0.04715
1874.00000 0.92726 0.05265 1.06023 0.04116
1875.00000 0.90464 0.04928 1.06950 0.02726
1876.00000 0.92794 0.06520 1.12362 0.08766
1877.00000 0.96902 0.05572 1.02400 0.05953
1878.00000 0.91159 0.04930 1.10977 0.07148
1879.00000 0.90701 0.04809 1.05710 0.06587
1880.00000 1.04153 0.03005 1.08351 0.05876
1881.00000 0.95296 0.04586 1.08117 0.07593
1882.00000 0.95061 0.08250 1.15637 0.05227
1883.00000 0.85983 0.05952 1.16082 0.06393
1884.00000 1.01483 0.05961 1.05174 0.03463
1885.00000 1.01926 0.03324 1.13793 0.06998
1886.00000 0.98440 0.04623 1.13073 0.05713
1887.00000 1.03793 0.04548 1.14902 0.05456
1888.00000 0.96054 0.02148 0.96697 0.06429
1889.00000 1.04303 0.08068 1.11368 0.07087
1890.00000 0.82382 0.04931 1.09525 0.02906
1891.00000 0.94535 0.06533 1.05582 0.03269
1892.00000 1.00648 0.07133 1.02086 0.05248
1893.00000 0.81519 0.07040 0.99211 0.05462
1894.00000 1.03279 0.05796 1.03938 0.05746
1895.00000 0.90780 0.03393 1.11397 0.04089
1896.00000 0.96253 0.04201 1.11933 0.05510
1897.00000 0.87666 0.07815 0.98953 0.06164
1898.00000 0.87448 0.07917 1.10955 0.04441
1899.00000 0.91302 0.05499 1.11314 0.04132
1900.00000 0.95311 0.00746 1.23471 0.05829
1901.00000 0.93441 0.02952 1.08330 0.00116
1902.00000 0.94243 0.01971 1.19682 0.07571
1903.00000 0.79213 0.07236 1.17250 0.06815
1904.00000 0.93008 0.06783 1.20049 0.05122
1905.00000 0.94293 0.04118 1.15074 0.02970
1906.00000 0.84949 0.05147 1.09325 0.03497
1907.00000 0.88436 0.03499 1.08099 0.04640
1908.00000 0.97154 0.03535 1.06003 0.06385
1909.00000 0.95104 0.07433 1.08546 0.05550
1910.00000 0.96914 0.05783 1.15156 0.04133
1911.00000 1.00681 0.05280 1.09289 0.02562
1912.00000 0.99155 0.02638 1.09427 0.02178
1913.00000 1.05934 0.06143 1.09786 0.06753
1914.00000 0.76188 0.06195 1.21638 0.05815
1915.00000 0.99048 0.06242 1.07317 0.08116
1916.00000 0.96003 0.05513 1.10393 0.02072
1917.00000 0.91441 0.03151 1.10557 0.04663
1918.00000 0.92787 0.05082 1.08378 0.06687
1919.00000 0.97593 0.04439 1.07612 0.04058
1920.00000 0.96821 0.03056 1.17768 0.05966
1921.00000 0.90467 0.05489 1.09231 0.04340
1922.00000 0.89405 0.06402 1.10460 0.03943
1923.00000 0.88679 0.06124 1.12514 0.06198
1924.00000 0.92388 0.05381 1.07445 0.06269
1925.00000 0.82650 0.06396 0.98816 0.05358
1926.00000 0.91146 0.04390 1.02756 0.04070
1927.00000 0.94243 0.05963 1.05784 0.06438
1928.00000 0.81898 0.06343 1.02725 0.03212
1929.00000 0.91241 0.04454 0.99549 0.04721
1930.00000 0.97903 0.04511 1.18645 0.06059
1931.00000 1.03282 0.09075 1.01259 0.05412
1932.00000 0.98902 0.04923 1.13493 0.06376
1933.00000 0.94506 0.05212 1.08033 0.05595
1934.00000 0.92390 0.05084 1.05809 0.03100
1935.00000 0.91631 0.06156 1.21319 0.05914
1936.00000 0.94794 0.06723 1.09150 0.02389
1937.00000 0.91909 0.04472 0.93061 0.08676
1938.00000 0.92315 0.04043 1.02578 0.05524
1939.00000 0.94642 0.04856 1.10806 0.04728
1940.00000 0.97407 0.04158 1.03782 0.05965
1941.00000 0.96646 0.04687 1.14099 0.06132
1942.00000 0.85815 0.08247 1.12506 0.04989
1943.00000 0.98434 0.04615 1.11252 0.02614
1944.00000 0.95506 0.04606 1.10375 0.06400
2190.00000 0.92339 0.06669 0.99751 0.06526
2191.00000 0.95027 0.04260 1.06333 0.03727
2192.00000 0.95018 0.05488 1.06236 0.04372
2193.00000 0.99692 0.06780 1.10969 0.03288
2194.00000 0.93255 0.03691 1.17014 0.08339
2195.00000 0.92428 0.01849 1.14789 0.04918
2196.00000 0.82433 0.05527 1.14900 0.06210
2197.00000 0.92873 0.02726 1.06742 0.04228
2198.00000 0.82581 0.05180 1.10366 0.03584
2199.00000 0.90562 0.05221 1.04989 0.05746
2200.00000 1.02032 0.06114 1.08057 0.04288
2201.00000 0.86516 0.05335 1.11591 0.05015
2202.00000 0.95014 0.04626 0.89544 0.08352
2203.00000 0.89582 0.06629 1.05676 0.08021
2204.00000 1.00291 0.04023 1.11246 0.07822
2205.00000 0.92636 0.02923 1.09807 0.05040
2206.00000 1.01007 0.04964 1.06756 0.05670
2207.00000 0.92398 0.05389 1.07385 0.05280
2208.00000 0.95302 0.06312 1.08126 0.07096
2209.00000 0.93098 0.03196 1.12796 0.07664
2210.00000 0.89692 0.05473 1.10345 0.08361
2211.00000 0.94691 0.05053 1.06068 0.04690
2212.00000 0.89685 0.05369 1.03508 0.07486
2213.00000 0.88174 0.05287 1.13048 0.05167
2214.00000 0.96913 0.03807 1.10129 0.03927
2215.00000 0.93575 0.03455 1.00682 0.05544
2216.00000 1.01040 0.07086 0.94749 0.10366
2217.00000 0.87951 0.06512 1.15927 0.07133
2218.00000 0.92096 0.02495 1.10416 0.06343
2219.00000 1.10488 0.06733 1.13118 0.09225
2220.00000 0.88942 0.04804 1.08422 0.04164
2221.00000 0.96473 0.01905 1.16375 0.04863
2222.00000 0.96493 0.03251 1.01031 0.05404
2223.00000 0.92799 0.04119 1.09386 0.05264
2224.00000 1.01971 0.05320 1.03886 0.04716
2225.00000 1.01366 0.03452 0.98735 0.05216
2226.00000 0.94375 0.05545 1.08222 0.03302
2227.00000 1.00056 0.05228 1.14490 0.05353
2228.00000 0.87699 0.06404 1.19701 0.03967
2229.00000 1.01275 0.05522 1.15840 0.07440
2230.00000 0.95896 0.05825 1.10585 0.02008
2231.00000 1.00109 0.04081 1.07941 0.06236
2232.00000 0.95185 0.03000 1.11863 0.05632
2233.00000 1.06233 0.04546 1.12489 0.05598
2234.00000 1.03089 0.05067 1.08003 0.04130
2235.00000 0.94830 0.04561 1.18781 0.03349
2236.00000 0.98102 0.03342 1.14229 0.03904
2237.00000 0.90901 0.07417 1.16576 0.06838
2238.00000 0.96567 0.04337 1.13262 0.05204
2239.00000 1.01574 0.02831 1.02173 0.05167
2240.00000 0.98381 0.04329 1.11636 0.03967
2241.00000 1.00741 0.07340 1.13506 0.07867
2242.00000 1.04799 0.06958 1.06943 0.04365
2243.00000 1.01713 0.06344 1.20950 0.05439
2244.00000 1.02020 0.02302 1.15447 0.05836
2245.00000 0.95688 0.07309 0.98398 0.07674
2246.00000 0.91185 0.03937 1.08098 0.05900
2247.00000 0.81893 0.08788 1.13807 0.04284
2248.00000 1.04802 0.04511 1.16496 0.05374
2249.00000 0.93735 0.03104 1.10163 0.04064
2250.00000 1.02240 0.06320 1.13566 0.05113
2251.00000 0.97741 0.04230 1.04866 0.06360
2252.00000 1.04113 0.04997 1.18224 0.06276
2253.00000 1.03353 0.05482 1.24124 0.08271
2254.00000 1.00167 0.03259 1.14838 0.03710
2255.00000 1.03116 0.05604 1.11426 0.02873
2256.00000 1.06049 0.07166 1.15908 0.06459
2257.00000 0.98092 0.04760 1.12509 0.03220
2258.00000 1.02971 0.05902 1.10315 0.03435
2259.00000 1.00010 0.02318 1.14771 0.05945
2260.00000 0.97258 0.09990 1.04641 0.06633
2261.00000 1.04419 0.05108 1.01683 0.06778
2262.00000 0.94966 0.06025 1.06449 0.09591
2263.00000 1.03087 0.06926 1.14502 0.04785
2264.00000 1.04931 0.06351 1.13348 0.06789
2265.00000 0.93819 0.03106 1.11069 0.04524
2266.00000 1.03309 0.07339 1.08983 0.04019
2267.00000 0.96729 0.02863 1.10268 0.04844
2268.00000 1.00136 0.04903 1.03457 0.08219
2269.00000 1.00061 0.05335 1.00916 0.06247
2270.00000 0.89372 0.05901 1.11586 0.05601
2271.00000 1.01573 0.04315 1.17080 0.06669
2272.00000 0.99866 0.04476 1.11671 0.05897
2273.00000 0.95794 0.05578 1.12548 0.03697
2274.00000 1.07675 0.04576 1.14628 0.03541
2275.00000 0.89456 0.04461 1.10195 0.06694
2276.00000 0.96960 0.04021 1.12329 0.04534
2277.00000 1.02048 0.06834 1.12708 0.04256
2278.00000 0.97269 0.05640 1.08891 0.04859
2279.00000 1.00792 0.04863 1.10103 0.05988
2280.00000 1.05965 0.04099 1.08483 0.02102
2281.00000 0.98659 0.06645 1.11772 0.02462
2282.00000 0.90663 0.05305 1.10382 0.07402
2283.00000 1.03769 0.06520 1.09239 0.04854
2284.00000 0.88509 0.06673 1.13063 0.05431
2285.00000 1.00642 0.04202 1.13050 0.04870
2286.00000 0.96349 0.02554 1.07353 0.03222
2287.00000 1.06560 0.06560 1.12964 0.04304
2288.00000 0.91469 0.04843 1.07875 0.05124
2289.00000 0.93491 0.05146 1.14949 0.01838
2290.00000 0.96169 0.06215 1.10226 0.02833
2291.00000 1.01183 0.05025 1.16655 0.04263
2292.00000 1.00278 0.03429 1.05008 0.07152
2293.00000 0.98391 0.07131 1.11886 0.06639
2294.00000 1.05545 0.05365 1.13385 0.06556
2295.00000 1.00145 0.02168 1.11929 0.03300
2296.00000 1.02392 0.04453 1.01507 0.06389
2297.00000 0.92771 0.05491 1.12129 0.02680
2298.00000 0.96297 0.02730 1.13969 0.00865
2299.00000 1.02695 0.02649 1.08420 0.05933
2300.00000 1.00453 0.04210 1.10809 0.04607
2301.00000 1.08421 0.09256 1.12604 0.01961
2302.00000 0.97038 0.04193 1.20320 0.04589
2303.00000 1.00873 0.05889 1.17110 0.04335
2304.00000 0.99872 0.04575 1.15156 0.02337
2305.00000 1.02102 0.04866 1.14616 0.03278
2306.00000 1.00610 0.05326 1.20566 0.07381
2307.00000 1.02584 0.04071 1.17101 0.06109
2308.00000 0.94918 0.05769 1.14163 0.06902
2309.00000 1.04654 0.04358 1.18066 0.06341
2555.00000 0.91227 0.04193 1.11542 0.08795
2556.00000 0.92605 0.05744 0.98685 0.05763
2557.00000 0.95092 0.06837 0.98630 0.03793
2558.00000 0.92480 0.03740 1.04245 0.02731
2559.00000 0.88954 0.04590 0.99201 0.05858
2560.00000 0.96497 0.06642 1.01693 0.05356
2561.00000 0.94872 0.06287 1.05603 0.04643
2562.00000 0.93700 0.06368 1.09127 0.05670
2563.00000 0.91281 0.03179 1.10641 0.06704
2564.00000 0.86828 0.06704 1.03651 0.01871
2565.00000 0.87873 0.05210 0.94784 0.04334
2566.00000 1.02708 0.06606 1.07077 0.05526
2567.00000 0.89411 0.05396 1.06252 0.03930
2568.00000 0.94278 0.05987 1.05382 0.04762
2569.00000 0.83662 0.04840 1.08103 0.06921
2570.00000 0.88920 0.03017 0.97752 0.04456
2571.00000 0.90112 0.03368 1.00941 0.04056
2572.00000 0.92611 0.06670 1.12175 0.06326
2573.00000 0.93994 0.04306 1.11107 0.08304
2574.00000 0.98808 0.05099 0.93100 0.04560
2575.00000 0.91041 0.00791 1.02014 0.04947
2576.00000 0.90330 0.05012 1.05568 0.04773
2577.00000 0.91033 0.05323 1.02763 0.03726
2578.00000 0.93142 0.04706 1.05579 0.04009
2579.00000 0.93682 0.06400 1.01667 0.04238
2580.00000 0.94948 0.06097 1.03955 0.04824
2581.00000 0.96075 0.03723 1.05222 0.04166
2582.00000 0.98428 0.05729 1.06938 0.04710
2583.00000 0.94387 0.05366 0.99558 0.06181
2584.00000 0.89746 0.05635 1.06408 0.02434
2585.00000 0.96807 0.04356 1.17892 0.06899
2586.00000 0.89459 0.04153 1.05880 0.05362
2587.00000 0.90755 0.05766 1.11312 0.04943
2588.00000 0.90967 0.05021 1.08770 0.04676
2589.00000 0.90509 0.06932 1.07157 0.06931
2590.00000 0.85794 0.06704 1.13786 0.05558
2591.00000 0.91024 0.04490 0.98306 0.04572
2592.00000 0.94683 0.03957 1.09522 0.02893
2593.00000 0.91640 0.05960 1.03348 0.03548
2594.00000 1.02054 0.03514 1.08560 0.05411
2595.00000 0.94423 0.04679 1.07831 0.04974
2596.00000 0.84557 0.06147 1.04228 0.08712
2597.00000 0.95523 0.04647 1.01075 0.06370
2598.00000 0.94704 0.05077 1.12430 0.04293
2599.00000 1.03827 0.06920 1.21234 0.07457
2600.00000 0.91986 0.04150 1.10636 0.04071
2601.00000 0.96473 0.05029 1.01869 0.07908
2602.00000 0.98112 0.04997 1.06007 0.08021
2603.00000 0.95343 0.01167 1.08393 0.04812
2604.00000 0.96630 0.06300 1.14072 0.06651
2605.00000 1.05429 0.07183 1.02025 0.03702
2606.00000 0.94630 0.04254 1.10645 0.06475
2607.00000 0.89678 0.03926 0.99817 0.03668
2608.00000 0.84548 0.08353 1.09341 0.04831
2609.00000 1.01173 0.05842 1.10244 0.08127
2610.00000 0.90274 0.07011 1.19922 0.06476
2611.00000 0.97499 0.06624 1.05502 0.05315
2612.00000 1.06069 0.04193 1.07202 0.05095
2613.00000 0.94758 0.07027 1.16302 0.07457
2614.00000 0.96068 0.04884 1.06413 0.04155
2615.00000 0.91921 0.04716 1.18742 0.05480
2616.00000 0.96763 0.02985 1.12944 0.04346
2617.00000 1.03711 0.03324 1.11532 0.07648
2618.00000 0.92255 0.06081 1.10143 0.06636
2619.00000 1.00465 0.04083 1.10701 0.03289
2620.00000 0.99998 0.02429 1.18396 0.06580
2621.00000 0.95743 0.06990 0.99776 0.05682
2622.00000 0.99956 0.05554 1.05748 0.06519
2623.00000 1.04758 0.05613 1.09223 0.05495
2624.00000 1.01314 0.03878 1.08545 0.03841
2625.00000 0.96867 0.06773 1.08259 0.03306
2626.00000 1.06733 0.04756 1.11096 0.02159
2627.00000 0.77709 0.06961 1.10410 0.07125
2628.00000 0.99106 0.05797 1.12645 0.03138
2629.00000 1.01876 0.03898 1.12873 0.05043
2630.00000 0.99604 0.02617 1.07603 0.04083
2631.00000 0.96289 0.05345 1.14703 0.03631
2632.00000 1.00498 0.04530 1.13849 0.02428
2633.00000 0.97681 0.08304 1.16493 0.05134
2634.00000 0.84521 0.05937 1.06345 0.06238
2635.00000 0.99873 0.05667 1.09144 0.04902
2636.00000 1.04360 0.06512 1.20723 0.05202
2637.00000 0.96879 0.05200 1.16988 0.04454
2638.00000 1.00147 0.04739 1.13459 0.04172
2639.00000 0.94633 0.08161 1.12357 0.02126
2640.00000 1.07177 0.07851 1.04499 0.06473
2641.00000 0.87946 0.07015 1.10327 0.06628
2642.00000 0.84300 0.05255 1.08605 0.03802
2643.00000 0.94794 0.04538 1.09527 0.03110
2644.00000 0.97766 0.05056 1.02643 0.05465
2645.00000 0.89841 0.06774 1.09576 0.04464
2646.00000 0.94037 0.03809 1.13044 0.04517
2647.00000 1.04523 0.04954 1.08640 0.04715
2648.00000 0.95459 0.02956 1.21659 0.05705
2649.00000 0.96814 0.03636 1.28120 0.06858
2650.00000 0.87042 0.06543 1.13517 0.06299
2651.00000 1.04907 0.08722 1.09268 0.03521
2652.00000 0.99357 0.06331 1.12166 0.02922
2653.00000 0.85804 0.05405 1.11368 0.05501
2654.00000 0.93362 0.08828 1.12993 0.04149
2655.00000 0.87747 0.04349 0.97929 0.07420
2656.00000 1.00997 0.06408 1.08994 0.02623
2657.00000 0.94552 0.06743 0.99904 0.07845
2658.00000 1.11381 0.06439 1.15645 0.05994
2659.00000 0.86067 0.07817 1.07736 0.06007
2660.00000 0.96621 0.02654 1.09815 0.05025
2661.00000 0.96651 0.03720 1.14762 0.06256
2662.00000 0.99595 0.08845 1.14929 0.08541
2663.00000 0.89867 0.04977 1.04212 0.07367
2664.00000 1.00830 0.02493 1.11456 0.06243
2665.00000 0.99711 0.05710 1.10414 0.05106
2666.00000 0.95156 0.04678 1.10701 0.03644
2667.00000 1.01752 0.05590 1.06755 0.05847
2668.00000 0.90622 0.05046 1.03385 0.04046
2669.00000 0.79432 0.09915 1.26290 0.07510
2670.00000 0.88603 0.05047 1.10107 0.08738
2671.00000 0.94512 0.04745 1.11812 0.04396
2672.00000 0.91957 0.07568 1.08416 0.05947
2673.00000 0.92108 0.03638 1.27458 0.06506
2674.00000 0.71771 0.08880 1.06115 0.03655
2920.00000 1.01973 0.04790 1.05132 0.04792
2921.00000 0.96782 0.04613 1.23755 0.08297
2922.00000 0.98510 0.04785 1.04724 0.07373
2923.00000 1.00010 0.01772 1.07866 0.06488
2924.00000 1.02477 0.07650 1.20496 0.08644
2925.00000 1.05909 0.05424 1.08612 0.06339
2926.00000 1.06180 0.04328 1.15081 0.06885
2927.00000 1.02287 0.07591 1.12532 0.04844
2928.00000 1.07807 0.04511 1.10877 0.02775
2929.00000 0.97624 0.04431 1.12762 0.07184
2930.00000 0.95072 0.05364 1.09238 0.05524
2931.00000 0.99203 0.03101 1.20713 0.05453
2932.00000 1.08970 0.05831 1.17445 0.02539
2933.00000 0.97745 0.05682 1.22129 0.05217
2934.00000 0.96481 0.05629 1.14340 0.07285
2935.00000 1.04333 0.05834 1.14032 0.05391
2936.00000 1.07533 0.05129 1.21467 0.04917
2937.00000 1.05656 0.05320 1.17918 0.03764
2938.00000 1.02279 0.00984 1.04779 0.04058
2939.00000 0.93075 0.06934 1.13089 0.05459
2940.00000 0.99976 0.04043 1.13260 0.05078
2941.00000 1.05557 0.08232 1.13064 0.04995
2942.00000 1.00902 0.05299 1.08547 0.04498
2943.00000 1.01937 0.07279 1.16881 0.04165
2944.00000 1.01046 0.04632 1.11465 0.05843
2945.00000 1.02202 0.02272 1.16275 0.02937
2946.00000 1.01187 0.05334 1.16426 0.03491
2947.00000 0.95530 0.05724 1.15635 0.03981
2948.00000 1.05826 0.04323 1.25830 0.09084
2949.00000 1.00927 0.07198 1.16932 0.04857
2950.00000 0.99849 0.04397 1.11307 0.09348
2951.00000 1.00985 0.05156 1.17188 0.06831
2952.00000 1.01638 0.05285 1.05703 0.06685
2953.00000 0.97629 0.06664 1.15145 0.07654
2954.00000 0.96038 0.05282 1.21141 0.05177
2955.00000 1.05075 0.03254 1.22048 0.07577
2956.00000 0.99488 0.04071 1.28065 0.06772
2957.00000 1.05887 0.04818 1.15179 0.06088
2958.00000 1.02541 0.05830 1.14079 0.03998
2959.00000 1.06678 0.06671 1.14092 0.03415
2960.00000 1.00246 0.04739 1.20588 0.04089
2961.00000 0.99917 0.03583 1.15120 0.05241
2962.00000 0.88649 0.04851 1.10982 0.05331
2963.00000 1.05780 0.06865 1.17899 0.00694
2964.00000 1.00325 0.06162 1.06925 0.05695
2965.00000 1.08566 0.07582 1.11893 0.05489
2966.00000 1.05243 0.05717 1.25019 0.03928
2967.00000 0.91826 0.05338 1.15708 0.07358
2968.00000 0.90949 0.05825 1.16906 0.04166
2969.00000 1.12640 0.06438 1.11065 0.06291
2970.00000 0.98614 0.06037 1.18279 0.06138
2971.00000 0.98910 0.05495 1.11262 0.08059
2972.00000 1.00392 0.02929 1.11939 0.04902
2973.00000 0.89689 0.04145 1.07549 0.06451
2974.00000 0.87739 0.08639 1.22962 0.05254
2975.00000 1.04111 0.03576 1.13012 0.05573
2976.00000 0.99164 0.06052 1.06835 0.04498
2977.00000 1.01143 0.07333 1.16857 0.04568
2978.00000 1.11045 0.06270 1.15040 0.03755
2979.00000 0.96440 0.05163 1.04405 0.08189
2980.00000 0.99477 0.05034 1.10458 0.05325
2981.00000 1.04392 0.04024 1.13517 0.07255
2982.00000 1.01144 0.03747 1.20014 0.05550
2983.00000 1.05308 0.03472 1.03578 0.07196
2984.00000 1.03857 0.05343 1.17940 0.05560
2985.00000 0.97985 0.04360 1.21605 0.06769
2986.00000 0.97698 0.05902 1.10400 0.02975
2987.00000 1.03022 0.04435 1.16936 0.03469
2988.00000 1.03847 0.03648 1.11632 0.06603
2989.00000 1.10126 0.04327 1.20400 0.05738
2990.00000 0.98882 0.06964 1.13844 0.06884
2991.00000 1.10442 0.04307 1.02004 0.07610
2992.00000 1.01169 0.03208 1.20899 0.03091
2993.00000 1.05838 0.06039 1.13785 0.05551
2994.00000 1.10760 0.06867 1.19871 0.03223
2995.00000 0.99358 0.04971 1.22383 0.08818
2996.00000 0.95109 0.05774 1.09359 0.05946
2997.00000 0.97437 0.05492 1.19070 0.04767
2998.00000 1.07590 0.04064 1.17188 0.05059
2999.00000 1.05958 0.06235 1.19869 0.04578
3000.00000 1.06549 0.03805 1.08647 0.05776
3001.00000 1.08649 0.07326 1.13127 0.04641
3002.00000 1.02950 0.03988 1.27392 0.06615
3003.00000 0.98346 0.05170 1.16230 0.05206
3004.00000 1.06502 0.04299 1.19977 0.07047
3005.00000 1.18664 0.06508 1.16103 0.05604
3006.00000 0.94192 0.03422 1.19760 0.03636
3007.00000 1.08904 0.03790 1.21114 0.03499
3008.00000 1.07768 0.07244 1.21559 0.03778
3009.00000 0.90087 0.07776 0.98048 0.08675
3010.00000 0.99260 0.03005 1.21005 0.06806
3011.00000 1.07831 0.05294 1.20611 0.05652
3012.00000 0.97428 0.06471 1.16181 0.03159
3013.00000 1.01245 0.02111 1.17056 0.03874
3014.00000 0.95460 0.04947 1.18810 0.05395
3015.00000 1.03882 0.06663 1.13890 0.06346
3016.00000 0.90363 0.06327 1.18205 0.07305
3017.00000 0.95079 0.04992 1.19761 0.04187
3018.00000 1.07417 0.05085 1.07434 0.04493
3019.00000 1.03103 0.06319 1.21755 0.07126
3020.00000 0.98313 0.03540 1.05261 0.09365
3021.00000 0.94485 0.03875 1.14592 0.04354
3022.00000 1.05572 0.07401 1.08763 0.05518
3023.00000 0.97370 0.04804 1.24204 0.06880
3024.00000 0.94205 0.07156 1.15742 0.02544
3025.00000 1.02293 0.04734 1.10077 0.01724
3026.00000 1.11297 0.07113 1.13829 0.01732
3027.00000 1.01373 0.03641 1.12576 0.05890
3028.00000 1.03997 0.07311 1.14743 0.04902
3029.00000 0.96333 0.06193 1.06516 0.06906
3030.00000 1.02290 0.03872 1.10873 0.04029
3031.00000 0.96689 0.05760 1.16622 0.03431
3032.00000 1.01569 0.04861 1.16124 0.03489
3033.00000 1.05084 0.05566 1.21965 0.06463
3034.00000 0.96443 0.03746 1.10882 0.02698
3035.00000 1.07979 0.05890 1.15843 0.02916
3036.00000 1.00618 0.04278 1.19930 0.05403
3037.00000 0.95132 0.06324 1.03095 0.05892
3038.00000 1.01212 0.06531 1.13260 0.03712
3039.00000 1.06051 0.06585 1.17934 0.04475
3285.00000 0.98929 0.03799 0.86481 0.07508
3286.00000 0.93157 0.04203 1.07364 0.08108
3287.00000 0.91919 0.01013 1.04495 0.06399
3288.00000 0.95669 0.07867 1.14630 0.06532
3289.00000 0.92829 0.01395 1.13117 0.05066
3290.00000 0.94299 0.02884 1.06348 0.07820
3291.00000 0.92843 0.02783 1.04518 0.05748
3292.00000 0.95270 0.05366 0.99175 0.03491
3293.00000 0.92168 0.06834 1.08074 0.06018
3294.00000 0.88918 0.04960 1.09833 0.03405
3295.00000 0.92819 0.04907 1.03298 0.04122
3296.00000 0.84518 0.04581 1.01426 0.06394
3297.00000 0.71708 0.06591 1.04200 0.03417
3298.00000 0.91123 0.03267 1.00063 0.05241
3299.00000 0.85628 0.05207 1.04369 0.06343
3300.00000 0.86089 0.06427 0.94385 0.06624
3301.00000 0.80901 0.06763 1.09504 0.05919
3302.00000 0.90717 0.07948 1.05330 0.05173
3303.00000 0.84586 0.05335 1.00656 0.07048
3304.00000 0.84290 0.06877 1.02136 0.03630
3305.00000 0.89860 0.04244 0.98546 0.04233
3306.00000 0.88407 0.03846 1.03161 0.06846
3307.00000 0.87983 0.04271 0.97079 0.06431
3308.00000 0.94738 0.05048 1.01583 0.08859
3309.00000 0.87771 0.04119 0.96777 0.06851
3310.00000 0.81531 0.07254 1.00005 0.05932
3311.00000 1.00541 0.05237 1.07697 0.03941
3312.00000 1.00062 0.07683 1.00797 0.05387
3313.00000 0.97137 0.05198 1.00404 0.05034
3314.00000 0.95415 0.05313 1.12610 0.05785
3315.00000 0.93013 0.05505 1.01497 0.05005
3316.00000 0.97304 0.06487 1.00645 0.03994
3317.00000 0.90480 0.04724 0.88628 0.07210
3318.00000 0.91538 0.04637 1.04487 0.03577
3319.00000 0.86119 0.05986 1.07699 0.05608
3320.00000 0.90064 0.03494 0.95048 0.09533
3321.00000 0.87987 0.05591 0.92630 0.06462
3322.00000 0.89748 0.05381 1.10671 0.05061
3323.00000 0.79807 0.05486 1.01668 0.04959
3324.00000 0.93772 0.03305 1.16335 0.07034
3325.00000 0.92720 0.03465 1.07930 0.06421
3326.00000 0.83824 0.07419 1.06814 0.04373
3327.00000 1.00908 0.04258 1.13989 0.09239
3328.00000 0.80860 0.08760 0.97534 0.07759
3329.00000 0.88334 0.05201 1.06983 0.01772
3330.00000 0.97269 0.05868 1.11518 0.03207
3331.00000 1.00430 0.03724 1.05785 0.04023
3332.00000 0.92655 0.03988 1.07376 0.05061
3333.00000 1.01750 0.05582 1.11206 0.06209
3334.00000 0.89324 0.04675 1.06357 0.03771
3335.00000 0.94133 0.01159 1.02486 0.04417
3336.00000 0.86442 0.06513 1.06199 0.03588
3337.00000 0.90416 0.06000 1.11407 0.03864
3338.00000 1.00442 0.02914 1.01424 0.05598
3339.00000 1.01104 0.06409 1.06153 0.07285
3340.00000 1.00813 0.05033 1.10937 0.03616
3341.00000 0.90395 0.06047 1.04215 0.06572
3342.00000 0.94139 0.04236 1.07648 0.01516
3343.00000 0.94623 0.06539 1.11110 0.04948
3344.00000 0.92298 0.07164 1.05098 0.04344
3345.00000 0.95309 0.06914 1.07265 0.01631
3346.00000 0.96722 0.02144 1.05296 0.04399
3347.00000 0.94150 0.06668 1.13097 0.04647
3348.00000 0.95569 0.06080 1.13814 0.05045
3349.00000 0.96808 0.03549 1.04367 0.05899
3350.00000 0.94581 0.04581 1.14861 0.05607
3351.00000 0.98332 0.03636 1.05424 0.04437
3352.00000 0.91630 0.08580 1.06717 0.06544
3353.00000 0.92220 0.05806 1.07424 0.07698
3354.00000 0.98442 0.06654 1.03931 0.04942
3355.00000 1.10346 0.08167 1.10975 0.05145
3356.00000 1.06731 0.06975 1.07082 0.05161
3357.00000 0.93667 0.05674 1.08399 0.07543
3358.00000 0.99699 0.02793 1.10066 0.03939
3359.00000 1.02972 0.04164 1.09522 0.02095
3360.00000 0.92286 0.04828 1.07532 0.04241
3361.00000 0.98243 0.01656 1.14099 0.06646
3362.00000 1.04261 0.08200 1.13268 0.05782
3363.00000 0.91439 0.06782 1.05192 0.05732
3364.00000 1.02953 0.04667 1.09445 0.04002
3365.00000 0.93789 0.02252 1.10872 0.05175
3366.00000 0.98644 0.04421 1.17199 0.04439
3367.00000 1.04050 0.05733 1.11299 0.05299
3368.00000 0.99890 0.06411 1.02579 0.05197
3369.00000 0.89749 0.07237 1.06170 0.04044
3370.00000 1.02724 0.06011 1.10551 0.05749
3371.00000 0.97422 0.04437 1.10530 0.06302
3372.00000 1.04275 0.05319 1.16685 0.06213
3373.00000 1.02277 0.05722 1.12794 0.03447
3374.00000 0.94774 0.02687 1.06002 0.04232
3375.00000 1.02423 0.04407 1.15060 0.10654
3376.00000 0.90722 0.04564 1.05860 0.04930
3377.00000 0.89614 0.06992 1.10174 0.08210
3378.00000 1.11237 0.06982 1.13203 0.06178
3379.00000 0.92258 0.05960 1.05096 0.05931
3380.00000 1.04083 0.07119 1.01718 0.05215
3381.00000 0.97779 0.03073 1.07754 0.01522
3382.00000 0.94225 0.03342 1.08562 0.04943
3383.00000 0.90041 0.06277 1.11966 0.05138
3384.00000 1.01452 0.06253 1.09370 0.05448
3385.00000 0.99492 0.07999 1.11613 0.03578
3386.00000 0.96639 0.02978 1.15829 0.06719
3387.00000 1.01059 0.04745 1.03474 0.05922
3388.00000 1.01365 0.05427 1.04967 0.06714
3389.00000 0.96675 0.05143 1.01906 0.06787
3390.00000 1.00735 0.06860 1.18090 0.03838
3391.00000 1.00913 0.04395 1.17361 0.05943
3392.00000 1.10778 0.05983 1.03534 0.07425
3393.00000 0.97865 0.09454 1.05266 0.06441
3394.00000 1.12437 0.06819 1.13224 0.06222
3395.00000 0.86321 0.06755 0.98152 0.09589
3396.00000 0.90781 0.04593 1.09866 0.03782
3397.00000 1.01915 0.06399 1.14103 0.03694
3398.00000 1.03957 0.03753 1.15540 0.03579
3399.00000 0.99119 0.07869 0.96783 0.07152
3400.00000 0.99816 0.04532 1.30721 0.06957
3401.00000 1.06655 0.07055 1.16536 0.04478
3402.00000 1.04922 0.04066 1.07258 0.06606
3403.00000 1.01300 0.04598 1.22663 0.03722
3404.00000 1.04632 0.06649 1.15316 0.04462
