## Time Delay Challenge light curves
##
## [time]=days, [lc]=[err]=flux in nanomaggies
##
##       time       lc_A      err_A       lc_B      err_B
##-------------------------------------------------------
0.00000 95.83703 0.07693 80.49816 0.06453
1.00000 95.01571 0.04175 81.05205 0.04711
2.00000 96.17680 0.05345 81.08627 0.05043
3.00000 94.94211 0.04353 80.34784 0.04377
4.00000 94.07481 0.06352 81.31573 0.05628
5.00000 94.37489 0.06790 80.28489 0.04899
6.00000 94.88947 0.05407 79.50828 0.03919
7.00000 94.69111 0.03500 79.93819 0.05860
8.00000 93.36203 0.07065 80.44603 0.05559
9.00000 93.14543 0.05713 80.41745 0.04248
10.00000 93.64392 0.10113 79.03916 0.06454
11.00000 92.75257 0.09372 78.85274 0.06755
12.00000 93.00496 0.06217 79.36542 0.07349
13.00000 91.56166 0.03276 78.76947 0.06452
14.00000 91.51990 0.06019 78.95930 0.04748
15.00000 92.45558 0.04798 77.71472 0.03796
16.00000 92.61645 0.06484 77.62481 0.04031
17.00000 93.23807 0.04809 78.21791 0.05769
18.00000 94.81053 0.06668 78.30464 0.01879
19.00000 94.07458 0.04710 78.76948 0.04650
20.00000 92.88651 0.07115 80.14398 0.05631
21.00000 92.75019 0.07843 79.92135 0.04522
22.00000 93.89382 0.02822 78.37578 0.05977
23.00000 93.61389 0.06737 78.69530 0.05812
24.00000 92.64410 0.05179 79.41534 0.03986
25.00000 93.15763 0.08161 79.23433 0.08449
26.00000 94.19344 0.06936 78.61447 0.06153
27.00000 93.74866 0.06115 79.01649 0.05491
28.00000 93.54980 0.06237 79.62734 0.04395
29.00000 92.74981 0.02668 79.30222 0.03696
30.00000 92.33110 0.02904 79.19651 0.03758
31.00000 92.36257 0.05223 78.71305 0.05901
32.00000 91.58317 0.07068 78.54029 0.04898
33.00000 90.89867 0.05804 78.13222 0.04755
34.00000 90.45504 0.06503 77.48005 0.05194
35.00000 91.32327 0.06439 76.84279 0.04373
36.00000 90.99254 0.04888 76.51074 0.05597
37.00000 91.42535 0.07637 77.37895 0.07654
38.00000 89.82410 0.04027 77.24139 0.06912
39.00000 89.54053 0.04503 77.20149 0.06686
40.00000 90.28797 0.03855 76.23130 0.05247
41.00000 91.37904 0.03084 76.21077 0.04699
42.00000 91.13262 0.06203 76.52359 0.03929
43.00000 91.45852 0.07261 77.42468 0.07449
44.00000 91.70497 0.05807 76.92479 0.04978
45.00000 91.17411 0.04589 77.47085 0.07410
46.00000 92.53749 0.04741 77.83635 0.01580
47.00000 91.81441 0.03981 77.30062 0.04014
48.00000 91.49146 0.05753 78.37357 0.03442
49.00000 90.81699 0.05471 77.84498 0.06446
50.00000 91.22483 0.05900 77.54801 0.05126
51.00000 91.32869 0.05976 76.93741 0.03512
52.00000 91.04202 0.05533 77.11647 0.03429
53.00000 90.94344 0.05020 77.41506 0.07488
54.00000 90.41014 0.05758 77.06634 0.05021
55.00000 91.37280 0.04577 76.90247 0.04760
56.00000 91.78392 0.04662 76.48952 0.06728
57.00000 93.29513 0.05132 77.13060 0.08603
58.00000 92.34490 0.04973 77.87659 0.05857
59.00000 93.87778 0.06117 78.93186 0.04155
60.00000 93.49694 0.06140 78.63984 0.06507
61.00000 93.47042 0.06493 79.54558 0.04545
62.00000 93.12683 0.05022 79.37973 0.04212
63.00000 93.23304 0.05368 79.26225 0.02350
64.00000 93.75335 0.06827 78.83413 0.08460
65.00000 95.03270 0.06862 79.19995 0.02586
66.00000 94.69315 0.05981 79.52323 0.03986
67.00000 95.38080 0.05917 80.45897 0.07942
68.00000 95.18817 0.04510 80.19961 0.08623
69.00000 94.50909 0.04448 80.38770 0.03600
70.00000 92.36263 0.06608 80.63971 0.06963
71.00000 91.94819 0.03220 80.31906 0.04593
72.00000 92.13814 0.07624 78.53420 0.04262
73.00000 91.76787 0.08116 77.75912 0.06497
74.00000 92.10299 0.06406 77.82783 0.08644
75.00000 92.80451 0.04645 77.93182 0.06035
76.00000 92.32777 0.08445 77.81512 0.05535
77.00000 91.99720 0.04107 78.72413 0.04187
78.00000 91.76480 0.02443 78.03369 0.05286
79.00000 91.80902 0.03022 77.72860 0.04980
80.00000 90.99478 0.03630 77.57721 0.05024
81.00000 92.03972 0.01853 77.62683 0.08787
82.00000 92.79424 0.06708 77.65656 0.05322
83.00000 93.46547 0.05609 77.95702 0.03879
84.00000 91.92888 0.03857 79.02334 0.04889
85.00000 91.36943 0.03532 79.28493 0.07067
86.00000 91.11297 0.06240 78.00064 0.05733
87.00000 90.88144 0.04101 77.40957 0.08016
88.00000 90.99651 0.05939 77.18568 0.03401
89.00000 90.78709 0.06259 77.13417 0.07740
90.00000 91.14933 0.02632 76.96046 0.04176
91.00000 90.83418 0.05747 77.08046 0.04604
92.00000 92.03394 0.02319 77.20248 0.03680
93.00000 92.90980 0.04650 76.80087 0.05298
94.00000 92.25181 0.05953 77.85254 0.03778
95.00000 92.42203 0.03395 78.66900 0.07002
96.00000 92.03689 0.05458 78.25947 0.05834
97.00000 92.48385 0.03483 78.42233 0.07038
98.00000 91.71473 0.06297 77.94224 0.03330
99.00000 91.90910 0.04109 78.03487 0.04264
100.00000 91.56838 0.05066 77.86723 0.08166
101.00000 91.69884 0.02838 77.78331 0.07487
102.00000 92.22468 0.06899 77.81322 0.05102
103.00000 91.63903 0.04706 77.71777 0.06179
104.00000 91.62733 0.06820 78.09841 0.07248
105.00000 93.12386 0.03954 77.69771 0.08793
106.00000 92.61339 0.08045 77.72553 0.05104
107.00000 91.51299 0.06098 79.01593 0.04893
108.00000 91.18716 0.05799 78.48381 0.05237
109.00000 93.66286 0.04806 77.41951 0.05721
110.00000 92.87075 0.06600 77.32268 0.05272
111.00000 92.79341 0.04307 79.46163 0.03214
112.00000 93.74653 0.04068 78.50446 0.05849
113.00000 94.46774 0.04564 78.94410 0.04232
114.00000 94.63668 0.06516 79.34811 0.04137
115.00000 95.56965 0.04706 79.86908 0.04616
116.00000 95.10044 0.06667 79.59669 0.03990
117.00000 95.27872 0.06385 80.42860 0.05751
118.00000 93.32544 0.03500 80.54788 0.04250
119.00000 93.64446 0.07115 80.77365 0.02870
365.00000 82.21806 0.07364 70.11297 0.04877
366.00000 82.82248 0.06186 69.43303 0.06154
367.00000 83.79182 0.04769 69.65340 0.05027
368.00000 85.16500 0.08306 70.52196 0.06917
369.00000 85.43986 0.05956 71.23702 0.05566
370.00000 85.07595 0.05412 72.21746 0.04899
371.00000 85.12579 0.03540 72.64050 0.05177
372.00000 84.65623 0.05462 72.08479 0.05365
373.00000 83.56249 0.07061 72.04570 0.06203
374.00000 82.80750 0.04736 71.79076 0.02187
375.00000 84.19290 0.04303 70.71137 0.02539
376.00000 83.27226 0.05701 70.22606 0.04403
377.00000 83.05099 0.06295 71.10494 0.01909
378.00000 83.47440 0.05313 70.79720 0.05871
379.00000 85.21181 0.05148 70.32598 0.04720
380.00000 85.69110 0.06114 70.76037 0.05396
381.00000 85.97392 0.04391 72.16893 0.06278
382.00000 86.38474 0.04525 72.42793 0.05252
383.00000 86.50078 0.06998 72.90704 0.05583
384.00000 86.79024 0.06104 73.24143 0.05622
385.00000 87.26687 0.05598 73.35460 0.05186
386.00000 86.18851 0.06673 73.82696 0.02895
387.00000 86.34873 0.04287 73.97271 0.06841
388.00000 86.83024 0.07108 73.45060 0.04633
389.00000 87.02485 0.07467 72.81068 0.05255
390.00000 87.00084 0.04619 73.48107 0.06419
391.00000 86.75115 0.07163 73.55656 0.05709
392.00000 86.55285 0.05445 73.68796 0.02568
393.00000 86.67825 0.06602 73.58497 0.04538
394.00000 87.00176 0.05391 73.22898 0.05313
395.00000 86.80249 0.04704 73.29251 0.05332
396.00000 86.08409 0.08946 73.85318 0.07033
397.00000 85.59594 0.06287 73.70477 0.06129
398.00000 86.51248 0.06274 73.32136 0.06002
399.00000 85.40093 0.05266 72.23235 0.06507
400.00000 85.57950 0.05827 73.17377 0.02867
401.00000 84.46114 0.04267 72.59617 0.06717
402.00000 84.33389 0.07643 72.32133 0.02717
403.00000 84.64599 0.05039 71.33135 0.05393
404.00000 85.46793 0.05003 71.62193 0.05025
405.00000 86.16535 0.07210 71.57738 0.02069
406.00000 86.19291 0.05067 72.38364 0.05841
407.00000 86.22384 0.04663 72.92658 0.06187
408.00000 86.24968 0.05166 73.14323 0.06320
409.00000 86.20372 0.07984 73.23341 0.05515
410.00000 85.43123 0.07062 73.28856 0.06647
411.00000 85.21776 0.04656 72.74357 0.03944
412.00000 85.12535 0.05772 72.69864 0.05894
413.00000 85.29249 0.06126 72.33258 0.04301
414.00000 85.15206 0.03938 72.34231 0.03974
415.00000 85.89930 0.02440 72.04618 0.07902
416.00000 85.86301 0.05130 72.37646 0.04918
417.00000 85.62929 0.05274 72.81636 0.04393
418.00000 85.48050 0.06798 72.60536 0.07095
419.00000 85.59579 0.03645 72.61733 0.08336
420.00000 86.47956 0.06690 72.70287 0.04216
421.00000 86.27611 0.02746 72.60647 0.06635
422.00000 87.08992 0.05208 73.22157 0.03689
423.00000 86.85865 0.08407 73.03254 0.06212
424.00000 86.08152 0.05725 73.98659 0.06042
425.00000 85.71403 0.05305 73.88981 0.07425
426.00000 85.13897 0.04164 73.12827 0.04523
427.00000 86.41348 0.05215 72.63601 0.07336
428.00000 87.40674 0.04304 72.12586 0.05843
429.00000 86.67707 0.10403 73.23219 0.05509
430.00000 85.96956 0.04069 73.83985 0.08631
431.00000 86.61550 0.07074 73.48430 0.03294
432.00000 87.20138 0.07751 73.09859 0.07827
433.00000 87.61126 0.03265 73.21261 0.04207
434.00000 88.27636 0.06079 73.70820 0.05489
435.00000 87.94536 0.03132 74.25501 0.05753
436.00000 87.95069 0.04410 75.09203 0.05293
437.00000 87.87921 0.05555 74.61377 0.05672
438.00000 87.70072 0.03784 74.28863 0.03940
439.00000 87.72574 0.01787 74.66472 0.04359
440.00000 87.16979 0.03921 74.26627 0.03780
441.00000 87.70363 0.01606 74.26659 0.07131
442.00000 87.54043 0.05406 73.74282 0.05999
443.00000 88.73387 0.02598 74.25940 0.06070
444.00000 87.67790 0.06509 74.00798 0.06233
445.00000 88.03528 0.03043 75.28162 0.05322
446.00000 87.29444 0.07940 73.96535 0.07405
447.00000 86.71673 0.06895 74.39003 0.05940
448.00000 86.35322 0.07088 73.92197 0.02149
449.00000 86.45839 0.07000 73.48012 0.04427
450.00000 86.44034 0.07205 73.36397 0.04686
451.00000 87.14423 0.05185 73.06164 0.05035
452.00000 86.95373 0.03006 73.46155 0.04421
453.00000 88.14268 0.06268 73.73645 0.02410
454.00000 86.49754 0.07203 73.66875 0.02440
455.00000 86.57919 0.05805 74.28646 0.02849
456.00000 85.89606 0.04486 73.44469 0.06750
457.00000 83.86881 0.03571 73.22061 0.06080
458.00000 84.25436 0.04919 72.94484 0.06563
459.00000 84.50242 0.02425 71.37657 0.03887
460.00000 84.75635 0.04010 71.35641 0.07181
461.00000 86.21724 0.09574 71.67492 0.03919
462.00000 85.47962 0.07877 71.92108 0.04720
463.00000 86.44963 0.07277 72.97599 0.03714
464.00000 86.28890 0.02821 72.54528 0.02666
465.00000 85.67261 0.04689 73.20622 0.05887
466.00000 85.70493 0.06558 73.14648 0.03533
467.00000 84.89689 0.08443 72.22920 0.07214
468.00000 84.29403 0.05920 72.67417 0.04288
469.00000 82.61270 0.03761 71.99373 0.08167
470.00000 81.94133 0.07111 71.50945 0.05143
471.00000 81.85143 0.05764 70.38433 0.05745
472.00000 81.78768 0.05500 69.31315 0.05246
473.00000 81.77895 0.06268 69.40668 0.04832
474.00000 82.80847 0.05065 69.17946 0.06887
475.00000 83.13596 0.04892 69.51163 0.07166
476.00000 82.62825 0.05637 69.95278 0.06132
477.00000 82.95698 0.05767 70.51607 0.07462
478.00000 82.52333 0.05843 69.92908 0.05010
479.00000 83.35681 0.05092 70.19995 0.05297
480.00000 82.99218 0.06588 69.85780 0.05627
481.00000 83.48171 0.07205 70.72687 0.04681
482.00000 84.29363 0.05670 70.22249 0.02275
483.00000 84.54194 0.04037 70.74412 0.05463
484.00000 83.40307 0.05052 71.31976 0.04390
730.00000 91.70052 0.08805 78.02615 0.06971
731.00000 91.57202 0.05568 77.98844 0.04954
732.00000 91.54913 0.02633 77.31094 0.05871
733.00000 92.62069 0.03567 77.64006 0.02077
734.00000 92.37186 0.02447 77.64880 0.04075
735.00000 92.29123 0.02932 78.26368 0.05245
736.00000 91.96467 0.05875 78.00209 0.07105
737.00000 91.88200 0.07515 78.13369 0.06033
738.00000 90.84852 0.06412 78.04483 0.06751
739.00000 92.06851 0.04209 77.84277 0.04070
740.00000 91.75258 0.04718 76.81146 0.02007
741.00000 91.49128 0.03253 77.73106 0.05527
742.00000 91.09527 0.03492 77.66369 0.05702
743.00000 90.80553 0.05280 77.45100 0.05117
744.00000 92.30466 0.04046 77.37897 0.07731
745.00000 92.58152 0.06560 76.94112 0.03971
746.00000 92.89121 0.05461 78.12782 0.04686
747.00000 93.82032 0.07346 78.44613 0.02138
748.00000 93.86970 0.05653 78.73080 0.04315
749.00000 94.08995 0.05170 79.20697 0.04089
750.00000 96.78972 0.07059 79.36825 0.07151
751.00000 97.45675 0.02700 79.54437 0.06830
752.00000 97.94074 0.04920 81.64456 0.04253
753.00000 98.64706 0.05220 82.27240 0.04183
754.00000 98.93481 0.10134 83.31540 0.06037
755.00000 98.34757 0.04245 83.38110 0.04179
756.00000 98.22969 0.06601 83.85973 0.05821
757.00000 96.79649 0.05985 83.37773 0.03985
758.00000 96.24274 0.05021 83.28580 0.04758
759.00000 96.04009 0.06602 82.10684 0.04948
760.00000 95.51480 0.04598 81.47426 0.04323
761.00000 95.65727 0.05675 81.67051 0.04409
762.00000 96.04392 0.07198 80.71896 0.05931
763.00000 95.88402 0.02500 80.78535 0.04805
764.00000 96.14867 0.04219 81.32044 0.06307
765.00000 96.48484 0.06009 81.47605 0.05659
766.00000 97.84126 0.05740 81.73805 0.02962
767.00000 97.75247 0.07699 81.70275 0.03872
768.00000 96.98139 0.05828 82.73222 0.07802
769.00000 95.94788 0.08053 82.71269 0.07379
770.00000 95.22320 0.04784 82.02567 0.04843
771.00000 96.03590 0.05542 81.52304 0.05044
772.00000 95.49034 0.06698 80.67535 0.06388
773.00000 96.97115 0.05576 81.32275 0.06034
774.00000 96.82846 0.03160 81.20823 0.04394
775.00000 97.23305 0.04800 82.13810 0.07789
776.00000 97.09322 0.03755 82.24796 0.07801
777.00000 95.99818 0.03266 82.46575 0.06154
778.00000 96.75026 0.05563 82.31242 0.02357
779.00000 96.46357 0.04047 81.54455 0.07510
780.00000 97.39107 0.07222 82.19416 0.02925
781.00000 96.42971 0.05285 81.92189 0.06086
782.00000 95.89052 0.04916 82.50000 0.06168
783.00000 94.79454 0.05833 81.73686 0.04635
784.00000 94.14468 0.04979 81.27352 0.06077
785.00000 95.14082 0.05181 80.54961 0.05353
786.00000 93.75461 0.03916 79.92324 0.05688
787.00000 93.08409 0.04548 80.52142 0.05681
788.00000 92.83875 0.06654 79.38216 0.05457
789.00000 94.04925 0.05454 78.61949 0.04772
790.00000 95.60692 0.06879 78.45722 0.05026
791.00000 96.56354 0.04089 79.46525 0.05004
792.00000 95.52057 0.03792 80.84500 0.08295
793.00000 95.91389 0.03251 81.70122 0.04659
794.00000 96.95652 0.05472 81.12808 0.04282
795.00000 96.56122 0.06382 81.26715 0.06915
796.00000 96.29818 0.04733 82.00503 0.06692
797.00000 97.07435 0.04573 81.70102 0.06582
798.00000 98.19847 0.05215 81.82037 0.06521
799.00000 98.80152 0.03567 82.76591 0.04226
800.00000 98.73303 0.03772 83.04359 0.05353
801.00000 99.21847 0.04964 83.80118 0.04974
802.00000 100.60919 0.06204 84.02938 0.05725
803.00000 101.05063 0.07092 84.09908 0.07509
804.00000 101.79018 0.04009 85.17622 0.03814
805.00000 101.47372 0.05944 85.55948 0.04617
806.00000 100.72859 0.04461 85.93442 0.03251
807.00000 100.01963 0.04627 85.67421 0.05311
808.00000 99.82275 0.05663 85.16889 0.06353
809.00000 99.40552 0.04736 84.74722 0.06707
810.00000 99.09764 0.05995 84.50366 0.05588
811.00000 98.72277 0.06338 84.39749 0.05302
812.00000 99.17829 0.04766 83.87460 0.04041
813.00000 99.21504 0.06415 83.72234 0.05601
814.00000 100.80809 0.07294 84.19869 0.06648
815.00000 99.73565 0.05358 83.59234 0.02768
816.00000 99.95378 0.04270 85.19706 0.05221
817.00000 100.14875 0.04060 84.79619 0.05804
818.00000 100.13551 0.06507 84.71056 0.05171
819.00000 99.87701 0.05037 85.08514 0.04940
820.00000 100.12557 0.06269 84.86129 0.04345
821.00000 100.44461 0.03667 84.63057 0.05814
822.00000 100.73122 0.06190 84.80325 0.02171
823.00000 101.14868 0.04701 85.15105 0.03932
824.00000 99.79083 0.05659 85.21600 0.04808
825.00000 98.38281 0.03925 85.95344 0.06242
826.00000 98.54462 0.04527 84.68460 0.06337
827.00000 98.25873 0.07254 83.48904 0.03282
828.00000 98.23748 0.05192 83.37600 0.02965
829.00000 98.73147 0.05385 82.81496 0.05829
830.00000 98.68103 0.03966 83.16943 0.10197
831.00000 99.13635 0.07388 83.65580 0.05493
832.00000 99.92032 0.07696 83.63042 0.07349
833.00000 98.59875 0.05298 83.83176 0.04566
834.00000 98.51890 0.05891 84.57185 0.05970
835.00000 97.95508 0.04830 83.57689 0.06194
836.00000 97.36263 0.03730 83.20010 0.07386
837.00000 96.23538 0.07564 82.98060 0.05044
838.00000 95.30628 0.00031 82.35919 0.03055
839.00000 96.27950 0.08430 81.64506 0.05244
840.00000 97.47548 0.06203 80.93771 0.01995
841.00000 97.56782 0.05851 81.72431 0.03461
842.00000 98.11157 0.05838 82.54459 0.03583
843.00000 98.93348 0.06041 82.67649 0.01734
844.00000 98.70257 0.06249 83.23572 0.02038
845.00000 98.49344 0.03510 83.62902 0.06919
846.00000 97.36008 0.07677 83.61881 0.06638
847.00000 97.53318 0.07918 83.57323 0.07836
848.00000 98.09949 0.04901 82.70204 0.05437
849.00000 97.49274 0.05491 82.97025 0.05738
1095.00000 96.90025 0.07131 82.06803 0.07602
1096.00000 96.60820 0.05129 82.22137 0.02319
1097.00000 96.61488 0.04478 82.15599 0.03807
1098.00000 96.52932 0.06357 82.17607 0.03485
1099.00000 96.61715 0.05088 81.95427 0.07040
1100.00000 96.74992 0.05984 81.40781 0.03737
1101.00000 96.00839 0.00228 81.94784 0.02685
1102.00000 95.20678 0.03857 81.98551 0.09706
1103.00000 95.90855 0.04597 81.38392 0.08477
1104.00000 95.80005 0.04422 80.67733 0.05971
1105.00000 95.69705 0.05299 81.01879 0.04873
1106.00000 94.65127 0.06699 81.19200 0.05870
1107.00000 92.66482 0.06232 81.05241 0.04912
1108.00000 92.44281 0.07079 80.23390 0.04891
1109.00000 93.45709 0.05299 78.56788 0.02923
1110.00000 93.90857 0.05935 78.41812 0.08422
1111.00000 94.31937 0.05532 79.02440 0.05793
1112.00000 95.52199 0.07664 79.69251 0.04491
1113.00000 96.32370 0.05076 79.77860 0.03265
1114.00000 95.39077 0.06582 81.02724 0.05180
1115.00000 95.51743 0.05933 81.67509 0.04572
1116.00000 95.87957 0.02488 80.72049 0.06276
1117.00000 95.78338 0.06266 80.80392 0.05207
1118.00000 96.39586 0.05168 81.76293 0.02014
1119.00000 95.96855 0.09748 80.97814 0.06232
1120.00000 95.76378 0.08468 81.59220 0.05586
1121.00000 95.87446 0.03706 81.27550 0.04446
1122.00000 95.12828 0.04219 81.17113 0.03618
1123.00000 96.39170 0.03583 80.91492 0.04737
1124.00000 95.92206 0.03187 80.64310 0.04736
1125.00000 95.67953 0.05206 81.65753 0.02304
1126.00000 96.18882 0.06704 81.37845 0.05353
1127.00000 95.69077 0.05822 81.36099 0.06285
1128.00000 96.20088 0.06476 81.42176 0.06681
1129.00000 95.91859 0.05176 80.98608 0.06719
1130.00000 95.77811 0.04775 81.42420 0.03386
1131.00000 94.80840 0.03797 81.08847 0.07950
1132.00000 96.28300 0.03522 80.87490 0.06538
1133.00000 95.74073 0.05195 80.55548 0.03016
1134.00000 96.22855 0.03733 81.47503 0.06681
1135.00000 94.52858 0.03666 81.09029 0.06884
1136.00000 95.81635 0.05308 81.60518 0.05542
1137.00000 95.30628 0.01833 80.38031 0.06781
1138.00000 96.09736 0.03731 81.04992 0.05235
1139.00000 95.57259 0.07608 80.65528 0.02907
1140.00000 95.69034 0.06640 81.42275 0.06534
1141.00000 96.98847 0.03852 80.92505 0.06583
1142.00000 96.92354 0.04722 81.04504 0.04589
1143.00000 97.73744 0.05071 82.29320 0.05519
1144.00000 99.20834 0.03277 82.18296 0.06238
1145.00000 99.76635 0.04902 82.68843 0.05667
1146.00000 101.17745 0.05616 84.05423 0.06388
1147.00000 101.96360 0.06011 83.99017 0.07908
1148.00000 101.98991 0.03999 85.41124 0.00906
1149.00000 100.89918 0.04988 86.22814 0.06346
1150.00000 99.61766 0.05057 86.15706 0.04514
1151.00000 98.80385 0.03243 85.69321 0.04682
1152.00000 99.08061 0.07515 84.27822 0.03312
1153.00000 98.88639 0.03009 83.51046 0.03807
1154.00000 98.97818 0.08327 84.08525 0.04427
1155.00000 98.97402 0.03952 83.70550 0.05806
1156.00000 97.96870 0.06696 83.93622 0.06802
1157.00000 99.01795 0.03654 84.16832 0.05889
1158.00000 98.91769 0.04064 82.67702 0.03933
1159.00000 98.91443 0.05071 83.67999 0.04609
1160.00000 99.91732 0.03090 83.62590 0.03802
1161.00000 99.63117 0.02439 84.25387 0.06251
1162.00000 100.71441 0.08226 85.15532 0.04629
1163.00000 99.11850 0.05880 84.00995 0.04225
1164.00000 99.78481 0.04969 85.34280 0.07669
1165.00000 100.42061 0.09101 83.74909 0.05621
1166.00000 100.31915 0.04543 84.63445 0.03145
1167.00000 100.17895 0.04703 85.05798 0.04422
1168.00000 100.17124 0.04319 85.01231 0.06966
1169.00000 101.05632 0.02560 84.96630 0.03128
1170.00000 102.64321 0.05709 84.99802 0.04162
1171.00000 102.97679 0.05811 85.57554 0.05468
1172.00000 103.70377 0.05263 87.08774 0.06244
1173.00000 101.74268 0.06035 87.43347 0.06872
1174.00000 101.28215 0.05184 87.45225 0.05977
1175.00000 101.70526 0.03263 86.46556 0.04836
1176.00000 101.30850 0.06968 86.01059 0.06369
1177.00000 100.82163 0.06264 86.37296 0.02668
1178.00000 101.19953 0.08360 85.69208 0.05846
1179.00000 101.06162 0.04648 85.25603 0.03977
1180.00000 100.28033 0.02816 85.53567 0.06305
1181.00000 98.67800 0.08355 85.48437 0.08003
1182.00000 99.01391 0.06020 85.18907 0.03710
1183.00000 98.49727 0.03342 83.87517 0.03941
1184.00000 99.48311 0.06090 83.81023 0.03913
1185.00000 99.45844 0.05811 83.77138 0.06381
1186.00000 98.98089 0.05935 84.45106 0.04148
1187.00000 98.92991 0.04049 84.04431 0.04572
1188.00000 98.42538 0.03783 83.64225 0.05478
1189.00000 98.75474 0.04723 83.36037 0.04518
1190.00000 99.59467 0.06597 83.59753 0.07276
1191.00000 99.96055 0.04370 83.52719 0.05089
1192.00000 99.93927 0.05271 84.31877 0.06873
1193.00000 100.44559 0.02135 84.84466 0.02438
1194.00000 101.64037 0.04127 84.35606 0.03920
1195.00000 101.29240 0.05313 84.78885 0.00585
1196.00000 102.08615 0.06556 86.12698 0.07806
1197.00000 100.44895 0.04720 86.12099 0.06069
1198.00000 100.62854 0.05202 86.39018 0.04762
1199.00000 100.97857 0.04807 85.34397 0.04218
1200.00000 101.11139 0.03925 85.04319 0.07318
1201.00000 100.72002 0.05755 85.50921 0.00910
1202.00000 100.45015 0.03108 85.74764 0.06437
1203.00000 101.08427 0.06431 85.47823 0.07022
1204.00000 101.26375 0.01619 84.74611 0.05734
1205.00000 101.98771 0.04533 85.55103 0.04516
1206.00000 101.14724 0.05224 85.58377 0.04818
1207.00000 101.01667 0.05885 86.14296 0.04425
1208.00000 101.31865 0.04410 85.74766 0.02323
1209.00000 102.50645 0.02463 86.02728 0.05124
1210.00000 103.05293 0.06491 85.75716 0.04197
1211.00000 102.31210 0.04550 86.74587 0.05888
1212.00000 102.30818 0.06554 87.06836 0.04842
1213.00000 103.52663 0.05988 86.74187 0.05850
1214.00000 103.44841 0.04920 86.81361 0.05046
1460.00000 91.93833 0.08668 76.52744 0.04004
1461.00000 92.48174 0.05810 77.05152 0.05859
1462.00000 91.45254 0.03803 77.52671 0.05305
1463.00000 91.46607 0.09900 78.32363 0.06750
1464.00000 89.86151 0.04248 77.31582 0.03059
1465.00000 89.29549 0.01762 77.55910 0.04536
1466.00000 88.89945 0.03146 76.15644 0.08001
1467.00000 87.13859 0.04079 75.64737 0.04399
1468.00000 88.33805 0.03666 75.36591 0.04007
1469.00000 89.47090 0.06183 73.81995 0.06087
1470.00000 90.24412 0.06905 74.67498 0.07229
1471.00000 90.07235 0.06123 75.60895 0.04543
1472.00000 90.35461 0.04239 76.45265 0.03912
1473.00000 90.28842 0.04548 76.24984 0.04340
1474.00000 89.69839 0.04503 76.55207 0.03808
1475.00000 90.14275 0.05553 76.62960 0.03553
1476.00000 88.81834 0.04362 75.96723 0.07042
1477.00000 88.93879 0.03595 75.74313 0.06726
1478.00000 89.53425 0.04696 75.34370 0.04819
1479.00000 90.08998 0.05202 75.42374 0.01984
1480.00000 89.45017 0.04457 75.63506 0.03801
1481.00000 88.27429 0.04653 76.12161 0.02232
1482.00000 88.62476 0.05930 75.65130 0.06713
1483.00000 88.64863 0.04370 74.90714 0.06186
1484.00000 88.09884 0.03958 75.23204 0.02235
1485.00000 89.65977 0.05805 75.13599 0.03496
1486.00000 89.32032 0.05949 74.63194 0.05356
1487.00000 90.19061 0.06072 75.78199 0.07398
1488.00000 90.36198 0.05941 75.88714 0.08066
1489.00000 89.99435 0.04583 76.40669 0.04893
1490.00000 90.18474 0.04906 76.48784 0.08331
1491.00000 90.55768 0.06444 76.13785 0.07388
1492.00000 90.49054 0.02715 76.56110 0.06943
1493.00000 90.09613 0.07035 76.72804 0.05368
1494.00000 90.82409 0.04190 76.54085 0.05637
1495.00000 91.36794 0.05773 76.41863 0.03599
1496.00000 91.44722 0.07561 77.26761 0.05306
1497.00000 91.53323 0.05000 77.36208 0.04734
1498.00000 91.95185 0.05922 77.23725 0.07846
1499.00000 92.19624 0.03937 77.55311 0.05911
1500.00000 91.08804 0.05855 77.73998 0.07874
1501.00000 91.17198 0.01919 77.78081 0.06949
1502.00000 90.49510 0.05530 77.36756 0.04944
1503.00000 90.73827 0.03631 77.35032 0.06608
1504.00000 91.17667 0.08968 76.80115 0.04605
1505.00000 92.15869 0.07178 77.04074 0.05472
1506.00000 92.54480 0.03566 77.30145 0.04354
1507.00000 93.16461 0.03653 78.06837 0.05547
1508.00000 92.84396 0.04655 78.50357 0.03172
1509.00000 92.15754 0.07177 78.63927 0.03444
1510.00000 92.91356 0.03205 78.61346 0.07393
1511.00000 92.50424 0.06907 78.33210 0.04356
1512.00000 93.16232 0.04689 78.58201 0.06158
1513.00000 93.61276 0.04072 78.28367 0.07321
1514.00000 94.33062 0.04793 78.86421 0.05412
1515.00000 93.33712 0.06827 79.08172 0.06593
1516.00000 93.05784 0.03969 79.99612 0.05444
1517.00000 92.84881 0.03522 79.14963 0.08069
1518.00000 93.50583 0.05562 78.94577 0.05565
1519.00000 92.90605 0.07348 78.95460 0.03517
1520.00000 92.43204 0.07240 79.39406 0.04901
1521.00000 91.96521 0.08310 78.58559 0.02581
1522.00000 92.83784 0.03969 78.51377 0.07091
1523.00000 92.21477 0.09425 77.80767 0.06012
1524.00000 91.49567 0.05536 78.62249 0.04304
1525.00000 90.87347 0.05438 78.03963 0.07034
1526.00000 91.57641 0.03870 77.51438 0.07247
1527.00000 91.62434 0.03427 76.89038 0.06746
1528.00000 92.22119 0.02700 77.63597 0.04620
1529.00000 92.12296 0.03106 77.65445 0.05607
1530.00000 92.55876 0.04740 78.15708 0.03737
1531.00000 94.55466 0.03800 78.16610 0.05232
1532.00000 94.68061 0.06364 78.13767 0.06253
1533.00000 94.84494 0.06947 80.14990 0.08789
1534.00000 94.11651 0.03021 80.12984 0.05368
1535.00000 93.90334 0.06393 80.53591 0.06291
1536.00000 94.09645 0.08326 79.61407 0.06958
1537.00000 93.82698 0.03537 79.74824 0.05081
1538.00000 92.56082 0.04944 79.79072 0.07279
1539.00000 92.85650 0.03798 79.61075 0.06352
1540.00000 93.01949 0.06646 78.41355 0.03761
1541.00000 93.07994 0.04416 78.59145 0.04396
1542.00000 92.57172 0.03228 78.86426 0.05134
1543.00000 91.95503 0.03477 78.94011 0.04237
1544.00000 91.89124 0.06701 78.52307 0.04267
1545.00000 93.53870 0.08090 78.12561 0.04571
1546.00000 94.49146 0.06490 77.57617 0.07504
1547.00000 94.81602 0.05109 78.93941 0.06705
1548.00000 94.79379 0.08929 79.78126 0.05118
1549.00000 95.12481 0.07531 79.88964 0.05254
1550.00000 95.94014 0.06996 80.38499 0.01758
1551.00000 95.37615 0.05100 80.44540 0.07869
1552.00000 96.07394 0.06495 80.57307 0.07566
1553.00000 95.11461 0.06261 80.62888 0.03565
1554.00000 94.96631 0.06871 81.14411 0.07366
1555.00000 95.26607 0.05673 80.59883 0.06235
1556.00000 94.99891 0.06339 80.60600 0.05057
1557.00000 94.86768 0.03549 80.82250 0.05230
1558.00000 95.82221 0.07423 80.44111 0.04099
1559.00000 94.22863 0.03886 80.28832 0.07551
1560.00000 95.38318 0.03155 81.14468 0.03648
1561.00000 94.94379 0.06006 79.89839 0.02988
1562.00000 94.82305 0.05635 80.82785 0.05204
1563.00000 93.51973 0.07384 80.65319 0.05434
1564.00000 93.05075 0.06450 80.07819 0.06031
1565.00000 92.88923 0.06350 79.46321 0.07144
1566.00000 92.10610 0.04896 78.99556 0.03700
1567.00000 93.38012 0.06774 78.82739 0.05008
1568.00000 92.89289 0.03492 77.91551 0.07301
1569.00000 92.76888 0.07333 79.11779 0.04360
1570.00000 91.97762 0.07929 79.03640 0.03906
1571.00000 91.81928 0.07054 78.74842 0.07192
1572.00000 91.38554 0.04892 77.92267 0.04259
1573.00000 90.38361 0.07086 77.89512 0.06712
1574.00000 91.23379 0.06415 77.40417 0.04399
1575.00000 91.77353 0.05995 76.64452 0.04031
1576.00000 93.01259 0.05693 77.30740 0.05168
1577.00000 91.70761 0.05207 77.54999 0.08960
1578.00000 91.26338 0.03705 78.81406 0.03131
1579.00000 91.66505 0.03964 77.63507 0.05377
1825.00000 89.53739 0.03398 75.27857 0.04156
1826.00000 91.32713 0.04291 76.06576 0.06452
1827.00000 91.00080 0.08455 75.63219 0.04187
1828.00000 90.03443 0.06360 77.24262 0.04838
1829.00000 89.41371 0.04797 77.00779 0.08887
1830.00000 89.48981 0.06856 76.17824 0.05517
1831.00000 90.59302 0.04176 75.44962 0.04159
1832.00000 90.69230 0.04825 75.87056 0.04950
1833.00000 92.61834 0.06208 76.59976 0.03925
1834.00000 93.03011 0.04579 76.59809 0.03287
1835.00000 93.89937 0.03178 78.34868 0.06785
1836.00000 93.98784 0.06739 78.69802 0.05423
1837.00000 93.71625 0.03814 79.46992 0.05474
1838.00000 93.68699 0.06263 79.48738 0.04701
1839.00000 94.08548 0.04667 78.99878 0.07905
1840.00000 94.13192 0.04414 79.31632 0.06116
1841.00000 93.83689 0.07261 79.60991 0.04521
1842.00000 94.53093 0.03911 79.58636 0.06320
1843.00000 94.44592 0.03833 79.62185 0.02529
1844.00000 95.06622 0.04330 79.95753 0.06306
1845.00000 96.16486 0.05596 79.88597 0.06673
1846.00000 97.60369 0.05097 80.43595 0.03182
1847.00000 96.66005 0.03299 81.26393 0.05764
1848.00000 97.60331 0.04010 82.78767 0.03610
1849.00000 98.37223 0.05101 81.93192 0.05036
1850.00000 96.88020 0.06998 82.77679 0.04298
1851.00000 96.70564 0.03330 83.71983 0.06558
1852.00000 96.90098 0.08374 82.16630 0.07088
1853.00000 95.62753 0.06082 81.74480 0.06227
1854.00000 97.05123 0.06867 82.13417 0.05020
1855.00000 97.15508 0.04403 80.83998 0.03725
1856.00000 96.86277 0.02315 81.91949 0.05632
1857.00000 96.63787 0.04323 82.50861 0.06295
1858.00000 95.96346 0.06278 81.93231 0.04203
1859.00000 95.86835 0.02424 81.86633 0.07412
1860.00000 96.23078 0.04647 81.46587 0.03989
1861.00000 96.03427 0.06440 81.24436 0.04514
1862.00000 97.01913 0.01252 81.17192 0.03818
1863.00000 96.28988 0.07910 81.54411 0.03165
1864.00000 95.57461 0.06175 82.32933 0.06153
1865.00000 96.63386 0.03093 81.85460 0.04061
1866.00000 95.89250 0.01200 80.83750 0.03109
1867.00000 96.24077 0.06791 81.79681 0.05938
1868.00000 96.65893 0.05913 81.33004 0.08020
1869.00000 95.43705 0.07655 81.77987 0.04946
1870.00000 93.26318 0.04774 81.80628 0.06449
1871.00000 93.73347 0.05954 80.86456 0.02412
1872.00000 92.04405 0.03595 79.29747 0.06100
1873.00000 91.55884 0.04294 79.28951 0.03049
1874.00000 89.88572 0.03030 78.29761 0.04476
1875.00000 90.01287 0.04057 77.59870 0.05639
1876.00000 90.37222 0.05001 76.14911 0.03452
1877.00000 89.23510 0.05120 76.30600 0.09113
1878.00000 89.03015 0.05273 76.57325 0.04435
1879.00000 88.72584 0.03369 75.65435 0.05677
1880.00000 88.19754 0.03281 75.45324 0.07461
1881.00000 87.90448 0.04169 75.10302 0.01958
1882.00000 87.42467 0.08017 74.70637 0.07982
1883.00000 86.74282 0.04560 74.36049 0.04622
1884.00000 87.51464 0.06402 74.02251 0.07174
1885.00000 87.16561 0.05728 73.43822 0.03536
1886.00000 86.81905 0.04546 74.31618 0.04137
1887.00000 86.71319 0.06038 73.69714 0.06669
1888.00000 87.41671 0.06952 74.05372 0.05366
1889.00000 87.14019 0.06999 73.35743 0.05949
1890.00000 87.82215 0.07305 73.83337 0.06495
1891.00000 89.01403 0.03265 73.82922 0.05678
1892.00000 88.44364 0.03824 74.39152 0.06173
1893.00000 88.79842 0.06336 75.16933 0.05109
1894.00000 89.21179 0.04706 74.62147 0.04272
1895.00000 88.94692 0.06852 75.15918 0.06274
1896.00000 89.31180 0.03623 74.95901 0.05896
1897.00000 89.04386 0.09008 75.57112 0.04867
1898.00000 87.42457 0.06949 75.66927 0.05712
1899.00000 87.47604 0.09059 75.52684 0.05746
1900.00000 87.17776 0.04406 74.23016 0.05025
1901.00000 88.03550 0.06657 73.97191 0.06838
1902.00000 88.44709 0.05354 73.89817 0.04412
1903.00000 88.43056 0.05587 74.34696 0.04937
1904.00000 88.02867 0.02766 75.11943 0.04482
1905.00000 88.31613 0.05088 75.24809 0.07346
1906.00000 89.70230 0.06458 74.66719 0.04779
1907.00000 90.21752 0.06930 74.85711 0.05832
1908.00000 89.51787 0.03642 75.94440 0.03696
1909.00000 89.67502 0.04461 76.09821 0.06828
1910.00000 89.79036 0.06914 75.90862 0.03354
1911.00000 90.40834 0.06580 76.00365 0.02045
1912.00000 90.43272 0.08369 75.97714 0.05468
1913.00000 90.90654 0.04999 76.57836 0.08004
1914.00000 90.53130 0.05231 76.12758 0.04418
1915.00000 90.52033 0.03322 76.75212 0.06075
1916.00000 90.09917 0.04291 76.78396 0.06416
1917.00000 90.47186 0.06354 76.63876 0.06417
1918.00000 91.35648 0.06343 76.29773 0.02748
1919.00000 92.37959 0.06833 76.78739 0.07095
1920.00000 91.89211 0.05344 77.33201 0.05748
1921.00000 92.95276 0.07518 77.94813 0.06458
1922.00000 94.18620 0.05883 77.77860 0.05715
1923.00000 94.30792 0.01852 78.31581 0.04515
1924.00000 96.36355 0.05750 79.99428 0.02557
1925.00000 97.06204 0.04435 80.13791 0.05461
1926.00000 98.11601 0.05368 81.17283 0.06384
1927.00000 97.89848 0.06729 82.23939 0.05315
1928.00000 98.39661 0.05477 83.20500 0.05691
1929.00000 97.07094 0.06375 82.94273 0.06855
1930.00000 95.94717 0.03179 83.20539 0.08227
1931.00000 97.06395 0.04631 82.19774 0.02204
1932.00000 97.02921 0.03035 81.27225 0.06235
1933.00000 97.09151 0.03417 82.26838 0.03612
1934.00000 96.16915 0.03578 82.23333 0.04015
1935.00000 96.07286 0.06828 82.34944 0.08666
1936.00000 96.57404 0.06360 81.60653 0.02943
1937.00000 96.09834 0.05735 81.43587 0.06343
1938.00000 95.27495 0.04221 81.87936 0.07703
1939.00000 96.43118 0.06775 81.49407 0.06291
1940.00000 96.29307 0.06888 80.69607 0.05935
1941.00000 96.02683 0.07746 81.50104 0.05529
1942.00000 96.79069 0.02865 81.77342 0.06317
1943.00000 96.12108 0.03792 81.50858 0.04047
1944.00000 96.93996 0.06489 81.88498 0.08286
2190.00000 90.85854 0.05432 76.52922 0.07007
2191.00000 91.55833 0.01657 77.14609 0.04568
2192.00000 92.10316 0.03360 76.83960 0.09543
2193.00000 91.99777 0.05217 77.54778 0.05442
2194.00000 91.34225 0.05938 78.01305 0.04038
2195.00000 92.40481 0.07827 77.97971 0.06401
2196.00000 92.00207 0.05204 77.64694 0.05695
2197.00000 91.87997 0.06598 78.22499 0.04629
2198.00000 91.39870 0.06720 77.82562 0.05128
2199.00000 90.86985 0.05180 77.58190 0.06376
2200.00000 90.69644 0.00960 77.50675 0.02174
2201.00000 89.99414 0.04192 77.11234 0.05980
2202.00000 90.61898 0.06085 76.75335 0.06411
2203.00000 90.47530 0.04244 76.23834 0.03164
2204.00000 92.33917 0.07714 76.55899 0.04029
2205.00000 91.81313 0.03674 76.71931 0.05805
2206.00000 93.10879 0.06098 77.95576 0.08126
2207.00000 94.00955 0.07979 77.69818 0.04982
2208.00000 93.81293 0.07398 79.04995 0.06057
2209.00000 94.94194 0.07659 79.11534 0.02711
2210.00000 95.67641 0.07075 79.68008 0.04758
2211.00000 95.27009 0.03766 80.62713 0.06633
2212.00000 95.01944 0.06151 80.94239 0.06470
2213.00000 95.00554 0.09704 80.85229 0.04237
2214.00000 94.94100 0.03958 80.21943 0.04835
2215.00000 93.62953 0.08561 80.44010 0.04855
2216.00000 93.75155 0.05654 80.38518 0.05354
2217.00000 93.53124 0.04901 79.44276 0.06211
2218.00000 93.82093 0.07282 79.29344 0.06536
2219.00000 92.66089 0.05876 79.21612 0.02328
2220.00000 92.10690 0.03637 79.52848 0.03368
2221.00000 92.83235 0.07526 78.72277 0.05795
2222.00000 92.43697 0.04429 77.95240 0.04731
2223.00000 91.95441 0.04406 78.34400 0.03644
2224.00000 92.31406 0.06417 78.14749 0.10113
2225.00000 92.04912 0.04977 77.84124 0.06121
2226.00000 92.40519 0.04463 77.97352 0.05609
2227.00000 92.55971 0.02999 77.91128 0.04191
2228.00000 92.10959 0.06236 78.21211 0.05188
2229.00000 93.31896 0.03282 78.29712 0.06121
2230.00000 93.24919 0.08503 78.22585 0.03506
2231.00000 93.40058 0.07481 78.94044 0.03811
2232.00000 93.53533 0.04042 79.10408 0.06437
2233.00000 94.96596 0.03037 79.38058 0.04286
2234.00000 94.37054 0.04037 79.46365 0.05720
2235.00000 92.77273 0.05800 80.11218 0.06014
2236.00000 92.10517 0.02848 80.09806 0.10663
2237.00000 92.34423 0.06106 78.49265 0.04294
2238.00000 90.78518 0.03647 78.11868 0.05793
2239.00000 91.53949 0.07277 78.10102 0.05103
2240.00000 91.44795 0.05321 77.21342 0.06638
2241.00000 92.00650 0.06343 77.32106 0.03230
2242.00000 91.46990 0.06791 77.45468 0.06095
2243.00000 91.76978 0.05035 78.07690 0.07376
2244.00000 92.66926 0.03879 77.55142 0.05206
2245.00000 93.18204 0.05593 77.62114 0.08321
2246.00000 93.44305 0.08480 78.57101 0.07224
2247.00000 92.86577 0.05672 78.91033 0.05281
2248.00000 90.70067 0.03541 79.21170 0.01893
2249.00000 91.54400 0.05567 78.76689 0.05225
2250.00000 91.91679 0.06256 77.05885 0.07440
2251.00000 93.00671 0.04953 77.19811 0.03740
2252.00000 93.23753 0.07298 77.79340 0.06053
2253.00000 92.67342 0.04937 78.80118 0.05095
2254.00000 92.76028 0.05454 79.07708 0.02821
2255.00000 91.79385 0.04946 78.61651 0.05018
2256.00000 92.25259 0.04515 78.54986 0.06541
2257.00000 92.71580 0.06571 77.57832 0.04766
2258.00000 91.20114 0.08006 77.83285 0.06799
2259.00000 91.51020 0.07282 78.62266 0.08585
2260.00000 90.61693 0.05021 77.28014 0.04011
2261.00000 91.12067 0.03132 77.45339 0.05198
2262.00000 90.85501 0.05644 76.78864 0.04418
2263.00000 90.70965 0.07486 77.03019 0.06289
2264.00000 91.98638 0.06838 76.68567 0.04829
2265.00000 91.77465 0.04593 76.71382 0.07502
2266.00000 90.69614 0.04093 77.85849 0.07860
2267.00000 90.79758 0.04830 77.86606 0.06083
2268.00000 92.00503 0.08266 76.72519 0.05466
2269.00000 93.12753 0.06501 76.57326 0.05830
2270.00000 92.23694 0.08338 77.60166 0.04342
2271.00000 92.28507 0.04075 78.69644 0.05507
2272.00000 91.20356 0.08117 78.58948 0.05996
2273.00000 90.41615 0.04522 78.05344 0.05681
2274.00000 90.92678 0.06172 77.53064 0.04853
2275.00000 92.45833 0.04406 76.32993 0.03345
2276.00000 93.23719 0.07290 76.88113 0.04948
2277.00000 93.73676 0.05989 78.37733 0.04316
2278.00000 94.07220 0.04117 79.08611 0.07222
2279.00000 93.97791 0.03174 79.35683 0.08054
2280.00000 93.20638 0.05651 79.85035 0.01899
2281.00000 95.19543 0.04982 79.97213 0.07477
2282.00000 95.35703 0.07609 78.92066 0.04275
2283.00000 96.00808 0.05754 80.61722 0.04787
2284.00000 95.48859 0.02414 80.32538 0.05691
2285.00000 95.92173 0.07276 81.31630 0.05229
2286.00000 96.12028 0.06059 80.92899 0.07855
2287.00000 96.35938 0.04483 81.37987 0.06994
2288.00000 97.42528 0.04544 81.58825 0.08514
2289.00000 97.55948 0.08095 81.76369 0.07906
2290.00000 96.91861 0.03394 82.57559 0.08924
2291.00000 96.49996 0.06399 82.40673 0.05076
2292.00000 97.16172 0.05787 81.95621 0.06437
2293.00000 96.56088 0.03954 81.68461 0.05834
2294.00000 96.98321 0.05693 82.30100 0.06753
2295.00000 96.56150 0.02784 82.09043 0.05556
2296.00000 96.27725 0.02423 82.26707 0.03897
2297.00000 96.06295 0.05357 81.58778 0.05371
2298.00000 96.84386 0.06956 81.32286 0.07088
2299.00000 97.12713 0.04730 81.67834 0.03534
2300.00000 97.42533 0.02870 82.11250 0.08818
2301.00000 98.19406 0.05808 82.02338 0.06204
2302.00000 99.23381 0.02509 82.66549 0.06563
2303.00000 99.19064 0.03334 82.95350 0.06403
2304.00000 99.92027 0.03699 84.08383 0.07310
2305.00000 99.69755 0.08070 84.10414 0.05427
2306.00000 99.56053 0.08099 84.73748 0.04563
2307.00000 99.52470 0.03354 84.49666 0.03192
2308.00000 100.09855 0.08562 83.96613 0.06701
2309.00000 100.87128 0.06614 84.57644 0.05338
2555.00000 100.06348 0.02946 85.46908 0.07977
2556.00000 100.37084 0.03310 84.93338 0.07700
2557.00000 99.61862 0.03156 84.46675 0.03866
2558.00000 99.45901 0.06270 84.95221 0.05037
2559.00000 98.04220 0.05432 84.18708 0.07374
2560.00000 99.05723 0.04045 84.14459 0.04650
2561.00000 99.99163 0.04968 83.10987 0.03192
2562.00000 100.13658 0.06686 84.18578 0.07423
2563.00000 100.47781 0.03188 84.83864 0.06772
2564.00000 99.65659 0.05029 84.63194 0.08396
2565.00000 99.18222 0.03979 85.31109 0.05951
2566.00000 101.24727 0.02774 84.67823 0.04718
2567.00000 101.39909 0.05184 83.96682 0.03379
2568.00000 100.43353 0.02602 85.45875 0.05532
2569.00000 99.25998 0.03857 85.61100 0.06398
2570.00000 99.85192 0.05952 85.08715 0.03197
2571.00000 99.88440 0.05768 84.62960 0.05395
2572.00000 99.10725 0.05726 84.27811 0.05783
2573.00000 99.08863 0.06497 84.66616 0.05616
2574.00000 99.65510 0.04658 84.13589 0.06059
2575.00000 98.53047 0.03406 83.92743 0.06887
2576.00000 98.98549 0.06599 84.24821 0.05075
2577.00000 98.12546 0.03839 83.53963 0.03651
2578.00000 97.51965 0.07869 83.71644 0.05430
2579.00000 96.09905 0.04553 83.14964 0.07709
2580.00000 96.87613 0.06308 82.75209 0.06663
2581.00000 96.50597 0.06087 81.44471 0.05409
2582.00000 96.55778 0.05346 82.16262 0.05068
2583.00000 96.30206 0.05987 81.68369 0.03909
2584.00000 97.42081 0.07660 81.74685 0.05452
2585.00000 96.63402 0.05025 81.50140 0.07585
2586.00000 96.04692 0.05707 82.44192 0.07488
2587.00000 96.58890 0.04815 81.99449 0.05888
2588.00000 96.76821 0.07048 81.81617 0.05275
2589.00000 96.10234 0.05088 81.71276 0.02316
2590.00000 95.42083 0.03186 82.13448 0.03510
2591.00000 95.05680 0.04280 81.28912 0.04243
2592.00000 94.20986 0.05294 80.99619 0.04982
2593.00000 94.77229 0.05489 80.81218 0.05823
2594.00000 95.76895 0.07421 79.69480 0.04894
2595.00000 94.96626 0.05030 80.02711 0.05189
2596.00000 94.97441 0.04390 81.15671 0.07690
2597.00000 95.18091 0.07049 80.37473 0.02835
2598.00000 94.45270 0.06422 80.37314 0.02170
2599.00000 92.93402 0.02495 80.59170 0.06194
2600.00000 93.47042 0.03610 79.85026 0.07624
2601.00000 91.78687 0.03015 78.80221 0.04785
2602.00000 92.49799 0.08195 79.16344 0.03122
2603.00000 93.59473 0.04321 77.89694 0.02056
2604.00000 92.27894 0.07849 78.16749 0.06456
2605.00000 93.24858 0.07065 79.09311 0.07351
2606.00000 93.75216 0.04450 78.06060 0.05201
2607.00000 94.79150 0.05722 78.90844 0.02129
2608.00000 94.97550 0.05818 79.65807 0.05834
2609.00000 93.78749 0.06437 80.05339 0.05923
2610.00000 93.73754 0.09217 80.53625 0.04587
2611.00000 93.95901 0.06001 79.23044 0.04188
2612.00000 94.87542 0.01585 79.10817 0.03978
2613.00000 95.80911 0.04847 79.67676 0.04896
2614.00000 94.63869 0.06511 80.47803 0.04747
2615.00000 95.96104 0.03773 81.07460 0.07220
2616.00000 95.70470 0.06858 80.19315 0.04369
2617.00000 96.33304 0.03295 81.00096 0.06168
2618.00000 95.73215 0.05560 80.96501 0.07441
2619.00000 95.20612 0.05519 81.29667 0.04226
2620.00000 95.48282 0.03091 81.28823 0.05576
2621.00000 96.48916 0.05066 80.53612 0.06225
2622.00000 95.73233 0.05120 80.81361 0.07267
2623.00000 95.36449 0.05615 81.78309 0.04792
2624.00000 94.56939 0.04284 81.21162 0.08757
2625.00000 94.51798 0.05517 80.66064 0.05558
2626.00000 92.74030 0.06213 80.27288 0.05117
2627.00000 92.64260 0.03242 80.15154 0.02387
2628.00000 93.24991 0.04178 78.93122 0.03068
2629.00000 92.95868 0.08335 78.45158 0.01106
2630.00000 93.33685 0.03795 78.97288 0.05395
2631.00000 93.33036 0.08034 78.80569 0.05707
2632.00000 93.88024 0.04580 78.82336 0.04895
2633.00000 92.80633 0.03694 79.03886 0.05475
2634.00000 93.37184 0.02257 79.70985 0.02495
2635.00000 92.18160 0.03808 78.48379 0.06508
2636.00000 93.27368 0.06386 78.95985 0.05654
2637.00000 93.67166 0.06805 78.35899 0.03809
2638.00000 94.61682 0.04893 78.89166 0.03392
2639.00000 94.40175 0.07229 79.19774 0.07873
2640.00000 94.02381 0.04575 79.97789 0.03585
2641.00000 94.16236 0.05797 79.75270 0.04323
2642.00000 95.26938 0.05916 79.55639 0.04614
2643.00000 94.56655 0.04445 79.86442 0.02533
2644.00000 95.91393 0.03413 79.96961 0.06366
2645.00000 97.10503 0.07807 80.33228 0.08798
2646.00000 96.84660 0.05294 81.13094 0.08314
2647.00000 95.36329 0.04321 82.23508 0.06651
2648.00000 94.59190 0.05509 82.30817 0.07175
2649.00000 95.52980 0.04620 80.78549 0.03611
2650.00000 94.27358 0.06371 80.01215 0.06834
2651.00000 94.51411 0.05718 80.67120 0.05517
2652.00000 93.98778 0.05445 80.13488 0.07702
2653.00000 92.99509 0.04784 80.27640 0.03455
2654.00000 94.27188 0.03799 79.49738 0.05982
2655.00000 94.84467 0.04325 78.75202 0.06434
2656.00000 95.27887 0.03427 79.98263 0.03543
2657.00000 94.97121 0.03013 80.31063 0.07681
2658.00000 95.28333 0.07150 80.60680 0.06319
2659.00000 94.81940 0.04493 80.57520 0.05144
2660.00000 95.21397 0.03856 80.60362 0.03276
2661.00000 95.05917 0.03868 80.39527 0.06485
2662.00000 95.36911 0.04050 80.35236 0.05305
2663.00000 96.04647 0.05494 80.58779 0.05707
2664.00000 95.80828 0.04886 80.49382 0.05345
2665.00000 96.86946 0.04578 81.33602 0.04305
2666.00000 97.26638 0.06296 81.04538 0.04579
2667.00000 97.33889 0.08111 81.70969 0.04164
2668.00000 98.03293 0.03246 82.40484 0.05567
2669.00000 97.40284 0.06519 82.53265 0.05868
2670.00000 96.99236 0.06872 83.03137 0.04264
2671.00000 97.00874 0.03965 82.64716 0.07569
2672.00000 96.47874 0.05048 82.20781 0.06442
2673.00000 97.37978 0.05136 82.13657 0.02302
2674.00000 96.86331 0.04684 81.75056 0.07139
2920.00000 90.52968 0.02044 76.69531 0.05128
2921.00000 90.33154 0.03754 77.10282 0.03635
2922.00000 88.97639 0.05185 76.67323 0.04726
2923.00000 89.72821 0.03501 76.63652 0.04214
2924.00000 89.97545 0.03922 75.72483 0.02111
2925.00000 89.33230 0.05724 75.97974 0.05219
2926.00000 89.21233 0.05856 76.18479 0.04853
2927.00000 89.91268 0.04261 76.00042 0.03037
2928.00000 90.37857 0.08304 75.69518 0.08159
2929.00000 90.44945 0.09041 75.72781 0.04172
2930.00000 90.39116 0.07854 76.58164 0.03680
2931.00000 90.43753 0.03944 76.70740 0.05782
2932.00000 90.23723 0.09875 76.54969 0.09384
2933.00000 90.25211 0.03885 76.30342 0.07203
2934.00000 90.06382 0.06059 76.47884 0.05827
2935.00000 89.75540 0.07291 76.45816 0.06930
2936.00000 88.45730 0.07680 76.50056 0.07784
2937.00000 88.46320 0.05743 75.95669 0.04368
2938.00000 88.90429 0.06019 75.06217 0.03592
2939.00000 90.11009 0.05251 75.13432 0.07018
2940.00000 89.63015 0.02571 75.27429 0.06041
2941.00000 89.23224 0.05337 76.27858 0.04641
2942.00000 88.26967 0.08001 76.04495 0.04432
2943.00000 88.28351 0.05160 75.78237 0.04279
2944.00000 88.68884 0.04548 74.69032 0.04856
2945.00000 88.86451 0.08367 74.77886 0.04139
2946.00000 89.76388 0.06379 74.87941 0.08832
2947.00000 88.55297 0.05942 75.13901 0.05846
2948.00000 89.13484 0.05150 75.99340 0.07888
2949.00000 89.08264 0.05968 75.30898 0.07652
2950.00000 88.97273 0.05063 75.60294 0.06729
2951.00000 88.81758 0.03067 75.44342 0.01878
2952.00000 88.55672 0.09211 75.62903 0.05270
2953.00000 89.62442 0.05225 74.96508 0.03491
2954.00000 90.30435 0.08502 75.17052 0.07251
2955.00000 91.76495 0.03069 75.80732 0.06706
2956.00000 91.23253 0.05701 76.48187 0.02125
2957.00000 91.06371 0.06345 77.48148 0.04679
2958.00000 91.24077 0.07214 77.15787 0.05198
2959.00000 91.45158 0.06495 77.33062 0.06068
2960.00000 90.72872 0.05011 77.55263 0.03298
2961.00000 90.19185 0.05156 77.30742 0.06443
2962.00000 89.31776 0.06068 77.21105 0.04854
2963.00000 89.51618 0.04050 76.26748 0.04222
2964.00000 91.70270 0.04423 76.16808 0.04300
2965.00000 92.67141 0.03413 75.60107 0.06367
2966.00000 92.95599 0.04497 77.73046 0.07475
2967.00000 93.31963 0.03478 78.70312 0.05194
2968.00000 93.20978 0.04082 78.45448 0.03486
2969.00000 93.92824 0.04761 79.32902 0.05006
2970.00000 93.51294 0.06980 78.88398 0.06057
2971.00000 95.03102 0.02621 79.96273 0.06995
2972.00000 94.61507 0.06543 79.48007 0.04074
2973.00000 94.33463 0.07214 80.32110 0.06126
2974.00000 95.15944 0.04020 79.97713 0.03566
2975.00000 96.42380 0.02418 79.90123 0.03455
2976.00000 96.85068 0.05385 80.59488 0.05545
2977.00000 97.27153 0.05231 81.62172 0.06551
2978.00000 97.87597 0.05849 81.94677 0.07296
2979.00000 99.04389 0.07494 82.54793 0.03968
2980.00000 100.49802 0.05480 82.97861 0.06032
2981.00000 99.49728 0.03261 83.83468 0.04823
2982.00000 99.33498 0.04276 85.02866 0.05689
2983.00000 99.10090 0.06642 84.47658 0.02657
2984.00000 99.81432 0.06071 84.42374 0.03896
2985.00000 99.96755 0.05431 84.06924 0.02895
2986.00000 100.79406 0.07325 84.51632 0.06374
2987.00000 102.64784 0.04068 84.72987 0.07526
2988.00000 102.67243 0.02009 85.46277 0.03354
2989.00000 100.69901 0.05435 86.91332 0.08452
2990.00000 101.27292 0.08090 86.65583 0.07245
2991.00000 100.21865 0.07682 85.30742 0.07353
2992.00000 99.48736 0.07678 85.56002 0.05624
2993.00000 99.07918 0.03452 84.88980 0.03873
2994.00000 98.38928 0.03889 84.16758 0.06314
2995.00000 97.69587 0.05262 83.81127 0.05239
2996.00000 96.87830 0.06445 83.20044 0.04387
2997.00000 97.25690 0.04926 82.53513 0.06386
2998.00000 96.98169 0.04644 82.10844 0.04829
2999.00000 97.83813 0.04480 82.11675 0.06658
3000.00000 98.54250 0.05339 82.49341 0.00813
3001.00000 98.68009 0.05821 82.86551 0.05073
3002.00000 99.05049 0.05203 83.46543 0.04375
3003.00000 98.29671 0.05000 83.34614 0.05366
3004.00000 97.69514 0.08840 83.71439 0.05597
3005.00000 98.18029 0.06934 83.68412 0.06583
3006.00000 97.25038 0.05491 82.81291 0.04170
3007.00000 96.87685 0.04219 83.25589 0.07158
3008.00000 96.64836 0.05151 82.27658 0.04368
3009.00000 96.80226 0.07340 82.02282 0.04033
3010.00000 97.27292 0.05353 81.69829 0.04599
3011.00000 97.03449 0.05565 81.66948 0.06675
3012.00000 97.45465 0.07484 82.70330 0.01916
3013.00000 97.50148 0.04371 82.26687 0.05349
3014.00000 97.50106 0.06218 82.65606 0.06118
3015.00000 97.43325 0.04703 82.63697 0.06504
3016.00000 97.42037 0.05851 82.58213 0.05000
3017.00000 96.51194 0.03164 82.38394 0.05524
3018.00000 97.11844 0.02391 82.30103 0.04499
3019.00000 97.10690 0.03930 82.10688 0.06201
3020.00000 95.05435 0.05908 82.15796 0.05040
3021.00000 94.71004 0.03808 82.24866 0.02993
3022.00000 93.87770 0.06887 80.61374 0.04696
3023.00000 93.20796 0.04069 80.25848 0.05540
3024.00000 94.01541 0.02814 79.60876 0.04043
3025.00000 93.90564 0.05031 79.07443 0.03200
3026.00000 92.88263 0.03820 79.55154 0.05988
3027.00000 93.06309 0.04839 79.43749 0.05800
3028.00000 92.31701 0.04432 78.59002 0.05045
3029.00000 92.65121 0.06400 78.78857 0.05496
3030.00000 93.14925 0.05469 78.15210 0.05890
3031.00000 93.46691 0.03003 78.46932 0.05974
3032.00000 92.44273 0.05753 79.05158 0.03686
3033.00000 93.38372 0.04979 79.18456 0.03374
3034.00000 92.94158 0.02327 78.19795 0.03808
3035.00000 94.22751 0.05916 79.03404 0.03089
3036.00000 93.68252 0.07564 78.93279 0.05464
3037.00000 93.77766 0.04129 79.51805 0.03672
3038.00000 94.32894 0.03984 79.80230 0.04811
3039.00000 94.58189 0.03272 79.49198 0.02595
3285.00000 92.14742 0.07186 79.18858 0.03201
3286.00000 92.12706 0.03231 78.83116 0.04797
3287.00000 91.51357 0.05108 78.05145 0.05788
3288.00000 92.18083 0.03909 77.71851 0.06465
3289.00000 92.72024 0.04979 77.54687 0.07020
3290.00000 92.10612 0.02902 77.69771 0.06116
3291.00000 91.42441 0.06538 78.45159 0.04837
3292.00000 90.83538 0.07168 78.08809 0.03170
3293.00000 91.33284 0.08001 77.44743 0.04257
3294.00000 91.31802 0.06675 77.15710 0.05439
3295.00000 90.64595 0.05005 77.31352 0.07101
3296.00000 90.02628 0.08822 77.24080 0.06596
3297.00000 89.68367 0.03963 76.98479 0.04557
3298.00000 88.35986 0.05124 76.18142 0.08773
3299.00000 87.71945 0.07049 76.34530 0.04931
3300.00000 87.88833 0.02311 75.17366 0.04407
3301.00000 87.23886 0.05627 74.47040 0.04383
3302.00000 86.85644 0.04493 74.63939 0.02251
3303.00000 87.71213 0.03713 73.74419 0.06177
3304.00000 87.07643 0.05607 73.68833 0.04617
3305.00000 86.83902 0.05195 74.29851 0.01640
3306.00000 86.21950 0.04197 73.73379 0.06141
3307.00000 86.37573 0.05554 73.63370 0.06033
3308.00000 85.95889 0.06561 73.18075 0.05060
3309.00000 86.03834 0.03574 73.24221 0.05319
3310.00000 86.99834 0.05921 72.87359 0.05920
3311.00000 86.85999 0.05300 72.86050 0.05238
3312.00000 86.29596 0.06641 73.60263 0.04810
3313.00000 85.85585 0.06038 73.47619 0.07675
3314.00000 86.16193 0.05699 73.32115 0.04170
3315.00000 86.25979 0.02577 73.03005 0.06997
3316.00000 86.48373 0.05039 72.88807 0.07010
3317.00000 85.38055 0.02956 73.09954 0.05143
3318.00000 86.07236 0.04129 73.56356 0.04824
3319.00000 85.97285 0.07830 72.54925 0.08494
3320.00000 85.97025 0.04561 72.65827 0.05014
3321.00000 85.86372 0.05391 72.69863 0.07134
3322.00000 85.80041 0.02999 72.66929 0.08215
3323.00000 85.10064 0.05018 72.60893 0.03048
3324.00000 84.52914 0.08264 72.80768 0.05901
3325.00000 84.65353 0.05759 72.28951 0.08058
3326.00000 84.49938 0.06458 71.73656 0.04748
3327.00000 84.18885 0.06262 71.44761 0.04280
3328.00000 84.89158 0.08160 71.71621 0.02681
3329.00000 85.32735 0.03658 71.53281 0.04939
3330.00000 85.48241 0.06612 72.05799 0.04748
3331.00000 85.20433 0.05508 72.15694 0.04243
3332.00000 85.26893 0.05433 72.58950 0.06242
3333.00000 85.86511 0.04820 72.25018 0.03615
3334.00000 86.09945 0.04135 72.16086 0.04243
3335.00000 86.67843 0.06657 72.64152 0.04929
3336.00000 86.41249 0.02988 73.03826 0.04909
3337.00000 85.91871 0.06734 73.08390 0.06390
3338.00000 85.08765 0.04537 73.34225 0.04013
3339.00000 83.94987 0.06050 73.10997 0.06715
3340.00000 83.52166 0.07227 71.95624 0.09399
3341.00000 83.57384 0.06642 71.46617 0.04570
3342.00000 84.22071 0.05526 70.62290 0.04206
3343.00000 84.03890 0.06555 71.18662 0.01850
3344.00000 83.22072 0.05795 71.44483 0.04327
3345.00000 83.13190 0.08327 71.33758 0.05059
3346.00000 83.57446 0.06875 70.62703 0.05136
3347.00000 84.90836 0.07838 70.01877 0.07332
3348.00000 85.65621 0.05643 71.24308 0.05580
3349.00000 85.96439 0.08115 71.86922 0.04439
3350.00000 85.74815 0.05871 72.54214 0.03772
3351.00000 84.81288 0.05352 72.86462 0.03289
3352.00000 85.81549 0.06994 72.67809 0.05456
3353.00000 84.91797 0.05774 71.90077 0.04996
3354.00000 84.73766 0.05889 72.71010 0.05784
3355.00000 86.27661 0.02903 71.74660 0.04355
3356.00000 85.69360 0.04997 71.87172 0.04200
3357.00000 85.49189 0.06998 73.01908 0.01776
3358.00000 85.33847 0.05065 72.60189 0.05256
3359.00000 85.11093 0.04613 72.71376 0.05630
3360.00000 85.28674 0.04977 72.48425 0.02689
3361.00000 85.38896 0.05508 72.37124 0.05741
3362.00000 85.68437 0.02787 72.45488 0.08307
3363.00000 85.73885 0.05292 72.19511 0.05023
3364.00000 85.92275 0.03647 72.66380 0.05551
3365.00000 85.38901 0.06975 72.51394 0.05318
3366.00000 84.75636 0.07139 72.48224 0.04799
3367.00000 84.75061 0.06986 72.28030 0.06703
3368.00000 84.95735 0.08612 72.02156 0.05068
3369.00000 85.27542 0.05406 71.68548 0.03271
3370.00000 85.65773 0.04279 72.04609 0.05545
3371.00000 86.16828 0.04697 72.17547 0.05989
3372.00000 85.68592 0.05882 72.41460 0.05505
3373.00000 86.52038 0.05601 72.96926 0.04905
3374.00000 86.21199 0.06167 72.67078 0.06566
3375.00000 86.76337 0.06120 73.26542 0.03737
3376.00000 87.24965 0.05542 73.13226 0.04877
3377.00000 88.21925 0.08560 73.27484 0.08205
3378.00000 88.29786 0.03837 73.67898 0.06573
3379.00000 90.12779 0.06538 74.46514 0.05359
3380.00000 88.79282 0.05567 74.96920 0.06054
3381.00000 87.78491 0.06324 76.02223 0.08511
3382.00000 87.78626 0.04173 75.37312 0.04895
3383.00000 88.10007 0.06059 74.37832 0.04208
3384.00000 87.33839 0.05440 74.58818 0.03414
3385.00000 88.63970 0.06672 74.69928 0.06809
3386.00000 87.93430 0.04749 74.17032 0.05299
3387.00000 88.50071 0.04501 74.91241 0.07477
3388.00000 88.36350 0.04774 74.58881 0.04675
3389.00000 89.00819 0.04889 74.82281 0.05077
3390.00000 88.79530 0.04532 74.75833 0.03880
3391.00000 87.41301 0.03786 75.28958 0.04664
3392.00000 87.40564 0.07101 75.29627 0.02790
3393.00000 87.41828 0.07675 74.06186 0.06876
3394.00000 87.30921 0.07121 74.18606 0.07787
3395.00000 86.21194 0.05887 74.06064 0.04108
3396.00000 86.87904 0.01749 73.85621 0.06369
3397.00000 87.46604 0.03904 72.81860 0.04201
3398.00000 87.52214 0.04505 73.74083 0.02677
3399.00000 87.09311 0.04891 73.77946 0.05120
3400.00000 87.37559 0.05755 73.87071 0.01915
3401.00000 88.32885 0.03103 74.11742 0.05089
3402.00000 89.38033 0.03062 74.15381 0.08793
3403.00000 90.15668 0.06912 74.69634 0.04769
3404.00000 91.00523 0.06303 75.61838 0.06402
