## Time Delay Challenge light curves
##
## [time]=days, [lc]=[err]=flux in nanomaggies
##
##       time       lc_A      err_A       lc_B      err_B
##-------------------------------------------------------
0.00000 5.79706 0.05365 5.23577 0.06155
1.00000 5.69234 0.04725 5.33870 0.06283
2.00000 5.69547 0.05486 5.30688 0.05359
3.00000 5.60258 0.04929 5.35993 0.03377
4.00000 5.58188 0.05073 5.39368 0.06174
5.00000 5.40853 0.05152 5.34634 0.07293
6.00000 5.63041 0.05090 5.31888 0.04181
7.00000 5.59147 0.04544 5.45714 0.05817
8.00000 5.56839 0.05415 5.38879 0.03106
9.00000 5.61439 0.04580 5.35071 0.04492
10.00000 5.50198 0.04717 5.30917 0.05051
11.00000 5.62555 0.06367 5.22555 0.08668
12.00000 5.68636 0.02951 5.33550 0.07748
13.00000 5.62022 0.06140 5.31662 0.05181
14.00000 5.66396 0.05213 5.29026 0.05605
15.00000 5.52096 0.07407 5.25457 0.04831
16.00000 5.70603 0.04525 5.21344 0.05571
17.00000 5.76608 0.05551 5.26875 0.02663
18.00000 5.80214 0.03858 5.23999 0.03735
19.00000 5.87095 0.05880 5.21787 0.06163
20.00000 5.78870 0.02338 5.26800 0.03644
21.00000 5.76992 0.04103 5.27111 0.06475
22.00000 5.80203 0.03219 5.25638 0.03897
23.00000 5.89319 0.05929 5.24374 0.03760
24.00000 5.70060 0.05255 5.10229 0.05019
25.00000 5.65610 0.05009 5.19170 0.04147
26.00000 5.68486 0.04676 5.30281 0.03305
27.00000 5.63405 0.03447 5.24649 0.07493
28.00000 5.79172 0.04981 5.25999 0.04903
29.00000 5.79983 0.08266 5.27909 0.05947
30.00000 5.76021 0.04650 5.25138 0.01789
31.00000 5.61564 0.04515 5.20297 0.07136
32.00000 5.58931 0.06284 5.19350 0.02570
33.00000 5.61430 0.02708 5.24502 0.04513
34.00000 5.53248 0.06379 5.13738 0.05320
35.00000 5.63772 0.03566 5.02879 0.06347
36.00000 5.57315 0.06760 5.01051 0.07520
37.00000 5.57543 0.05185 5.11573 0.06907
38.00000 5.57170 0.06403 4.95327 0.06933
39.00000 5.55374 0.05918 5.04224 0.06211
40.00000 5.44132 0.05520 5.04713 0.06809
41.00000 5.37688 0.04099 5.21166 0.04445
42.00000 5.36696 0.04318 5.24003 0.05629
43.00000 5.54262 0.06462 5.23708 0.03350
44.00000 5.45165 0.04613 5.24006 0.04856
45.00000 5.44535 0.04915 5.50926 0.05752
46.00000 5.32639 0.06361 5.33116 0.06723
47.00000 5.41963 0.05427 5.32422 0.05365
48.00000 5.40510 0.07860 5.34601 0.03392
49.00000 5.51849 0.07382 5.33483 0.04445
50.00000 5.44772 0.06266 5.33990 0.07307
51.00000 5.33963 0.06368 5.32183 0.04019
52.00000 5.30166 0.04833 5.23820 0.06669
53.00000 5.41365 0.06781 5.26765 0.03660
54.00000 5.40201 0.06787 5.20349 0.05508
55.00000 5.38314 0.05560 5.32819 0.01671
56.00000 5.45931 0.06306 5.28482 0.03490
57.00000 5.44101 0.05162 5.28866 0.04939
58.00000 5.50033 0.06001 5.24798 0.06540
59.00000 5.48786 0.00845 5.36450 0.02431
60.00000 5.49384 0.05951 5.29799 0.06172
61.00000 5.51862 0.04837 5.42200 0.03578
62.00000 5.37312 0.06314 5.40011 0.04155
63.00000 5.47489 0.04109 5.35884 0.05140
64.00000 5.42554 0.04336 5.35523 0.04512
65.00000 5.52554 0.04669 5.32342 0.03020
66.00000 5.46916 0.05403 5.40220 0.04489
67.00000 5.45208 0.04587 5.37879 0.04528
68.00000 5.39696 0.03437 5.38936 0.06227
69.00000 5.50289 0.02762 5.40060 0.05049
70.00000 5.52579 0.01841 5.39610 0.06874
71.00000 5.57571 0.04592 5.47876 0.05770
72.00000 5.42067 0.08352 5.42268 0.05749
73.00000 5.40832 0.07643 5.43538 0.05801
74.00000 5.54945 0.05888 5.33738 0.01979
75.00000 5.57684 0.02850 5.33431 0.04897
76.00000 5.56513 0.03934 5.30035 0.06171
77.00000 5.49373 0.05773 5.13512 0.07610
78.00000 5.57638 0.02785 5.19816 0.02972
79.00000 5.57937 0.06319 5.21928 0.00377
80.00000 5.55751 0.03740 5.15508 0.02525
81.00000 5.44882 0.03697 5.33411 0.00961
82.00000 5.51139 0.04751 5.25886 0.04047
83.00000 5.47257 0.07726 5.20029 0.04255
84.00000 5.45776 0.10189 5.45467 0.06743
85.00000 5.38916 0.03201 5.29214 0.05369
86.00000 5.36930 0.04207 5.32841 0.03381
87.00000 5.18553 0.04328 5.47329 0.07611
88.00000 5.23887 0.05383 5.33871 0.03979
89.00000 5.19331 0.04744 5.30718 0.06008
90.00000 5.24145 0.01445 5.50641 0.05509
91.00000 5.20324 0.03688 5.49293 0.06985
92.00000 5.12311 0.03759 5.45033 0.08358
93.00000 5.11426 0.06091 5.46888 0.03362
94.00000 5.18413 0.03057 5.47356 0.04579
95.00000 5.08567 0.04099 5.44692 0.02727
96.00000 5.19825 0.04154 5.42458 0.06539
97.00000 5.21218 0.05654 5.35160 0.04331
98.00000 5.22890 0.07821 5.41608 0.03790
99.00000 5.28128 0.04327 5.47283 0.05917
100.00000 5.38558 0.07351 5.43732 0.05426
101.00000 5.25023 0.06262 5.25659 0.05613
102.00000 5.26836 0.06568 5.39287 0.02379
103.00000 5.35520 0.04852 5.39351 0.06552
104.00000 5.41964 0.06361 5.32853 0.03206
105.00000 5.18761 0.02906 5.23154 0.05649
106.00000 5.29905 0.04589 5.28877 0.04957
107.00000 5.17640 0.04028 5.30841 0.06049
108.00000 5.21934 0.03236 5.22721 0.05465
109.00000 5.12766 0.06961 5.23885 0.04713
110.00000 5.09697 0.03950 5.30199 0.04025
111.00000 4.90781 0.05554 5.20186 0.07795
112.00000 5.05759 0.06986 5.17182 0.03198
113.00000 4.94604 0.04735 5.15705 0.03328
114.00000 5.02833 0.02407 5.06372 0.06789
115.00000 5.06904 0.07697 5.06794 0.03028
116.00000 4.92632 0.02409 5.12052 0.07171
117.00000 5.01629 0.05276 5.13559 0.05481
118.00000 4.95042 0.06931 5.15115 0.05755
119.00000 4.98329 0.06810 5.05649 0.04895
365.00000 4.97373 0.03853 4.01585 0.05125
366.00000 5.04029 0.07203 4.22612 0.04359
367.00000 5.11868 0.06870 4.14078 0.06114
368.00000 4.97144 0.05142 4.14993 0.03698
369.00000 5.07069 0.06369 4.26793 0.05597
370.00000 5.17264 0.04932 4.23469 0.04684
371.00000 5.15848 0.04996 4.34677 0.06694
372.00000 5.21627 0.06693 4.27204 0.05756
373.00000 5.11045 0.05791 4.24914 0.02849
374.00000 5.14887 0.04033 4.33663 0.04569
375.00000 5.08726 0.07218 4.44336 0.04323
376.00000 5.17349 0.06044 4.29501 0.05994
377.00000 5.10172 0.05034 4.37423 0.05192
378.00000 5.29567 0.04602 4.35560 0.05931
379.00000 5.27893 0.02849 4.17985 0.07947
380.00000 5.19733 0.03430 4.13945 0.06561
381.00000 5.04413 0.06272 4.21963 0.04926
382.00000 5.18568 0.05496 4.25002 0.06555
383.00000 5.14147 0.07092 4.27836 0.05962
384.00000 5.17414 0.04988 4.28853 0.05568
385.00000 4.99306 0.02430 4.27859 0.03873
386.00000 5.01488 0.06617 4.30287 0.03802
387.00000 4.98963 0.03059 4.27630 0.06295
388.00000 5.02000 0.03550 4.37669 0.08584
389.00000 4.99442 0.05401 4.31294 0.05992
390.00000 4.96232 0.06820 4.40158 0.05173
391.00000 5.01359 0.05070 4.54248 0.06223
392.00000 5.01718 0.04712 4.41366 0.05133
393.00000 5.09771 0.07687 4.47080 0.05353
394.00000 5.02241 0.04426 4.41862 0.03823
395.00000 5.07479 0.03806 4.37368 0.07777
396.00000 5.14549 0.04990 4.38603 0.05197
397.00000 5.15846 0.04599 4.34713 0.04347
398.00000 5.17518 0.05177 4.20613 0.06798
399.00000 5.05218 0.02247 4.26667 0.04821
400.00000 5.09946 0.06075 4.52536 0.06679
401.00000 5.07557 0.05010 4.40686 0.02871
402.00000 5.03846 0.02933 4.25517 0.06529
403.00000 4.96616 0.06779 4.42196 0.07520
404.00000 5.17459 0.04996 4.47357 0.04620
405.00000 5.14817 0.03715 4.42476 0.04606
406.00000 5.21239 0.04501 4.51648 0.04218
407.00000 5.15173 0.05309 4.55291 0.03398
408.00000 5.26441 0.05373 4.69593 0.06277
409.00000 5.23018 0.04536 4.63084 0.04518
410.00000 5.26755 0.03942 4.60332 0.05793
411.00000 5.19626 0.03360 4.62027 0.05736
412.00000 5.30123 0.04126 4.59844 0.04215
413.00000 5.25902 0.03593 4.68078 0.08127
414.00000 5.24426 0.04615 4.69173 0.07185
415.00000 5.29017 0.05891 4.56628 0.05921
416.00000 5.25637 0.03660 4.53378 0.04619
417.00000 5.22097 0.05976 4.61025 0.04945
418.00000 5.24991 0.06037 4.58948 0.04151
419.00000 5.24554 0.05421 4.54882 0.02173
420.00000 5.24032 0.05041 4.59439 0.04371
421.00000 5.31980 0.07980 4.64618 0.04170
422.00000 5.25098 0.06711 4.65143 0.05625
423.00000 5.18253 0.04236 4.64331 0.04797
424.00000 5.15536 0.06526 4.66590 0.07204
425.00000 5.28654 0.05737 4.68422 0.05801
426.00000 5.11300 0.01994 4.57974 0.11685
427.00000 5.08450 0.07491 4.60524 0.06363
428.00000 5.05299 0.03368 4.69080 0.05879
429.00000 5.14689 0.04832 4.79853 0.04885
430.00000 5.36786 0.08693 4.86854 0.07480
431.00000 5.20662 0.07077 4.77664 0.06946
432.00000 5.25818 0.03739 4.77035 0.02297
433.00000 5.06803 0.07646 4.74630 0.04489
434.00000 5.11426 0.05737 4.83264 0.06071
435.00000 5.03862 0.04438 4.72047 0.03233
436.00000 5.05530 0.04801 4.68848 0.02466
437.00000 5.05711 0.05119 4.73537 0.05648
438.00000 4.96367 0.03343 4.83845 0.05413
439.00000 4.97925 0.05106 4.79680 0.04116
440.00000 4.86238 0.04344 4.70944 0.05839
441.00000 4.85959 0.07159 4.74222 0.06331
442.00000 4.88198 0.05212 4.78063 0.05770
443.00000 5.04343 0.08476 4.70952 0.04760
444.00000 4.94640 0.07015 4.76922 0.06867
445.00000 4.93676 0.02568 4.81234 0.01562
446.00000 4.83005 0.05471 4.87715 0.02453
447.00000 4.89340 0.05598 4.87754 0.05037
448.00000 4.94932 0.04870 4.83778 0.05446
449.00000 5.02129 0.06524 4.78737 0.07526
450.00000 5.10417 0.07127 4.90199 0.02555
451.00000 5.11015 0.06723 4.92949 0.05957
452.00000 5.22117 0.04145 4.87260 0.05993
453.00000 5.08562 0.04582 4.88840 0.03812
454.00000 5.13139 0.05844 4.91340 0.08134
455.00000 5.17063 0.06168 4.89539 0.07355
456.00000 5.20320 0.06661 4.82538 0.03361
457.00000 5.11986 0.07811 4.70387 0.03827
458.00000 5.23380 0.04548 4.65234 0.04123
459.00000 5.09884 0.07196 4.68887 0.08381
460.00000 5.13008 0.05793 4.72863 0.03745
461.00000 5.09517 0.06157 4.72497 0.07418
462.00000 5.01415 0.05467 4.66707 0.03874
463.00000 5.11069 0.06497 4.74180 0.05224
464.00000 5.11836 0.04036 4.82634 0.06194
465.00000 5.17976 0.04008 4.78356 0.05677
466.00000 5.05181 0.03358 4.75981 0.05619
467.00000 4.92760 0.04655 4.84977 0.05429
468.00000 4.99494 0.03685 4.73572 0.05162
469.00000 5.03390 0.03906 4.80861 0.05807
470.00000 5.01998 0.03273 4.84891 0.05381
471.00000 5.05457 0.05720 4.77066 0.03024
472.00000 5.02577 0.05573 4.73720 0.04370
473.00000 4.99983 0.02466 4.78183 0.01874
474.00000 5.33076 0.06711 4.68429 0.06559
475.00000 5.18859 0.05666 4.75355 0.05413
476.00000 5.32468 0.06941 4.65343 0.08052
477.00000 5.29553 0.05473 4.89121 0.06853
478.00000 5.21721 0.04283 4.98864 0.06347
479.00000 5.19620 0.03605 5.02481 0.03804
480.00000 5.32266 0.04163 4.86439 0.04113
481.00000 5.37558 0.05962 5.00356 0.05116
482.00000 5.30174 0.03891 4.89323 0.06035
483.00000 5.37378 0.07271 4.87436 0.05489
484.00000 5.30128 0.06485 4.98956 0.05350
730.00000 5.76053 0.02936 5.23801 0.03804
731.00000 5.71657 0.06726 5.24871 0.05503
732.00000 5.77454 0.05677 5.17909 0.04993
733.00000 5.75178 0.04827 5.25609 0.04929
734.00000 5.76055 0.04985 5.22247 0.03547
735.00000 5.74615 0.05901 5.19045 0.08603
736.00000 5.63885 0.03585 5.12960 0.06108
737.00000 5.58147 0.05438 5.16274 0.01819
738.00000 5.51708 0.05312 5.11194 0.05892
739.00000 5.51673 0.05839 5.14714 0.04915
740.00000 5.44708 0.05192 5.30643 0.06465
741.00000 5.46701 0.03672 5.31318 0.05492
742.00000 5.47985 0.05690 5.34366 0.05786
743.00000 5.46890 0.02852 5.43715 0.06478
744.00000 5.54452 0.02887 5.39906 0.03022
745.00000 5.51642 0.03632 5.34728 0.02263
746.00000 5.51979 0.05500 5.29015 0.05666
747.00000 5.64486 0.06667 5.31748 0.05601
748.00000 5.57978 0.08591 5.44050 0.06376
749.00000 5.49660 0.06006 5.46387 0.07559
750.00000 5.53116 0.05474 5.50720 0.06838
751.00000 5.51956 0.04711 5.38242 0.05441
752.00000 5.49524 0.03273 5.42308 0.06901
753.00000 5.48496 0.05691 5.31047 0.08263
754.00000 5.42537 0.04387 5.41385 0.05839
755.00000 5.45614 0.05114 5.44816 0.07128
756.00000 5.43234 0.04927 5.51113 0.04777
757.00000 5.32081 0.05902 5.41086 0.05174
758.00000 5.50303 0.05031 5.39239 0.08115
759.00000 5.39206 0.04277 5.38314 0.07544
760.00000 5.32316 0.00980 5.42120 0.05731
761.00000 5.19404 0.05697 5.58386 0.04609
762.00000 5.27726 0.06258 5.58856 0.04886
763.00000 5.16160 0.03947 5.59123 0.06184
764.00000 5.18227 0.04601 5.51252 0.07651
765.00000 5.13313 0.05218 5.64494 0.05943
766.00000 5.05388 0.03365 5.61443 0.06820
767.00000 4.90258 0.04067 5.57213 0.04169
768.00000 4.90660 0.06806 5.62502 0.03911
769.00000 4.87160 0.04940 5.63551 0.07586
770.00000 4.86169 0.06628 5.66694 0.03313
771.00000 4.87187 0.07734 5.71087 0.04263
772.00000 4.86946 0.06781 5.79590 0.03925
773.00000 4.80750 0.07941 5.84888 0.03611
774.00000 4.85592 0.05542 5.95802 0.05865
775.00000 4.74285 0.07084 5.93468 0.04817
776.00000 4.68823 0.04022 6.00929 0.04962
777.00000 4.69100 0.06306 5.86079 0.06827
778.00000 4.63508 0.04684 5.90929 0.06329
779.00000 4.90284 0.05190 5.88551 0.05351
780.00000 4.84991 0.07439 5.90089 0.05841
781.00000 4.89212 0.03339 5.83131 0.04226
782.00000 4.93137 0.02777 5.84639 0.06006
783.00000 4.83443 0.02846 5.90608 0.08926
784.00000 4.92943 0.03887 5.87489 0.03736
785.00000 4.87591 0.06916 5.98793 0.08059
786.00000 5.02529 0.04471 5.92495 0.03885
787.00000 5.02593 0.03081 5.80036 0.04913
788.00000 4.99688 0.05114 5.84582 0.06193
789.00000 4.98367 0.05177 5.78204 0.03146
790.00000 5.06556 0.07066 5.65274 0.05164
791.00000 4.93867 0.06714 5.47763 0.07658
792.00000 4.88513 0.05957 5.55586 0.05274
793.00000 4.91040 0.07147 5.67024 0.05833
794.00000 4.87292 0.04354 5.58984 0.04502
795.00000 4.91487 0.05165 5.62578 0.06766
796.00000 4.94424 0.03803 5.57567 0.04123
797.00000 4.86419 0.05187 5.48525 0.05946
798.00000 4.92114 0.06415 5.52946 0.06061
799.00000 4.89113 0.07768 5.41837 0.08206
800.00000 4.84946 0.05001 5.36482 0.07418
801.00000 4.83064 0.04959 5.53546 0.06869
802.00000 4.89098 0.06337 5.49072 0.04484
803.00000 4.92793 0.05617 5.37815 0.03327
804.00000 4.86164 0.05086 5.52809 0.07786
805.00000 4.84991 0.03863 5.38513 0.04364
806.00000 4.89705 0.04975 5.35489 0.06123
807.00000 4.83311 0.06248 5.31522 0.02533
808.00000 5.00240 0.01948 5.26997 0.07393
809.00000 4.95905 0.06177 5.19716 0.02580
810.00000 5.01461 0.05850 5.25451 0.05533
811.00000 5.00296 0.02305 5.20955 0.04302
812.00000 4.99912 0.03386 5.19979 0.05493
813.00000 4.93612 0.06871 5.18428 0.05218
814.00000 5.27528 0.07704 5.15408 0.03482
815.00000 5.12233 0.07135 5.19556 0.05407
816.00000 5.20728 0.08154 5.26310 0.05053
817.00000 5.18495 0.04926 5.19903 0.07386
818.00000 5.22831 0.05832 5.17780 0.03486
819.00000 5.25212 0.04990 5.26863 0.03699
820.00000 5.17035 0.07113 5.15275 0.06228
821.00000 5.12835 0.07826 5.12346 0.06350
822.00000 5.08698 0.07614 5.18169 0.04703
823.00000 5.12710 0.03537 5.21437 0.01508
824.00000 5.15079 0.05009 5.22835 0.05152
825.00000 5.29230 0.05709 5.06508 0.05681
826.00000 5.22696 0.06265 5.08862 0.04474
827.00000 5.22803 0.03892 5.19457 0.00601
828.00000 5.11283 0.05789 5.16531 0.04309
829.00000 4.98057 0.06057 5.14981 0.08357
830.00000 5.04167 0.05925 5.16967 0.04121
831.00000 4.95559 0.04721 5.11696 0.07434
832.00000 5.01302 0.05018 5.01323 0.08323
833.00000 4.92485 0.04081 4.94279 0.05411
834.00000 4.89050 0.03577 5.05934 0.05863
835.00000 4.97024 0.06711 4.95873 0.04538
836.00000 4.88513 0.05802 4.68948 0.06316
837.00000 4.87098 0.03837 4.73119 0.04427
838.00000 4.97757 0.05288 4.73228 0.04414
839.00000 5.06627 0.04649 4.78489 0.03367
840.00000 4.99346 0.05499 4.73986 0.05927
841.00000 5.07018 0.06950 4.58282 0.04166
842.00000 4.87243 0.05116 4.56037 0.06081
843.00000 4.87383 0.05880 4.58872 0.04900
844.00000 4.85511 0.05182 4.64742 0.06169
845.00000 4.98071 0.07498 4.47975 0.08517
846.00000 4.96456 0.07197 4.47232 0.05484
847.00000 4.90999 0.07195 4.62699 0.07396
848.00000 4.85214 0.04217 4.49794 0.05745
849.00000 4.82343 0.02564 4.47384 0.05135
1095.00000 4.69625 0.07596 4.73012 0.06336
1096.00000 4.65650 0.06598 4.85454 0.05613
1097.00000 4.67120 0.04693 4.84335 0.06845
1098.00000 4.70065 0.05968 4.67535 0.05271
1099.00000 4.70569 0.04356 4.85181 0.04374
1100.00000 4.68376 0.05173 4.45731 0.05463
1101.00000 4.62127 0.06214 4.57675 0.05387
1102.00000 4.63634 0.05554 4.72483 0.03891
1103.00000 4.66344 0.08761 4.70807 0.03113
1104.00000 4.64325 0.04690 4.88807 0.06982
1105.00000 4.59563 0.06769 4.86790 0.07268
1106.00000 4.67050 0.06297 4.74848 0.05702
1107.00000 4.62179 0.04799 4.60433 0.06672
1108.00000 4.64770 0.04554 4.61775 0.04967
1109.00000 4.71863 0.08368 4.59600 0.04305
1110.00000 4.57929 0.07061 4.61673 0.01387
1111.00000 4.62217 0.04954 4.64818 0.04414
1112.00000 4.55445 0.06886 4.55754 0.02568
1113.00000 4.50954 0.04948 4.68241 0.06152
1114.00000 4.59461 0.03169 4.70256 0.03956
1115.00000 4.49996 0.06171 4.69477 0.07090
1116.00000 4.53750 0.04638 4.54171 0.05135
1117.00000 4.50750 0.07031 4.67534 0.06097
1118.00000 4.58076 0.05383 4.61693 0.05309
1119.00000 4.54237 0.01989 4.65218 0.05590
1120.00000 4.31852 0.07058 4.54797 0.04152
1121.00000 4.46244 0.06752 4.59018 0.06161
1122.00000 4.57090 0.03757 4.67052 0.05402
1123.00000 4.49927 0.03672 4.49920 0.08215
1124.00000 4.44200 0.06236 4.50998 0.05529
1125.00000 4.39862 0.03833 4.50651 0.04086
1126.00000 4.28232 0.04377 4.40111 0.03209
1127.00000 4.36093 0.03216 4.43644 0.09233
1128.00000 4.33973 0.03056 4.53208 0.05170
1129.00000 4.30254 0.03473 4.46907 0.04562
1130.00000 4.26449 0.04319 4.57390 0.05091
1131.00000 4.32502 0.06960 4.46517 0.04284
1132.00000 4.26297 0.05037 4.47113 0.04519
1133.00000 4.19114 0.04098 4.40337 0.05241
1134.00000 4.35888 0.08757 4.51798 0.08341
1135.00000 4.26950 0.05429 4.38352 0.05547
1136.00000 4.17855 0.01944 4.54026 0.05054
1137.00000 4.26496 0.05097 4.58293 0.05313
1138.00000 4.25358 0.07453 4.61078 0.05283
1139.00000 4.15098 0.06067 4.47464 0.06078
1140.00000 4.09110 0.09516 4.52294 0.02892
1141.00000 4.25380 0.05841 4.52208 0.04461
1142.00000 4.04143 0.06938 4.43767 0.03826
1143.00000 4.16480 0.05856 4.42992 0.02558
1144.00000 4.22849 0.04765 4.38734 0.04574
1145.00000 4.32087 0.04233 4.57849 0.06243
1146.00000 4.32267 0.02308 4.45617 0.06747
1147.00000 4.34092 0.03703 4.43488 0.05310
1148.00000 4.38285 0.07592 4.45408 0.07181
1149.00000 4.35030 0.05566 4.60358 0.05497
1150.00000 4.31330 0.07485 4.59586 0.03988
1151.00000 4.29910 0.04851 4.55218 0.06181
1152.00000 4.29176 0.07784 4.59799 0.06578
1153.00000 4.36163 0.04317 4.44846 0.05907
1154.00000 4.33396 0.03643 4.45579 0.06215
1155.00000 4.55281 0.05183 4.36776 0.04444
1156.00000 4.47625 0.04559 4.31423 0.05993
1157.00000 4.51091 0.04337 4.52721 0.06373
1158.00000 4.53904 0.04959 4.43974 0.04126
1159.00000 4.44211 0.06118 4.43810 0.06410
1160.00000 4.66818 0.03648 4.48036 0.05958
1161.00000 4.52505 0.06610 4.43519 0.02458
1162.00000 4.69888 0.04844 4.38791 0.04749
1163.00000 4.66929 0.04073 4.34597 0.08504
1164.00000 4.68833 0.05174 4.27591 0.05896
1165.00000 4.79044 0.06568 4.39134 0.05302
1166.00000 4.77957 0.04348 4.40819 0.03513
1167.00000 4.94147 0.06893 4.42457 0.05216
1168.00000 4.89649 0.04648 4.40337 0.04494
1169.00000 5.06377 0.06831 4.42327 0.04491
1170.00000 4.94058 0.06036 4.37600 0.06329
1171.00000 5.02079 0.03291 4.35314 0.07210
1172.00000 4.92756 0.03497 4.39426 0.01741
1173.00000 5.08134 0.07950 4.35322 0.07531
1174.00000 5.03612 0.04581 4.30747 0.06361
1175.00000 4.91426 0.04021 4.40008 0.04057
1176.00000 4.94198 0.05718 4.39980 0.05616
1177.00000 4.98278 0.03561 4.32908 0.04501
1178.00000 4.90675 0.05938 4.40562 0.04930
1179.00000 4.90878 0.05647 4.29388 0.07858
1180.00000 4.87353 0.05430 4.38657 0.07202
1181.00000 4.83937 0.03830 4.34647 0.06088
1182.00000 4.88874 0.06979 4.29581 0.05195
1183.00000 4.73879 0.05415 4.32337 0.01903
1184.00000 4.76996 0.05966 4.33951 0.06376
1185.00000 4.68166 0.03845 4.32098 0.04419
1186.00000 4.68448 0.05659 4.28347 0.06234
1187.00000 4.68082 0.07943 4.32125 0.06319
1188.00000 4.75943 0.07675 4.35635 0.04597
1189.00000 4.74123 0.08486 4.24961 0.06102
1190.00000 4.67765 0.05515 4.28618 0.07901
1191.00000 4.77033 0.07287 4.29778 0.04386
1192.00000 4.88866 0.01746 4.12943 0.06969
1193.00000 4.75701 0.04764 4.19264 0.05142
1194.00000 4.72654 0.07498 4.23349 0.05227
1195.00000 4.71732 0.01482 4.22418 0.05403
1196.00000 4.83110 0.04047 4.17205 0.01947
1197.00000 4.68510 0.01852 4.02347 0.07412
1198.00000 4.71521 0.07821 4.04735 0.07713
1199.00000 4.76131 0.06067 4.06181 0.03288
1200.00000 4.81163 0.03460 4.20110 0.05385
1201.00000 4.91775 0.04911 4.10303 0.04730
1202.00000 4.75669 0.04006 3.98200 0.04954
1203.00000 4.83210 0.05932 4.05220 0.05346
1204.00000 4.82942 0.05023 3.99592 0.08639
1205.00000 4.93118 0.09041 4.02304 0.05381
1206.00000 4.78057 0.00806 4.10604 0.04652
1207.00000 4.77755 0.02243 3.97327 0.07250
1208.00000 4.86350 0.03835 3.91100 0.06530
1209.00000 4.86416 0.03614 3.86829 0.06345
1210.00000 4.76354 0.04429 3.96623 0.04462
1211.00000 4.70530 0.05040 3.98886 0.04004
1212.00000 4.67645 0.06591 4.05698 0.05786
1213.00000 4.81125 0.07371 4.01462 0.04520
1214.00000 4.74220 0.06302 3.99840 0.06311
1460.00000 4.55888 0.05419 4.49549 0.02043
1461.00000 4.66889 0.07678 4.48105 0.05446
1462.00000 4.52652 0.05712 4.39564 0.07199
1463.00000 4.47298 0.03952 4.47223 0.06277
1464.00000 4.48680 0.04256 4.56458 0.03512
1465.00000 4.48227 0.04372 4.54759 0.05412
1466.00000 4.45793 0.07236 4.45992 0.06804
1467.00000 4.52643 0.02720 4.32330 0.05391
1468.00000 4.63448 0.03902 4.38705 0.03382
1469.00000 4.62205 0.03183 4.51599 0.08590
1470.00000 4.59978 0.04484 4.34929 0.06608
1471.00000 4.69785 0.07504 4.47047 0.06779
1472.00000 4.77408 0.06073 4.58896 0.07637
1473.00000 4.64919 0.06051 4.49307 0.05319
1474.00000 4.80938 0.05821 4.47431 0.05866
1475.00000 4.76021 0.04563 4.44789 0.02682
1476.00000 4.91161 0.05767 4.60427 0.06678
1477.00000 4.76371 0.05441 4.53638 0.07841
1478.00000 4.72713 0.04599 4.50979 0.03643
1479.00000 4.76736 0.03614 4.65842 0.06769
1480.00000 4.78490 0.05380 4.61685 0.08021
1481.00000 4.61341 0.06847 4.61338 0.06436
1482.00000 4.71168 0.04794 4.57321 0.07896
1483.00000 4.70622 0.06287 4.42109 0.02709
1484.00000 4.66507 0.04205 4.47160 0.07820
1485.00000 4.80551 0.04599 4.46592 0.03894
1486.00000 4.71347 0.04339 4.46829 0.03759
1487.00000 4.78041 0.01911 4.48115 0.02963
1488.00000 4.81485 0.05932 4.51763 0.03895
1489.00000 4.81950 0.02527 4.42193 0.04916
1490.00000 4.70145 0.04876 4.44842 0.05255
1491.00000 4.75589 0.04862 4.42732 0.04821
1492.00000 4.68975 0.05917 4.53995 0.05360
1493.00000 4.76158 0.05240 4.64478 0.06635
1494.00000 4.87427 0.03198 4.40609 0.05666
1495.00000 4.81515 0.03311 4.57658 0.06495
1496.00000 4.91640 0.06304 4.36991 0.06445
1497.00000 4.91206 0.05307 4.48022 0.03197
1498.00000 4.80529 0.04742 4.47447 0.06934
1499.00000 4.79425 0.07117 4.46575 0.06147
1500.00000 4.83115 0.05792 4.40078 0.04818
1501.00000 4.76672 0.05942 4.40109 0.03670
1502.00000 4.70136 0.04140 4.31771 0.06960
1503.00000 4.60382 0.07129 4.35241 0.03164
1504.00000 4.62409 0.01077 4.40037 0.02778
1505.00000 4.65609 0.05298 4.35388 0.06705
1506.00000 4.57421 0.03599 4.37614 0.03457
1507.00000 4.59329 0.06491 4.32376 0.02232
1508.00000 4.76127 0.04521 4.16899 0.05760
1509.00000 4.71601 0.06254 4.18628 0.04547
1510.00000 4.79251 0.05419 4.32831 0.05034
1511.00000 4.84016 0.03197 4.24057 0.06517
1512.00000 4.77879 0.02124 4.14574 0.02912
1513.00000 4.82341 0.07458 4.19069 0.03209
1514.00000 4.68242 0.04742 4.21981 0.04982
1515.00000 4.72836 0.03680 4.27547 0.06424
1516.00000 4.79614 0.04311 4.16455 0.05061
1517.00000 4.80081 0.05791 4.20446 0.06970
1518.00000 4.92706 0.04292 4.18364 0.03214
1519.00000 4.76797 0.05134 4.20786 0.06227
1520.00000 4.98085 0.07921 4.19358 0.02676
1521.00000 4.77503 0.05084 4.18719 0.04487
1522.00000 4.93169 0.07776 4.15411 0.08182
1523.00000 4.89883 0.04045 4.13502 0.02722
1524.00000 4.95494 0.02892 4.00885 0.07453
1525.00000 4.90898 0.06362 4.05445 0.08548
1526.00000 4.89215 0.04411 4.08137 0.05404
1527.00000 4.95780 0.04309 4.25942 0.08484
1528.00000 4.95569 0.04803 4.09134 0.08279
1529.00000 4.92300 0.03780 4.29553 0.05258
1530.00000 4.88303 0.06915 4.16186 0.04582
1531.00000 4.73291 0.06134 4.21855 0.04052
1532.00000 4.72394 0.03868 4.19354 0.05937
1533.00000 4.85354 0.04995 4.24319 0.06183
1534.00000 4.82564 0.06054 4.28493 0.06988
1535.00000 4.94200 0.07752 4.21514 0.05181
1536.00000 4.78999 0.04381 4.26118 0.06558
1537.00000 4.79498 0.07971 4.29731 0.06098
1538.00000 4.92424 0.05030 4.28390 0.05895
1539.00000 4.95739 0.05520 4.28514 0.06975
1540.00000 4.97550 0.07686 4.33170 0.03733
1541.00000 5.03232 0.03802 4.33776 0.05740
1542.00000 5.18106 0.05110 4.27875 0.09661
1543.00000 5.24649 0.05943 4.43446 0.04250
1544.00000 5.18485 0.06785 4.47926 0.04638
1545.00000 5.16913 0.07012 4.31282 0.04902
1546.00000 5.12442 0.07299 4.53649 0.07943
1547.00000 5.13278 0.03016 4.47138 0.03476
1548.00000 5.19094 0.05395 4.54745 0.07018
1549.00000 5.23356 0.04523 4.59159 0.05334
1550.00000 5.27089 0.03265 4.58547 0.05883
1551.00000 5.20755 0.03941 4.41783 0.06835
1552.00000 5.19271 0.06128 4.44254 0.08180
1553.00000 5.12048 0.04116 4.49984 0.06055
1554.00000 5.07874 0.05457 4.44579 0.05467
1555.00000 5.05560 0.05508 4.49478 0.05076
1556.00000 5.07117 0.04302 4.49401 0.03190
1557.00000 4.87078 0.02822 4.48650 0.01278
1558.00000 4.84744 0.08012 4.53677 0.07523
1559.00000 4.87049 0.01775 4.47432 0.07033
1560.00000 4.93913 0.06019 4.52077 0.03476
1561.00000 5.05310 0.06949 4.49763 0.05530
1562.00000 4.92852 0.02964 4.55567 0.03542
1563.00000 4.94331 0.05364 4.48660 0.05092
1564.00000 4.97482 0.05784 4.41937 0.04929
1565.00000 4.82016 0.04570 4.51274 0.05754
1566.00000 4.76140 0.03591 4.51277 0.03953
1567.00000 4.66714 0.06754 4.52140 0.03810
1568.00000 4.70786 0.06602 4.60985 0.04058
1569.00000 4.76614 0.03779 4.57862 0.03870
1570.00000 4.63857 0.06179 4.47259 0.05314
1571.00000 4.80180 0.06127 4.60337 0.06232
1572.00000 4.80953 0.05109 4.56997 0.05093
1573.00000 4.74750 0.05196 4.49628 0.03534
1574.00000 4.72428 0.05216 4.47396 0.03054
1575.00000 4.66636 0.04584 4.40751 0.05757
1576.00000 4.70400 0.04152 4.29944 0.03827
1577.00000 4.60175 0.06464 4.36732 0.06117
1578.00000 4.64024 0.06570 4.30910 0.02902
1579.00000 4.57957 0.04505 4.30862 0.06416
1825.00000 4.39066 0.04984 4.17105 0.05526
1826.00000 4.28189 0.03793 4.22238 0.04501
1827.00000 4.28449 0.05351 4.17461 0.03592
1828.00000 4.22166 0.05018 4.19115 0.04532
1829.00000 4.37095 0.05964 4.13063 0.04125
1830.00000 4.40074 0.05752 4.22164 0.04831
1831.00000 4.31608 0.04386 4.23132 0.07979
1832.00000 4.35828 0.06993 4.11640 0.03880
1833.00000 4.38959 0.04920 4.12902 0.04978
1834.00000 4.52962 0.02830 4.14566 0.04404
1835.00000 4.59866 0.06270 4.20361 0.05132
1836.00000 4.47696 0.04828 4.06030 0.05662
1837.00000 4.62609 0.06656 4.15891 0.07600
1838.00000 4.58877 0.05664 4.15285 0.03388
1839.00000 4.64354 0.06250 4.25102 0.04731
1840.00000 4.48788 0.05263 4.05483 0.05775
1841.00000 4.52612 0.05739 4.07121 0.04798
1842.00000 4.58660 0.06717 4.11868 0.05486
1843.00000 4.50449 0.06574 4.13814 0.04923
1844.00000 4.60905 0.05812 4.01755 0.06699
1845.00000 4.66751 0.04651 4.04436 0.07097
1846.00000 4.51796 0.06166 3.86667 0.07534
1847.00000 4.51106 0.03562 4.10587 0.04844
1848.00000 4.50707 0.07229 3.90359 0.04851
1849.00000 4.54899 0.05866 4.04310 0.04358
1850.00000 4.59302 0.05192 4.08794 0.04130
1851.00000 4.52445 0.02291 3.97636 0.03219
1852.00000 4.53860 0.04614 4.09775 0.07021
1853.00000 4.64172 0.08736 4.14300 0.07516
1854.00000 4.55304 0.05734 4.09828 0.06313
1855.00000 4.43716 0.07141 4.09435 0.06530
1856.00000 4.51881 0.06137 3.94942 0.05414
1857.00000 4.53476 0.05835 3.95837 0.06455
1858.00000 4.55656 0.05282 4.12926 0.09447
1859.00000 4.56223 0.05013 4.10326 0.04553
1860.00000 4.54600 0.08695 4.06280 0.04656
1861.00000 4.68560 0.00952 3.99903 0.05254
1862.00000 4.57845 0.05232 4.04653 0.03870
1863.00000 4.61529 0.06484 3.95734 0.06010
1864.00000 4.66596 0.06174 3.98010 0.05858
1865.00000 4.60446 0.05182 4.11045 0.03565
1866.00000 4.62831 0.06819 4.12331 0.03617
1867.00000 4.63652 0.04765 4.16893 0.06710
1868.00000 4.58544 0.05165 4.03215 0.07433
1869.00000 4.63127 0.05256 4.13855 0.04037
1870.00000 4.95480 0.08316 4.15160 0.06799
1871.00000 4.58997 0.05865 4.15322 0.05582
1872.00000 4.68066 0.05199 4.16996 0.06038
1873.00000 4.69160 0.03357 4.08402 0.08956
1874.00000 4.55084 0.05779 4.09777 0.07586
1875.00000 4.60738 0.07268 4.16795 0.05262
1876.00000 4.64450 0.05783 4.21724 0.04840
1877.00000 4.58836 0.02000 4.06947 0.04637
1878.00000 4.50857 0.06765 4.29368 0.08229
1879.00000 4.64979 0.07780 4.44689 0.08190
1880.00000 4.53646 0.03307 4.35414 0.05292
1881.00000 4.68418 0.03074 4.35841 0.03978
1882.00000 4.62900 0.04673 4.37983 0.07272
1883.00000 4.55338 0.04585 4.38116 0.03509
1884.00000 4.66348 0.06598 4.23288 0.06128
1885.00000 4.70461 0.04623 4.30514 0.06175
1886.00000 4.64436 0.05883 4.31046 0.04168
1887.00000 4.80237 0.08153 4.26100 0.05671
1888.00000 4.66173 0.05168 4.24650 0.06685
1889.00000 4.59780 0.05121 4.33716 0.07096
1890.00000 4.66712 0.05352 4.32202 0.08976
1891.00000 4.67288 0.03996 4.37575 0.06371
1892.00000 4.65079 0.03777 4.27600 0.07243
1893.00000 4.55069 0.04713 4.11461 0.05457
1894.00000 4.43818 0.05206 4.06659 0.06459
1895.00000 4.49130 0.05639 4.11660 0.05203
1896.00000 4.52103 0.04215 4.12538 0.04290
1897.00000 4.57015 0.04765 4.02304 0.06066
1898.00000 4.42959 0.05817 4.06777 0.02938
1899.00000 4.50769 0.04673 4.03535 0.04312
1900.00000 4.40917 0.09564 4.03230 0.05480
1901.00000 4.55483 0.06392 3.98970 0.07659
1902.00000 4.43568 0.07552 4.14541 0.06315
1903.00000 4.45606 0.03686 4.06874 0.03881
1904.00000 4.54956 0.04259 4.15166 0.04893
1905.00000 4.60207 0.05135 4.17898 0.06373
1906.00000 4.55613 0.03695 4.23828 0.02627
1907.00000 4.44120 0.06146 4.17715 0.06777
1908.00000 4.51913 0.03264 4.16843 0.03285
1909.00000 4.43597 0.06125 4.30391 0.03495
1910.00000 4.47467 0.04737 4.38572 0.05072
1911.00000 4.51529 0.02140 4.33515 0.04073
1912.00000 4.57192 0.04049 4.35815 0.04590
1913.00000 4.44219 0.05924 4.24024 0.06720
1914.00000 4.44579 0.05110 4.23965 0.08008
1915.00000 4.35086 0.05143 4.18517 0.06404
1916.00000 4.44367 0.03551 4.38928 0.06729
1917.00000 4.42590 0.04063 4.44856 0.07581
1918.00000 4.55180 0.03052 4.42395 0.06285
1919.00000 4.44769 0.02064 4.14266 0.07680
1920.00000 4.44693 0.06271 4.16319 0.05819
1921.00000 4.38047 0.03833 4.13616 0.05932
1922.00000 4.53585 0.07062 4.26211 0.04318
1923.00000 4.42037 0.04567 4.18821 0.04693
1924.00000 4.51294 0.08784 4.11088 0.06323
1925.00000 4.45957 0.05762 4.23373 0.06392
1926.00000 4.27393 0.05034 4.32766 0.04814
1927.00000 4.33696 0.07591 4.29474 0.04918
1928.00000 4.32681 0.04277 4.20170 0.08137
1929.00000 4.21604 0.05285 4.25543 0.06765
1930.00000 4.34624 0.05804 4.36038 0.03755
1931.00000 4.39899 0.04096 4.34284 0.01915
1932.00000 4.34114 0.03219 4.39618 0.02971
1933.00000 4.33587 0.06151 4.40168 0.06872
1934.00000 4.34569 0.04898 4.35764 0.02050
1935.00000 4.32015 0.08055 4.20916 0.09923
1936.00000 4.33694 0.04894 4.35473 0.04678
1937.00000 4.32942 0.04503 4.34652 0.01775
1938.00000 4.29830 0.05016 4.28810 0.06046
1939.00000 4.34665 0.00877 4.38676 0.06897
1940.00000 4.38211 0.06860 4.38692 0.04750
1941.00000 4.28586 0.03468 4.38702 0.03084
1942.00000 4.32557 0.04418 4.49246 0.05423
1943.00000 4.40232 0.08591 4.38923 0.04871
1944.00000 4.28161 0.05114 4.37899 0.07608
2190.00000 4.92087 0.05816 5.15730 0.05374
2191.00000 4.81754 0.05719 5.06104 0.07277
2192.00000 4.81174 0.07035 5.01613 0.05036
2193.00000 4.84011 0.06233 5.23062 0.07005
2194.00000 4.86514 0.06648 5.24642 0.06280
2195.00000 4.84182 0.07211 5.00700 0.03832
2196.00000 4.84870 0.08929 5.10324 0.08436
2197.00000 4.82710 0.02384 5.12410 0.05475
2198.00000 4.86310 0.04859 5.07167 0.04309
2199.00000 4.73810 0.07569 5.01119 0.03795
2200.00000 4.82999 0.03576 4.91880 0.03206
2201.00000 4.84929 0.04321 4.94514 0.05452
2202.00000 4.82632 0.04954 4.98917 0.05529
2203.00000 4.80299 0.07112 4.83176 0.06042
2204.00000 4.85007 0.07794 4.85292 0.04361
2205.00000 4.96745 0.05503 4.91049 0.04529
2206.00000 4.85838 0.04160 4.88404 0.08423
2207.00000 4.86202 0.04115 4.81563 0.06114
2208.00000 4.88396 0.03420 4.86091 0.05926
2209.00000 4.98632 0.05944 4.93304 0.02761
2210.00000 4.95741 0.09097 5.00999 0.06069
2211.00000 4.86075 0.04950 4.90218 0.03748
2212.00000 4.71784 0.07354 4.94423 0.06340
2213.00000 4.72617 0.08575 4.92092 0.06050
2214.00000 4.90297 0.08084 4.98152 0.05539
2215.00000 4.83871 0.05511 4.99287 0.06150
2216.00000 4.95361 0.04735 4.84206 0.03796
2217.00000 5.02607 0.06266 4.96816 0.04666
2218.00000 4.98156 0.07772 4.76412 0.04565
2219.00000 4.84949 0.07632 4.75186 0.01885
2220.00000 5.02074 0.06101 4.70457 0.06263
2221.00000 4.79552 0.03524 4.81459 0.04996
2222.00000 4.81780 0.03116 4.62769 0.06200
2223.00000 4.82844 0.08543 4.67981 0.05208
2224.00000 4.72907 0.07662 4.78144 0.07921
2225.00000 4.81163 0.07095 4.52207 0.06985
2226.00000 4.70452 0.02763 4.51347 0.06814
2227.00000 4.75358 0.03266 4.58865 0.05189
2228.00000 4.69679 0.06457 4.46447 0.06983
2229.00000 4.74424 0.08417 4.48846 0.06072
2230.00000 4.72055 0.01939 4.55582 0.05571
2231.00000 4.77986 0.03587 4.48279 0.05432
2232.00000 4.81563 0.02341 4.62980 0.04893
2233.00000 4.95736 0.06840 4.58268 0.01894
2234.00000 4.84495 0.04160 4.54607 0.05410
2235.00000 4.97978 0.06685 4.51230 0.02575
2236.00000 4.72532 0.07034 4.57398 0.04375
2237.00000 4.93884 0.08318 4.50698 0.04266
2238.00000 4.69172 0.05088 4.51386 0.03938
2239.00000 4.83470 0.04007 4.57283 0.07266
2240.00000 4.81216 0.04510 4.47271 0.04549
2241.00000 4.89429 0.01632 4.61861 0.03970
2242.00000 4.96566 0.02912 4.55147 0.03983
2243.00000 4.99651 0.06275 4.59472 0.02115
2244.00000 4.89238 0.07081 4.62821 0.05228
2245.00000 4.97228 0.03733 4.64403 0.03875
2246.00000 5.00133 0.04481 4.61660 0.06835
2247.00000 4.91477 0.04196 4.61624 0.05266
2248.00000 5.06764 0.07875 4.52860 0.02268
2249.00000 5.02638 0.06974 4.49354 0.05657
2250.00000 4.96638 0.02262 4.62109 0.06707
2251.00000 4.87976 0.07553 4.53754 0.04006
2252.00000 4.91085 0.05959 4.35693 0.08270
2253.00000 5.05301 0.07796 4.50132 0.08223
2254.00000 4.95689 0.03971 4.50320 0.03925
2255.00000 5.04194 0.05820 4.53155 0.06108
2256.00000 4.93045 0.05153 4.59466 0.04684
2257.00000 4.83819 0.06093 4.77040 0.06543
2258.00000 4.70717 0.06726 4.69746 0.05348
2259.00000 4.66102 0.05234 4.70855 0.07084
2260.00000 4.76626 0.05848 4.58864 0.06880
2261.00000 4.81456 0.02423 4.53533 0.04341
2262.00000 4.95904 0.05487 4.74351 0.05685
2263.00000 5.09303 0.04680 4.58815 0.05075
2264.00000 5.01978 0.03180 4.52456 0.03314
2265.00000 5.23652 0.05666 4.54128 0.07560
2266.00000 5.12490 0.04749 4.59180 0.02408
2267.00000 5.20901 0.06066 4.62551 0.05140
2268.00000 5.32487 0.04803 4.57480 0.05023
2269.00000 5.23066 0.09723 4.54334 0.03279
2270.00000 5.28803 0.04755 4.61865 0.06619
2271.00000 5.33956 0.04726 4.58060 0.02837
2272.00000 5.20409 0.07141 4.58126 0.03046
2273.00000 5.07438 0.06699 4.59642 0.06904
2274.00000 5.01151 0.06316 4.51701 0.07781
2275.00000 4.94692 0.05380 4.68186 0.01560
2276.00000 5.01046 0.05942 4.56203 0.04236
2277.00000 4.95652 0.02389 4.66183 0.08633
2278.00000 4.99776 0.06769 4.74111 0.07583
2279.00000 5.02947 0.05174 4.58022 0.06649
2280.00000 5.04089 0.04404 4.65776 0.04407
2281.00000 5.04416 0.05580 4.72567 0.04573
2282.00000 5.09149 0.06108 4.55884 0.02947
2283.00000 5.08779 0.05711 4.60128 0.06500
2284.00000 5.13941 0.05153 4.48999 0.02583
2285.00000 5.06730 0.05761 4.42938 0.07084
2286.00000 5.20049 0.03846 4.49315 0.06901
2287.00000 5.21630 0.06933 4.60865 0.02683
2288.00000 5.12198 0.05546 4.61793 0.04007
2289.00000 5.21641 0.06371 4.65680 0.05618
2290.00000 5.22471 0.03940 4.73501 0.07301
2291.00000 5.21968 0.06167 4.71182 0.07479
2292.00000 5.17695 0.06096 4.69570 0.07973
2293.00000 5.14810 0.08334 4.47245 0.04614
2294.00000 5.29732 0.08136 4.56253 0.07734
2295.00000 5.16219 0.05385 4.48624 0.03487
2296.00000 5.19087 0.03472 4.56467 0.03643
2297.00000 5.23947 0.03718 4.47825 0.03975
2298.00000 5.23552 0.04273 4.51312 0.03513
2299.00000 5.14654 0.04670 4.41129 0.05804
2300.00000 5.13866 0.04905 4.44028 0.05161
2301.00000 5.14754 0.04603 4.31013 0.05102
2302.00000 5.20798 0.06018 4.53122 0.06070
2303.00000 5.17651 0.05447 4.53532 0.03881
2304.00000 5.22073 0.05075 4.63888 0.04401
2305.00000 5.16392 0.05464 4.62931 0.06901
2306.00000 5.15718 0.06593 4.70559 0.06794
2307.00000 5.15124 0.05845 4.57928 0.04369
2308.00000 5.07330 0.06061 4.51420 0.03672
2309.00000 5.12096 0.03598 4.40553 0.07636
2555.00000 4.61123 0.07164 4.53447 0.03398
2556.00000 4.80553 0.06098 4.47008 0.02750
2557.00000 4.71993 0.07748 4.50556 0.05587
2558.00000 4.56330 0.05626 4.51371 0.01559
2559.00000 4.63978 0.05986 4.41865 0.05906
2560.00000 4.54187 0.06433 4.51674 0.05208
2561.00000 4.52458 0.04521 4.40027 0.01838
2562.00000 4.47624 0.03413 4.41861 0.05468
2563.00000 4.43990 0.04858 4.57914 0.05234
2564.00000 4.42991 0.04620 4.51028 0.07549
2565.00000 4.40428 0.06625 4.44332 0.05811
2566.00000 4.45564 0.04047 4.51628 0.05927
2567.00000 4.46098 0.03587 4.49664 0.05690
2568.00000 4.51990 0.04165 4.48954 0.06375
2569.00000 4.45719 0.04665 4.56925 0.05250
2570.00000 4.49906 0.05380 4.47712 0.07341
2571.00000 4.42465 0.03319 4.66797 0.04216
2572.00000 4.46759 0.05285 4.75015 0.05548
2573.00000 4.40024 0.04619 4.67487 0.04139
2574.00000 4.28869 0.04981 4.74646 0.05001
2575.00000 4.30048 0.03892 4.68161 0.04298
2576.00000 4.25769 0.05053 4.77381 0.03098
2577.00000 4.31034 0.05030 4.63595 0.07094
2578.00000 4.29966 0.03872 4.76883 0.04024
2579.00000 4.40950 0.06452 4.77382 0.04779
2580.00000 4.38748 0.04700 4.64588 0.04507
2581.00000 4.27496 0.05871 4.76499 0.05747
2582.00000 4.36027 0.03204 4.68752 0.05126
2583.00000 4.29362 0.05170 4.59966 0.04519
2584.00000 4.33012 0.05362 4.56430 0.04698
2585.00000 4.38729 0.06912 4.62616 0.04429
2586.00000 4.36921 0.08285 4.54918 0.07119
2587.00000 4.29019 0.03533 4.59312 0.07525
2588.00000 4.23464 0.07416 4.60206 0.06655
2589.00000 4.21530 0.05686 4.53709 0.05958
2590.00000 4.22925 0.05891 4.49206 0.05560
2591.00000 4.16707 0.04218 4.45311 0.03894
2592.00000 4.16593 0.03786 4.55208 0.02764
2593.00000 4.06703 0.08468 4.61797 0.05560
2594.00000 4.18157 0.06879 4.56442 0.03607
2595.00000 4.27121 0.05689 4.45176 0.02632
2596.00000 4.24397 0.05221 4.40684 0.04014
2597.00000 4.29807 0.08193 4.29986 0.03849
2598.00000 4.28870 0.04850 4.25240 0.06658
2599.00000 4.17765 0.07282 4.37242 0.06268
2600.00000 4.25264 0.03571 4.37293 0.06436
2601.00000 4.21302 0.03766 4.23474 0.08053
2602.00000 4.06640 0.08086 4.20703 0.04050
2603.00000 4.34307 0.05856 4.36812 0.05578
2604.00000 4.30988 0.03157 4.32080 0.06686
2605.00000 4.36528 0.05489 4.33402 0.02857
2606.00000 4.54749 0.05210 4.29355 0.05385
2607.00000 4.34139 0.08702 4.34655 0.04211
2608.00000 4.37823 0.04638 4.40447 0.03990
2609.00000 4.46523 0.05056 4.38011 0.05923
2610.00000 4.28229 0.07579 4.34038 0.04270
2611.00000 4.45413 0.06075 4.28377 0.07344
2612.00000 4.50248 0.04004 4.21936 0.06884
2613.00000 4.62194 0.04683 4.13051 0.04934
2614.00000 4.63774 0.06059 4.24282 0.06299
2615.00000 4.67128 0.05393 4.14651 0.03991
2616.00000 4.63421 0.05736 4.12935 0.03982
2617.00000 4.69885 0.08734 4.18541 0.06480
2618.00000 4.69932 0.03418 4.20806 0.04495
2619.00000 4.52528 0.06329 4.16316 0.06183
2620.00000 4.58766 0.05775 4.18296 0.07072
2621.00000 4.72521 0.03499 4.22410 0.06012
2622.00000 4.69229 0.05480 4.16696 0.06097
2623.00000 4.69282 0.06293 4.20284 0.04006
2624.00000 4.65480 0.06001 4.24074 0.04463
2625.00000 4.72827 0.03530 4.46729 0.06667
2626.00000 4.63391 0.06641 4.26206 0.07858
2627.00000 4.69081 0.05800 4.41224 0.04047
2628.00000 4.57628 0.05754 4.49438 0.04126
2629.00000 4.64659 0.05622 4.37295 0.06509
2630.00000 4.75528 0.05545 4.43773 0.04627
2631.00000 4.72642 0.04832 4.25376 0.05188
2632.00000 4.82965 0.09794 4.28672 0.03321
2633.00000 4.75895 0.03582 4.30345 0.06018
2634.00000 4.86262 0.06310 4.30718 0.06228
2635.00000 4.73633 0.01771 4.15661 0.04891
2636.00000 4.54891 0.08076 4.12322 0.05410
2637.00000 4.77551 0.08890 4.20439 0.04375
2638.00000 4.73076 0.03901 4.14963 0.01893
2639.00000 4.59923 0.06956 4.25841 0.06079
2640.00000 4.78806 0.07448 4.16280 0.05257
2641.00000 4.74098 0.05199 4.18088 0.05609
2642.00000 4.75764 0.06842 4.26372 0.09038
2643.00000 4.85725 0.08460 4.11397 0.03466
2644.00000 4.89409 0.07620 4.13303 0.07448
2645.00000 4.90154 0.07185 4.09668 0.09606
2646.00000 4.81843 0.04099 4.00679 0.05536
2647.00000 4.87578 0.05670 4.05744 0.05349
2648.00000 4.71538 0.03820 4.10011 0.05497
2649.00000 4.72921 0.05737 4.10581 0.04965
2650.00000 4.66859 0.04262 4.11542 0.03828
2651.00000 4.64980 0.05752 3.97819 0.08751
2652.00000 4.69958 0.04119 4.05007 0.05926
2653.00000 4.72344 0.04797 4.00706 0.04355
2654.00000 4.82981 0.04767 4.04939 0.04011
2655.00000 4.80422 0.05257 4.16006 0.07015
2656.00000 4.87226 0.04702 4.07303 0.03451
2657.00000 4.81709 0.05403 4.25393 0.05976
2658.00000 4.86314 0.05987 4.12603 0.05341
2659.00000 4.84675 0.04189 4.08546 0.03507
2660.00000 4.87760 0.05223 3.82605 0.05678
2661.00000 4.85120 0.04240 4.05335 0.06546
2662.00000 4.94322 0.04645 3.95354 0.04056
2663.00000 4.83252 0.05693 3.94590 0.06339
2664.00000 4.93748 0.06918 3.95794 0.06313
2665.00000 4.86318 0.06589 4.10868 0.06204
2666.00000 4.93156 0.05014 4.00290 0.05571
2667.00000 4.83722 0.05044 4.00772 0.05088
2668.00000 4.77494 0.06157 3.98343 0.04946
2669.00000 4.80819 0.04239 4.06676 0.05097
2670.00000 4.85110 0.04115 4.12834 0.07759
2671.00000 4.78482 0.05150 4.02465 0.06262
2672.00000 4.80724 0.04541 4.13195 0.04987
2673.00000 4.87170 0.05191 3.98628 0.04821
2674.00000 4.91934 0.08350 3.94341 0.07278
2920.00000 5.22331 0.03421 4.57791 0.06700
2921.00000 5.07388 0.03084 4.53836 0.07927
2922.00000 5.09984 0.06357 4.55892 0.04489
2923.00000 5.25589 0.06064 4.46482 0.04604
2924.00000 5.21018 0.04564 4.45840 0.03915
2925.00000 5.27426 0.03806 4.44642 0.05134
2926.00000 5.24028 0.03320 4.43533 0.04321
2927.00000 5.15141 0.05068 4.53202 0.05468
2928.00000 5.21084 0.04273 4.57969 0.06187
2929.00000 5.19852 0.05612 4.55696 0.04790
2930.00000 5.17355 0.05635 4.52152 0.05294
2931.00000 5.30077 0.05729 4.56140 0.04108
2932.00000 5.27931 0.04609 4.45726 0.05428
2933.00000 5.31051 0.05201 4.51370 0.06618
2934.00000 5.32883 0.05618 4.59218 0.04175
2935.00000 5.33747 0.04229 4.55286 0.01770
2936.00000 5.29075 0.04753 4.51386 0.02648
2937.00000 5.19235 0.05158 4.41309 0.08360
2938.00000 5.22434 0.06602 4.57054 0.05587
2939.00000 5.15648 0.01552 4.54688 0.06134
2940.00000 5.08506 0.05592 4.52891 0.06434
2941.00000 5.14286 0.06371 4.56659 0.04970
2942.00000 5.15586 0.06090 4.55389 0.05115
2943.00000 5.06104 0.03855 4.57767 0.05979
2944.00000 5.08586 0.03545 4.55359 0.05765
2945.00000 5.10294 0.05860 4.55333 0.04416
2946.00000 4.98305 0.05324 4.60502 0.07479
2947.00000 4.83623 0.07004 4.61457 0.06064
2948.00000 4.95062 0.05589 4.58804 0.06166
2949.00000 5.09415 0.04928 4.55859 0.04158
2950.00000 5.10665 0.05077 4.48944 0.06136
2951.00000 4.96855 0.02265 4.58083 0.05318
2952.00000 5.01006 0.04725 4.59700 0.07596
2953.00000 4.97547 0.06492 4.61891 0.05485
2954.00000 5.01830 0.06531 4.62215 0.05009
2955.00000 4.91694 0.05166 4.67669 0.07042
2956.00000 4.87421 0.06212 4.58001 0.07934
2957.00000 4.84971 0.05270 4.65606 0.09185
2958.00000 4.90501 0.05746 4.52799 0.05693
2959.00000 4.92169 0.04529 4.59333 0.03116
2960.00000 4.88977 0.04330 4.55871 0.05874
2961.00000 4.84155 0.06686 4.65921 0.05887
2962.00000 4.81666 0.04197 4.70833 0.05248
2963.00000 4.83086 0.03941 4.67463 0.06509
2964.00000 4.89814 0.07487 4.58644 0.07920
2965.00000 5.00521 0.05787 4.59512 0.01369
2966.00000 5.02199 0.03471 4.48298 0.06957
2967.00000 5.00461 0.07707 4.47042 0.04223
2968.00000 5.13655 0.04439 4.42926 0.06654
2969.00000 4.95905 0.07257 4.49381 0.06434
2970.00000 5.00620 0.04471 4.54808 0.05765
2971.00000 5.08856 0.05590 4.47416 0.03767
2972.00000 5.16437 0.07285 4.38897 0.05219
2973.00000 5.10124 0.03398 4.37597 0.04508
2974.00000 4.98971 0.08722 4.51652 0.03118
2975.00000 5.01949 0.06196 4.56356 0.05554
2976.00000 5.09243 0.03823 4.58719 0.05208
2977.00000 5.14366 0.03860 4.57271 0.02808
2978.00000 5.03514 0.03551 4.58476 0.06168
2979.00000 5.17878 0.09506 4.52544 0.05137
2980.00000 5.13552 0.06271 4.57700 0.05118
2981.00000 5.26162 0.05150 4.55903 0.04730
2982.00000 5.23059 0.02897 4.73334 0.07015
2983.00000 5.27809 0.06987 4.61747 0.04805
2984.00000 5.26312 0.05828 4.59476 0.03546
2985.00000 5.25376 0.06558 4.66766 0.06827
2986.00000 5.21684 0.06453 4.69766 0.06940
2987.00000 5.27968 0.04480 4.82539 0.06136
2988.00000 5.25305 0.04600 4.83937 0.02666
2989.00000 5.25584 0.07830 4.84554 0.05464
2990.00000 5.18949 0.05152 4.86041 0.04833
2991.00000 5.16071 0.06904 4.86381 0.05241
2992.00000 5.38213 0.06955 4.79999 0.04474
2993.00000 5.24097 0.03204 4.81405 0.06310
2994.00000 5.19325 0.07322 4.79851 0.04656
2995.00000 5.24561 0.03103 4.91512 0.06361
2996.00000 5.36662 0.06534 4.97240 0.05357
2997.00000 5.27035 0.07521 4.93564 0.04974
2998.00000 5.39559 0.05058 4.91190 0.02703
2999.00000 5.43066 0.06765 4.95978 0.03015
3000.00000 5.40667 0.05881 4.86418 0.05897
3001.00000 5.32913 0.03424 4.92413 0.04878
3002.00000 5.44897 0.06578 4.88231 0.05057
3003.00000 5.35961 0.05690 4.92589 0.02696
3004.00000 5.38232 0.06690 4.86764 0.05547
3005.00000 5.32217 0.02944 4.98788 0.05246
3006.00000 5.26381 0.04400 5.09339 0.04894
3007.00000 5.26755 0.03924 5.02203 0.05113
3008.00000 5.02779 0.06844 4.92999 0.07442
3009.00000 5.14070 0.05413 4.97918 0.06774
3010.00000 5.13932 0.04868 4.89915 0.01735
3011.00000 5.03185 0.05564 4.85718 0.06261
3012.00000 5.08576 0.03322 4.80828 0.04095
3013.00000 4.95192 0.08363 4.69520 0.05736
3014.00000 4.99275 0.03590 4.79643 0.01413
3015.00000 4.95423 0.01711 4.73553 0.07068
3016.00000 5.05912 0.08215 4.75401 0.06359
3017.00000 5.07031 0.03003 4.66508 0.05730
3018.00000 4.90439 0.03140 4.75293 0.04799
3019.00000 4.97632 0.05757 4.78001 0.05451
3020.00000 4.95505 0.04565 4.55959 0.04863
3021.00000 4.97345 0.03395 4.76568 0.05619
3022.00000 4.88267 0.05421 4.70430 0.05956
3023.00000 4.89577 0.05597 4.73230 0.06586
3024.00000 4.88977 0.04488 4.66964 0.04759
3025.00000 4.95469 0.07489 4.67309 0.05509
3026.00000 5.02395 0.03299 4.66207 0.04182
3027.00000 5.05375 0.06182 4.68479 0.05622
3028.00000 5.10240 0.03875 4.47483 0.04236
3029.00000 5.03653 0.05342 4.64559 0.03406
3030.00000 5.00255 0.04388 4.55261 0.03879
3031.00000 5.02190 0.04754 4.66541 0.03689
3032.00000 4.97693 0.04347 4.67525 0.04480
3033.00000 4.93104 0.01582 4.48006 0.08817
3034.00000 4.91129 0.03554 4.72419 0.06124
3035.00000 4.82234 0.03905 4.55112 0.05707
3036.00000 4.89206 0.04308 4.63953 0.07008
3037.00000 4.80167 0.06637 4.69990 0.05736
3038.00000 4.86957 0.03026 4.78903 0.04400
3039.00000 4.91365 0.03813 4.76975 0.05263
3285.00000 5.11673 0.04417 5.10353 0.04972
3286.00000 5.19350 0.06865 5.03784 0.04267
3287.00000 5.05822 0.03392 5.07191 0.06891
3288.00000 5.08261 0.04904 4.97375 0.03863
3289.00000 5.08967 0.06877 5.12131 0.04717
3290.00000 5.08799 0.06937 5.24875 0.03585
3291.00000 5.01685 0.04722 5.23031 0.03325
3292.00000 5.10660 0.05484 5.26099 0.08197
3293.00000 5.14737 0.06294 5.17121 0.05932
3294.00000 5.11737 0.06065 5.16199 0.05731
3295.00000 5.21795 0.04866 5.18968 0.05139
3296.00000 5.19695 0.03692 5.10820 0.05851
3297.00000 5.14659 0.06249 5.03582 0.04332
3298.00000 5.23331 0.07730 5.00189 0.07334
3299.00000 5.20987 0.04829 5.12624 0.07327
3300.00000 5.15501 0.05893 5.14960 0.08549
3301.00000 5.15135 0.05629 5.10638 0.05853
3302.00000 5.14968 0.05107 5.02859 0.03923
3303.00000 5.10985 0.02855 5.00862 0.09751
3304.00000 5.10944 0.07073 4.93589 0.03680
3305.00000 5.13327 0.06552 5.00537 0.07700
3306.00000 5.19547 0.03321 5.15640 0.07437
3307.00000 5.16822 0.06235 5.17548 0.06512
3308.00000 5.28358 0.05037 5.22566 0.09007
3309.00000 5.36236 0.05212 5.11409 0.04627
3310.00000 5.23710 0.06607 5.16184 0.05015
3311.00000 5.16642 0.06279 5.10608 0.03900
3312.00000 5.16235 0.04339 5.04611 0.04956
3313.00000 5.14280 0.07286 5.06097 0.06441
3314.00000 5.15900 0.03612 5.14563 0.03713
3315.00000 5.11090 0.03876 5.01587 0.06773
3316.00000 5.03504 0.04923 5.01844 0.01815
3317.00000 5.01937 0.06288 4.97715 0.07536
3318.00000 5.12413 0.04831 5.00603 0.05288
3319.00000 5.01086 0.04356 4.86693 0.05284
3320.00000 5.07229 0.03796 4.89855 0.04984
3321.00000 5.04115 0.04683 4.88048 0.06628
3322.00000 5.08132 0.07429 4.91665 0.04962
3323.00000 4.94904 0.04867 4.73588 0.06829
3324.00000 4.99306 0.06935 4.90531 0.03211
3325.00000 4.96453 0.07353 4.85845 0.05168
3326.00000 5.02877 0.05172 4.88565 0.07153
3327.00000 4.81843 0.07616 4.89049 0.02528
3328.00000 4.92229 0.04246 4.82219 0.05078
3329.00000 4.94275 0.03104 4.90492 0.06411
3330.00000 4.84726 0.06472 5.03535 0.05736
3331.00000 4.81056 0.05662 4.98516 0.05637
3332.00000 4.96521 0.06674 4.84454 0.05364
3333.00000 4.93390 0.04350 4.85552 0.06299
3334.00000 4.89682 0.06364 5.00840 0.06052
3335.00000 4.90038 0.01649 5.02621 0.06438
3336.00000 4.89794 0.01715 4.92857 0.03347
3337.00000 4.81688 0.06014 4.85781 0.05441
3338.00000 4.86671 0.04950 4.89248 0.05965
3339.00000 4.90194 0.05246 4.92077 0.09195
3340.00000 5.00695 0.04000 4.80389 0.04623
3341.00000 4.94339 0.05223 4.80280 0.04091
3342.00000 4.85095 0.06827 5.02529 0.07579
3343.00000 4.97042 0.05007 4.77410 0.03971
3344.00000 5.00369 0.06801 4.85164 0.05382
3345.00000 4.89675 0.04629 4.90861 0.07762
3346.00000 4.83064 0.05283 4.75840 0.06603
3347.00000 4.96985 0.04678 4.76085 0.01324
3348.00000 4.90647 0.04772 4.78468 0.07247
3349.00000 4.86642 0.03907 4.95655 0.05921
3350.00000 4.93434 0.06474 4.96118 0.08153
3351.00000 4.82408 0.05225 4.92063 0.05506
3352.00000 4.83677 0.06381 4.95099 0.04721
3353.00000 4.94924 0.03443 4.73833 0.05426
3354.00000 4.88712 0.04634 4.72675 0.05488
3355.00000 4.87280 0.07186 4.80261 0.04083
3356.00000 4.80431 0.05032 4.74677 0.07104
3357.00000 4.90845 0.08930 4.85545 0.03869
3358.00000 4.72792 0.05396 4.72790 0.06052
3359.00000 4.67251 0.04699 4.85574 0.06307
3360.00000 4.68736 0.05268 4.88791 0.05309
3361.00000 4.73591 0.05824 4.81960 0.04820
3362.00000 4.66954 0.03263 4.73731 0.06328
3363.00000 4.70991 0.04814 4.81280 0.04695
3364.00000 4.81147 0.06661 4.87724 0.03597
3365.00000 4.74880 0.05648 4.90125 0.06364
3366.00000 4.80303 0.02545 4.85829 0.06603
3367.00000 4.56998 0.07999 4.85989 0.03339
3368.00000 4.75776 0.03081 4.83084 0.03376
3369.00000 4.82385 0.00151 4.92118 0.04011
3370.00000 4.83999 0.02439 4.88966 0.04677
3371.00000 4.86767 0.05662 5.01392 0.04107
3372.00000 4.90128 0.04402 4.90612 0.03946
3373.00000 4.91722 0.04046 4.95162 0.03856
3374.00000 4.83797 0.05671 4.87996 0.05369
3375.00000 4.85916 0.06576 4.80347 0.04177
3376.00000 4.83889 0.05167 4.81709 0.05225
3377.00000 4.86027 0.05430 4.91537 0.04749
3378.00000 4.79038 0.10688 4.99324 0.05622
3379.00000 4.95754 0.05345 4.88353 0.05125
3380.00000 4.94168 0.05621 4.95386 0.04679
3381.00000 5.04015 0.02771 5.00819 0.06123
3382.00000 5.05192 0.04857 4.94466 0.05726
3383.00000 5.10158 0.03344 4.91325 0.04766
3384.00000 5.11794 0.06397 4.81638 0.07086
3385.00000 5.01134 0.04995 4.93993 0.06017
3386.00000 5.07793 0.05752 4.76227 0.05663
3387.00000 4.95438 0.04218 4.85444 0.03969
3388.00000 5.05916 0.01890 4.84087 0.06102
3389.00000 5.20264 0.06383 4.74793 0.05398
3390.00000 5.13148 0.04859 4.84642 0.06802
3391.00000 5.23315 0.03707 4.81814 0.06875
3392.00000 5.23475 0.04219 4.66909 0.06311
3393.00000 5.19377 0.05628 4.80466 0.06488
3394.00000 5.11285 0.04250 4.67689 0.06555
3395.00000 5.08134 0.05836 4.60100 0.05955
3396.00000 4.90110 0.11526 4.66880 0.04614
3397.00000 5.06019 0.07218 4.65821 0.02255
3398.00000 5.04419 0.08484 4.64654 0.04136
3399.00000 4.90537 0.06000 4.70089 0.06279
3400.00000 4.86447 0.04263 4.65745 0.05741
3401.00000 4.79806 0.04402 4.73356 0.03268
3402.00000 4.81492 0.05918 4.58670 0.04472
3403.00000 4.83960 0.04258 4.59875 0.02888
3404.00000 4.85751 0.05981 4.78303 0.05189
