## Time Delay Challenge light curves
##
## [time]=days, [lc]=[err]=flux in nanomaggies
##
##       time       lc_A      err_A       lc_B      err_B
##-------------------------------------------------------
      0.00000    2.37824    0.07225    8.54606    0.25481
      1.00000    2.41853    0.07268    8.84300    0.25632
      2.00000    2.26427    0.07258    7.95534    0.25448
      3.00000    2.53631    0.07252    8.38416    0.25639
      4.00000    2.28364    0.07240    8.76709    0.25537
      5.00000    2.34966    0.07232    9.07386    0.25397
      6.00000    2.43646    0.07201    8.32471    0.25386
      7.00000    2.30318    0.07178    8.64527    0.25363
      8.00000    2.32067    0.07190    7.85318    0.25184
      9.00000    2.34503    0.07232    8.39575    0.25420
     10.00000    2.45556    0.07247    8.38202    0.25453
     11.00000    2.57819    0.07237    8.38955    0.25639
     12.00000    2.40757    0.07214    8.45654    0.25464
     13.00000    2.34243    0.07271    8.40163    0.25611
     14.00000    2.45512    0.07248    8.77350    0.25620
     15.00000    2.38867    0.07297    8.00373    0.25594
     16.00000    2.43383    0.07306    9.01363    0.25704
     17.00000    2.49168    0.07221    8.25212    0.25566
     18.00000    2.36610    0.07261    8.96514    0.25513
     19.00000    2.40719    0.07220    8.99967    0.25587
     20.00000    2.32997    0.07179    9.00145    0.25192
     21.00000    2.38325    0.07183    8.57767    0.25321
     22.00000    2.42515    0.07220    8.45172    0.25529
     23.00000    2.33307    0.07213    8.39275    0.25386
     24.00000    2.37615    0.07202    8.73220    0.25361
     25.00000    2.38715    0.07213    8.42344    0.25406
     26.00000    2.37563    0.07266    8.48746    0.25634
     27.00000    2.32998    0.07248    8.58899    0.25516
     28.00000    2.32426    0.07283    8.00896    0.25596
     29.00000    2.44053    0.07355    7.97962    0.25747
     30.00000    2.46860    0.07466    8.82351    0.26126
     31.00000    2.65901    0.07477    8.76591    0.26353
     32.00000    2.32820    0.07535    8.97383    0.26489
     33.00000    2.53081    0.07567    9.08869    0.26576
     34.00000    2.52656    0.07496    8.62948    0.26539
     35.00000    2.58884    0.07462    8.65449    0.26323
     36.00000    2.51646    0.07437    8.95933    0.26231
     37.00000    2.40205    0.07393    8.42512    0.26049
     38.00000    2.44075    0.07322    8.76647    0.25808
     39.00000    2.48742    0.07343    8.50022    0.25812
     40.00000    2.43468    0.07373    8.40945    0.25796
     41.00000    2.51642    0.07379    8.46806    0.25951
     42.00000    2.34333    0.07447    8.68935    0.26071
     43.00000    2.62542    0.07487    8.65067    0.26334
     44.00000    2.61380    0.07511    8.59191    0.26466
     45.00000    2.47976    0.07515    9.18156    0.26512
     46.00000    2.57874    0.07597    9.10180    0.26717
     47.00000    2.52544    0.07565    8.75142    0.26709
     48.00000    2.46528    0.07584    8.92907    0.26433
     49.00000    2.53720    0.07592    9.12765    0.26741
     50.00000    2.58596    0.07532    8.86054    0.26700
     51.00000    2.47411    0.07508    8.64003    0.26409
     52.00000    2.45875    0.07460    8.48050    0.26415
     53.00000    2.48261    0.07464    8.82270    0.26370
     54.00000    2.52304    0.07472    8.57379    0.26211
     55.00000    2.59838    0.07507    8.91136    0.26425
     56.00000    2.45770    0.07516    8.67408    0.26343
     57.00000    2.54854    0.07531    8.81521    0.26544
     58.00000    2.52919    0.07539    9.20915    0.26530
     59.00000    2.37083    0.07532    9.03969    0.26476
     60.00000    2.48938    0.07563    9.07592    0.26525
     61.00000    2.52045    0.07591    9.00589    0.26616
     62.00000    2.53128    0.07603    9.00501    0.26691
     63.00000    2.59419    0.07707    9.51153    0.27071
     64.00000    2.41656    0.07722    9.27018    0.27157
     65.00000    2.57836    0.07724    9.11938    0.27137
     66.00000    2.54296    0.07787    9.16767    0.27231
     67.00000    2.50782    0.07863    9.41021    0.27484
     68.00000    2.63890    0.07794    9.25345    0.27619
     69.00000    2.66854    0.07833    9.06535    0.27531
     70.00000    2.56732    0.07856    9.70447    0.27589
     71.00000    2.69337    0.07881    9.20118    0.27766
     72.00000    2.60036    0.07891    9.39748    0.27630
     73.00000    2.66727    0.07986    9.06578    0.28014
     74.00000    2.55666    0.07931    9.41529    0.27991
     75.00000    2.76765    0.07926    9.51188    0.27971
     76.00000    2.39460    0.07807    9.26083    0.27632
     77.00000    2.58101    0.07764    8.72414    0.27296
     78.00000    2.63441    0.07742    9.11033    0.27161
     79.00000    2.43445    0.07778    9.37902    0.27307
     80.00000    2.57521    0.07770    9.27371    0.27293
     81.00000    2.59926    0.07816    8.59137    0.27345
     82.00000    2.67589    0.07834    9.32841    0.27553
     83.00000    2.70569    0.07824    8.91447    0.27562
     84.00000    2.56641    0.07794    9.20482    0.27663
     85.00000    2.49380    0.07806    9.45066    0.27445
     86.00000    2.71831    0.07834    9.32499    0.27584
     87.00000    2.69730    0.07807    9.11715    0.27473
     88.00000    2.51790    0.07660    8.75468    0.27051
     89.00000    2.55571    0.07587    9.22006    0.26798
     90.00000    2.55764    0.07586    9.09635    0.26792
     91.00000    2.56708    0.07573    8.46556    0.26628
     92.00000    2.52523    0.07530    8.99514    0.26585
     93.00000    2.62485    0.07556    8.43640    0.26575
     94.00000    2.38784    0.07558    8.29027    0.26631
     95.00000    2.57562    0.07493    8.93619    0.26298
     96.00000    2.50457    0.07429    8.81820    0.26127
     97.00000    2.45588    0.07416    8.60477    0.26004
     98.00000    2.54697    0.07381    8.41774    0.26117
     99.00000    2.32048    0.07488    8.59038    0.26216
    100.00000    2.56946    0.07449    8.73768    0.26195
    101.00000    2.48853    0.07380    8.76375    0.26097
    102.00000    2.36214    0.07336    9.15898    0.26058
    103.00000    2.48460    0.07358    9.01073    0.25932
    104.00000    2.40699    0.07287    8.53455    0.25922
    105.00000    2.63613    0.07339    8.58019    0.25628
    106.00000    2.58360    0.07346    8.76783    0.25871
    107.00000    2.49387    0.07384    9.04119    0.25912
    108.00000    2.45515    0.07528    8.59742    0.26413
    109.00000    2.49835    0.07629    8.95531    0.26730
    110.00000    2.49914    0.07571    9.25872    0.26753
    111.00000    2.48114    0.07571    8.95822    0.26672
    112.00000    2.43995    0.07523    8.31987    0.26624
    113.00000    2.47141    0.07548    8.64937    0.26492
    114.00000    2.51633    0.07612    9.43120    0.26584
    115.00000    2.50824    0.07643    8.63907    0.26931
    116.00000    2.49020    0.07631    9.10868    0.26826
    117.00000    2.47124    0.07626    9.04003    0.26950
    118.00000    2.71000    0.07552    8.99496    0.26625
    119.00000    2.39518    0.07518    9.26123    0.26623
    365.00000    2.62474    0.08123    9.97018    0.28591
    366.00000    2.77863    0.08229    9.93576    0.28916
    367.00000    2.72167    0.08245   10.32717    0.29046
    368.00000    2.78747    0.08257    9.78975    0.29141
    369.00000    2.81106    0.08236    9.87427    0.29025
    370.00000    2.84508    0.08224    9.79401    0.29005
    371.00000    2.80588    0.08232    9.16524    0.28995
    372.00000    2.66081    0.08228   10.25092    0.29053
    373.00000    2.83999    0.08246    8.95763    0.28993
    374.00000    2.63270    0.08340    9.68979    0.29218
    375.00000    2.78018    0.08369    9.52988    0.29466
    376.00000    2.75132    0.08379   10.21242    0.29560
    377.00000    2.71048    0.08399    9.85844    0.29446
    378.00000    2.85408    0.08413   10.04078    0.29507
    379.00000    2.79426    0.08429    9.83718    0.29725
    380.00000    2.90888    0.08468    9.35136    0.29755
    381.00000    2.69931    0.08475   10.13643    0.29674
    382.00000    2.92136    0.08547    9.60128    0.29977
    383.00000    2.87047    0.08485    9.47053    0.29857
    384.00000    2.83243    0.08465    9.93094    0.29889
    385.00000    2.69347    0.08440   10.41918    0.29675
    386.00000    2.83361    0.08566    9.94435    0.29936
    387.00000    2.72316    0.08567    9.97655    0.30188
    388.00000    2.66293    0.08521    9.90438    0.30120
    389.00000    3.08943    0.08438   10.05116    0.29796
    390.00000    2.89636    0.08443    9.48653    0.29658
    391.00000    2.98414    0.08496   10.03285    0.29865
    392.00000    2.78541    0.08465    9.67831    0.29818
    393.00000    2.85105    0.08378    9.67017    0.29618
    394.00000    2.85018    0.08375    9.91053    0.29483
    395.00000    2.82016    0.08311   10.08628    0.29429
    396.00000    2.77945    0.08337    9.87047    0.29266
    397.00000    2.73900    0.08274    9.48368    0.29213
    398.00000    2.60257    0.08325    9.80285    0.29360
    399.00000    2.82043    0.08309    9.36634    0.29172
    400.00000    2.78270    0.08243    9.51300    0.29273
    401.00000    2.84440    0.08256    9.98795    0.29122
    402.00000    2.75541    0.08335    9.68109    0.29184
    403.00000    2.92802    0.08348    9.36485    0.29385
    404.00000    2.74281    0.08340   10.11602    0.29377
    405.00000    2.69146    0.08390    9.91149    0.29299
    406.00000    2.88389    0.08415    9.81204    0.29505
    407.00000    2.75770    0.08391    9.70753    0.29573
    408.00000    2.67725    0.08346    9.89312    0.29456
    409.00000    2.78816    0.08333    9.88694    0.29365
    410.00000    2.84992    0.08360    9.77794    0.29437
    411.00000    2.78787    0.08303    9.89334    0.29249
    412.00000    2.80215    0.08283    9.85697    0.29295
    413.00000    3.09159    0.08257   10.13023    0.29053
    414.00000    2.80152    0.08203    9.40509    0.28953
    415.00000    2.85315    0.08183   10.11048    0.28946
    416.00000    2.54101    0.08106    9.03028    0.28798
    417.00000    2.72063    0.08073    9.88377    0.28368
    418.00000    2.76014    0.08093    9.26721    0.28445
    419.00000    2.66028    0.08069    9.54120    0.28434
    420.00000    2.62973    0.08102    9.56944    0.28545
    421.00000    2.72541    0.08080    9.96461    0.28386
    422.00000    2.66163    0.08061    9.65911    0.28496
    423.00000    2.66415    0.08137    9.50374    0.28568
    424.00000    2.77571    0.08050    9.49543    0.28496
    425.00000    2.78388    0.08030    9.54110    0.28212
    426.00000    2.69659    0.08017    9.45793    0.28207
    427.00000    2.66938    0.08119    9.63677    0.28457
    428.00000    2.75511    0.08140    9.66496    0.28713
    429.00000    2.76069    0.08081    9.26967    0.28444
    430.00000    2.73739    0.08060    9.00863    0.28493
    431.00000    2.54383    0.07979    9.56786    0.28240
    432.00000    2.61859    0.07936    9.13151    0.28055
    433.00000    2.67270    0.07933    9.36120    0.27937
    434.00000    2.69124    0.07926    9.19286    0.27891
    435.00000    2.70976    0.07902    9.52536    0.27783
    436.00000    2.70692    0.07940    8.86371    0.27728
    437.00000    2.54921    0.07917    8.98358    0.27944
    438.00000    2.58298    0.07917    9.06041    0.27994
    439.00000    2.55794    0.07966    9.35621    0.27979
    440.00000    2.80413    0.07980    9.21379    0.28210
    441.00000    2.66083    0.07940    9.48546    0.28091
    442.00000    2.69741    0.07960    9.50919    0.27947
    443.00000    2.72168    0.07920    8.79233    0.27924
    444.00000    2.62835    0.07964    8.70280    0.27944
    445.00000    2.56354    0.07966    9.12835    0.28074
    446.00000    2.60919    0.07929    9.24445    0.27959
    447.00000    2.61333    0.07875    9.40066    0.27840
    448.00000    2.75290    0.07903    9.60557    0.27750
    449.00000    2.69771    0.07887    9.37399    0.27843
    450.00000    2.56025    0.07940    9.42268    0.27780
    451.00000    2.70981    0.07971    9.42121    0.27873
    452.00000    2.71177    0.07960    9.74993    0.28052
    453.00000    2.55174    0.07907    9.18597    0.27912
    454.00000    2.61882    0.07882    9.53012    0.27762
    455.00000    2.49722    0.07932    9.85833    0.27773
    456.00000    2.67573    0.07948    9.53644    0.27954
    457.00000    2.62009    0.07935    9.61769    0.28008
    458.00000    2.56300    0.08014    8.76000    0.28008
    459.00000    2.63779    0.08083    9.37974    0.28164
    460.00000    2.72856    0.08127    9.35893    0.28550
    461.00000    2.66368    0.08126    9.15857    0.28642
    462.00000    2.71988    0.08087    9.56191    0.28495
    463.00000    2.72462    0.08041    9.40407    0.28411
    464.00000    2.62721    0.08085    9.33379    0.28414
    465.00000    2.65039    0.08026    9.07254    0.28342
    466.00000    2.86263    0.08069    9.44959    0.28329
    467.00000    2.70903    0.08098    9.59374    0.28443
    468.00000    2.64025    0.08127    9.57153    0.28600
    469.00000    2.69723    0.08077    9.90724    0.28412
    470.00000    2.58375    0.08076    9.55711    0.28680
    471.00000    2.80366    0.08135    9.50722    0.28651
    472.00000    2.71987    0.08070    9.31889    0.28598
    473.00000    2.78233    0.08084    9.28319    0.28446
    474.00000    2.77278    0.08099    9.02422    0.28533
    475.00000    2.77111    0.08217    9.46898    0.28779
    476.00000    2.83667    0.08268    9.41059    0.29159
    477.00000    2.78044    0.08294    9.64089    0.29126
    478.00000    2.70268    0.08272    9.17610    0.29142
    479.00000    2.66785    0.08257    9.38764    0.29164
    480.00000    2.75121    0.08366    9.83709    0.29177
    481.00000    2.57276    0.08346    9.78683    0.29415
    482.00000    2.92019    0.08306    9.89086    0.29276
    483.00000    2.62228    0.08293    9.38920    0.29285
    484.00000    2.76501    0.08314    9.20908    0.29244
    730.00000    2.58208    0.08065    9.14159    0.28181
    731.00000    2.51940    0.08047    9.46245    0.28413
    732.00000    2.66664    0.08020    9.50518    0.28147
    733.00000    2.65546    0.08040    9.65599    0.28283
    734.00000    2.65331    0.07998    9.91036    0.28278
    735.00000    2.71658    0.08018    9.72101    0.28200
    736.00000    2.63003    0.08039    9.17646    0.28227
    737.00000    2.69721    0.08001    9.24872    0.28079
    738.00000    2.70799    0.08001    9.22800    0.28223
    739.00000    2.66268    0.08069    9.59873    0.28364
    740.00000    2.66805    0.08073    9.62171    0.28354
    741.00000    2.72180    0.08036    9.17922    0.28355
    742.00000    2.70579    0.08103    9.79688    0.28388
    743.00000    2.73559    0.08168    9.56441    0.28587
    744.00000    2.52531    0.08157    9.40729    0.28643
    745.00000    2.71215    0.08122    9.23470    0.28498
    746.00000    2.72804    0.08093    9.75087    0.28508
    747.00000    2.66418    0.08025    8.77993    0.28367
    748.00000    2.70154    0.08024    9.16665    0.28377
    749.00000    2.78752    0.07911    8.91410    0.28086
    750.00000    2.64145    0.07904    9.27752    0.27812
    751.00000    2.66850    0.07849    9.22861    0.27669
    752.00000    2.54439    0.07833    9.10752    0.27573
    753.00000    2.52119    0.07762    8.98413    0.27395
    754.00000    2.56448    0.07806    9.01504    0.27430
    755.00000    2.52401    0.07811    9.47509    0.27487
    756.00000    2.60123    0.07805    8.54528    0.27430
    757.00000    2.51898    0.07775    9.43785    0.27349
    758.00000    2.58486    0.07795    8.87011    0.27280
    759.00000    2.49987    0.07838    8.83241    0.27432
    760.00000    2.48771    0.07852    8.81736    0.27708
    761.00000    2.56744    0.07862    8.98358    0.27644
    762.00000    2.53214    0.07848    9.17356    0.27514
    763.00000    2.57334    0.07874    9.43983    0.27547
    764.00000    2.58852    0.07911    8.83220    0.27827
    765.00000    2.61578    0.07931    9.03862    0.27850
    766.00000    2.71827    0.07907    9.35526    0.27889
    767.00000    2.73050    0.07868    9.33786    0.27754
    768.00000    2.68712    0.07890    9.05074    0.27593
    769.00000    2.58119    0.07828    9.10303    0.27761
    770.00000    2.71913    0.07807    9.61372    0.27511
    771.00000    2.50231    0.07868    9.05071    0.27590
    772.00000    2.45874    0.07853    9.39088    0.27443
    773.00000    2.64872    0.07883    9.64212    0.27635
    774.00000    2.60640    0.07820    9.91882    0.27685
    775.00000    2.60421    0.07845    9.56389    0.27639
    776.00000    2.62092    0.07855    9.64226    0.27692
    777.00000    2.49665    0.07878    9.94344    0.27748
    778.00000    2.53881    0.07890    9.31612    0.27760
    779.00000    2.71121    0.07843    8.92307    0.27569
    780.00000    2.68942    0.07827    9.45090    0.27646
    781.00000    2.55849    0.07845    9.24862    0.27665
    782.00000    2.75934    0.07824    8.83623    0.27447
    783.00000    2.51130    0.07784    9.20300    0.27413
    784.00000    2.55289    0.07792    9.05494    0.27394
    785.00000    2.64059    0.07853    9.21243    0.27567
    786.00000    2.50742    0.07802    9.52303    0.27739
    787.00000    2.54473    0.07748    9.48523    0.27463
    788.00000    2.56821    0.07745    9.35252    0.27194
    789.00000    2.54789    0.07735    9.49032    0.27286
    790.00000    2.65629    0.07766    9.01003    0.27260
    791.00000    2.64190    0.07787    8.96448    0.27383
    792.00000    2.53648    0.07869    9.23567    0.27584
    793.00000    2.55907    0.07837    9.27376    0.27561
    794.00000    2.61147    0.07792    8.83110    0.27487
    795.00000    2.60091    0.07818    9.25898    0.27647
    796.00000    2.57172    0.07902    8.95570    0.27565
    797.00000    2.67524    0.07925    9.10813    0.27906
    798.00000    2.70051    0.07907    9.43961    0.27946
    799.00000    2.60077    0.07953    9.38242    0.27816
    800.00000    2.68948    0.07882    9.34831    0.27828
    801.00000    2.49759    0.07876    9.11444    0.27579
    802.00000    2.51643    0.07933    9.12841    0.27758
    803.00000    2.65460    0.07846    9.64154    0.27717
    804.00000    2.56775    0.07901    9.15495    0.27785
    805.00000    2.55273    0.07894    9.24880    0.27891
    806.00000    2.58883    0.07828    8.90206    0.27714
    807.00000    2.54529    0.07794    8.62186    0.27493
    808.00000    2.61035    0.07755    9.75517    0.27283
    809.00000    2.46049    0.07718    8.93637    0.27178
    810.00000    2.51921    0.07643    8.94485    0.27089
    811.00000    2.76035    0.07564    8.72987    0.26697
    812.00000    2.51258    0.07513    8.94705    0.26462
    813.00000    2.35073    0.07482    8.66091    0.26447
    814.00000    2.51843    0.07422    9.04652    0.26083
    815.00000    2.52872    0.07463    8.39531    0.26251
    816.00000    2.59733    0.07481    8.53431    0.26270
    817.00000    2.48776    0.07430    8.50167    0.26239
    818.00000    2.45383    0.07509    8.55249    0.26231
    819.00000    2.59650    0.07474    8.77519    0.26432
    820.00000    2.57669    0.07568    8.36671    0.26427
    821.00000    2.40098    0.07614    9.36465    0.26750
    822.00000    2.58449    0.07583    8.86192    0.26592
    823.00000    2.52744    0.07636    9.39450    0.26861
    824.00000    2.62638    0.07625    9.82603    0.26929
    825.00000    2.51378    0.07627    9.12234    0.26759
    826.00000    2.59145    0.07595    9.33509    0.26900
    827.00000    2.54396    0.07588    9.33198    0.26824
    828.00000    2.57302    0.07586    8.60367    0.26718
    829.00000    2.52213    0.07571    9.18827    0.26610
    830.00000    2.52030    0.07656    8.41823    0.26902
    831.00000    2.55509    0.07650    8.93369    0.26972
    832.00000    2.58146    0.07600    8.49501    0.26851
    833.00000    2.53358    0.07507    8.67424    0.26626
    834.00000    2.60969    0.07467    8.62572    0.26416
    835.00000    2.50499    0.07420    8.68517    0.26158
    836.00000    2.53228    0.07455    8.59612    0.26149
    837.00000    2.64108    0.07453    8.95210    0.26125
    838.00000    2.47924    0.07423    8.97594    0.26246
    839.00000    2.56064    0.07560    8.71463    0.26365
    840.00000    2.46964    0.07545    8.95586    0.26345
    841.00000    2.54638    0.07630    9.13339    0.26783
    842.00000    2.64651    0.07567    9.20871    0.26658
    843.00000    2.55856    0.07605    8.52220    0.26773
    844.00000    2.68968    0.07732    8.86635    0.27024
    845.00000    2.50613    0.07767    8.90131    0.27215
    846.00000    2.48249    0.07774    8.73040    0.27438
    847.00000    2.62712    0.07809    9.27702    0.27462
    848.00000    2.49840    0.07816    9.04658    0.27545
    849.00000    2.81269    0.07812    8.96455    0.27548
   1095.00000    2.86294    0.08279    9.86495    0.29040
   1096.00000    2.65499    0.08274    9.38522    0.29108
   1097.00000    2.76661    0.08342    9.77314    0.29257
   1098.00000    2.70851    0.08269    9.95786    0.29262
   1099.00000    2.79424    0.08279    9.47086    0.29187
   1100.00000    2.73291    0.08213    9.72667    0.28888
   1101.00000    2.83536    0.08275   10.01244    0.29130
   1102.00000    2.84537    0.08176    9.51794    0.29014
   1103.00000    2.69054    0.08126    9.41278    0.28618
   1104.00000    2.60083    0.08087    9.63445    0.28529
   1105.00000    2.74233    0.08090    9.72640    0.28443
   1106.00000    2.68987    0.08110    9.19200    0.28630
   1107.00000    2.78633    0.08081    9.52321    0.28650
   1108.00000    2.67295    0.08056    9.32835    0.28341
   1109.00000    2.74947    0.08048    9.68700    0.28372
   1110.00000    2.71608    0.08067    9.16221    0.28304
   1111.00000    2.66480    0.08040    9.71588    0.28375
   1112.00000    2.59715    0.07898    9.29861    0.27949
   1113.00000    2.70267    0.07938    9.72016    0.27946
   1114.00000    2.85176    0.07952    9.39564    0.28019
   1115.00000    2.70872    0.07927    9.52330    0.28089
   1116.00000    2.60275    0.07839    9.19922    0.27718
   1117.00000    2.68847    0.07898    9.08525    0.27611
   1118.00000    2.63817    0.07888    9.30370    0.27843
   1119.00000    2.51949    0.07861    9.01048    0.27786
   1120.00000    2.65068    0.07879    9.36611    0.27776
   1121.00000    2.72992    0.07826    9.13025    0.27750
   1122.00000    2.58241    0.07821    9.42670    0.27616
   1123.00000    2.53374    0.07867    8.76081    0.27655
   1124.00000    2.67863    0.07920    9.18980    0.27707
   1125.00000    2.77049    0.07879    8.77619    0.27795
   1126.00000    2.70802    0.07901    9.39384    0.27551
   1127.00000    2.73671    0.07967    9.57811    0.28003
   1128.00000    2.82874    0.07938    9.61141    0.27981
   1129.00000    2.76453    0.07909    9.29526    0.27929
   1130.00000    2.69173    0.07906    9.20197    0.27776
   1131.00000    2.63023    0.07940    9.81029    0.27916
   1132.00000    2.64536    0.07903    8.83433    0.28080
   1133.00000    2.63932    0.07943    8.84488    0.27936
   1134.00000    2.70958    0.07927    9.28858    0.27993
   1135.00000    2.56930    0.07918    9.43677    0.27830
   1136.00000    2.77600    0.07959    9.68169    0.27939
   1137.00000    2.66369    0.07956    9.41100    0.28017
   1138.00000    2.65044    0.08048    9.30679    0.28232
   1139.00000    2.74583    0.08041    9.40353    0.28257
   1140.00000    2.49641    0.07986    9.29979    0.28172
   1141.00000    2.59257    0.07977    9.84672    0.28086
   1142.00000    2.66175    0.08146    9.02922    0.28362
   1143.00000    2.78380    0.08151    9.43999    0.28711
   1144.00000    2.69688    0.08211    9.60763    0.28858
   1145.00000    2.84592    0.08188    9.44327    0.28565
   1146.00000    2.68056    0.08151    9.52473    0.28735
   1147.00000    2.74106    0.08097    9.55993    0.28574
   1148.00000    2.63920    0.08089    9.12443    0.28472
   1149.00000    2.78858    0.08085    9.20452    0.28509
   1150.00000    2.66870    0.08068    9.63322    0.28475
   1151.00000    2.72826    0.08059    9.02883    0.28399
   1152.00000    2.65334    0.08080    9.64920    0.28428
   1153.00000    2.59214    0.08038    9.88925    0.28330
   1154.00000    2.66154    0.08040    9.67088    0.28271
   1155.00000    2.76875    0.08041    9.53739    0.28352
   1156.00000    2.60018    0.08046    9.03089    0.28308
   1157.00000    2.56058    0.08051    9.55200    0.28290
   1158.00000    2.63779    0.07987    8.94232    0.28125
   1159.00000    2.73864    0.08028    9.56662    0.28087
   1160.00000    2.57981    0.07993    8.91870    0.28175
   1161.00000    2.59810    0.07924    9.90964    0.27989
   1162.00000    2.63556    0.07863    9.62118    0.27592
   1163.00000    2.59652    0.07868    8.87666    0.27729
   1164.00000    2.63406    0.07835    8.90367    0.27716
   1165.00000    2.68910    0.07789    9.61813    0.27563
   1166.00000    2.60808    0.07819    9.04517    0.27263
   1167.00000    2.60473    0.07830    8.82956    0.27504
   1168.00000    2.67739    0.07852    8.94957    0.27662
   1169.00000    2.60533    0.07830    9.10714    0.27510
   1170.00000    2.55003    0.07875    9.29866    0.27673
   1171.00000    2.56344    0.07932    9.43104    0.27911
   1172.00000    2.57097    0.07980    9.54443    0.27931
   1173.00000    2.79921    0.07942    8.91947    0.28030
   1174.00000    2.63403    0.07913    9.41992    0.27908
   1175.00000    2.67619    0.07892    9.32509    0.27785
   1176.00000    2.70625    0.07948    9.69969    0.27837
   1177.00000    2.58156    0.07969    9.20613    0.28095
   1178.00000    2.70458    0.07964    9.39591    0.28084
   1179.00000    2.61578    0.07983   10.03018    0.28143
   1180.00000    2.48108    0.07941    9.28644    0.28064
   1181.00000    2.60711    0.07872    9.54494    0.27745
   1182.00000    2.55434    0.07918    9.14319    0.27752
   1183.00000    2.62478    0.07955    9.74565    0.27788
   1184.00000    2.70407    0.08030    8.95542    0.28254
   1185.00000    2.84959    0.08001    8.92759    0.28236
   1186.00000    2.65238    0.08077   10.09082    0.28431
   1187.00000    2.63477    0.07943    8.89320    0.28126
   1188.00000    2.65851    0.07888    8.97556    0.27824
   1189.00000    2.66836    0.07961    9.39059    0.27857
   1190.00000    2.65159    0.07993    9.00882    0.28078
   1191.00000    2.55570    0.07925    9.17277    0.27939
   1192.00000    2.55694    0.07897    8.83127    0.27847
   1193.00000    2.61047    0.07875    9.24116    0.27789
   1194.00000    2.53159    0.07869    9.96937    0.27736
   1195.00000    2.56966    0.07864    9.18461    0.27613
   1196.00000    2.51424    0.07837    8.90526    0.27506
   1197.00000    2.72700    0.07914    8.85024    0.27847
   1198.00000    2.52580    0.07934    9.21453    0.27799
   1199.00000    2.80762    0.07968    9.92008    0.28021
   1200.00000    2.58401    0.07889    8.67991    0.27901
   1201.00000    2.57231    0.07969    9.38760    0.28030
   1202.00000    2.55922    0.07960    9.07909    0.28004
   1203.00000    2.71236    0.07951    9.22203    0.28125
   1204.00000    2.72004    0.07916    9.72278    0.28005
   1205.00000    2.55077    0.07852    8.89331    0.27730
   1206.00000    2.64273    0.07850    9.11689    0.27689
   1207.00000    2.63158    0.07930    9.14672    0.27865
   1208.00000    2.61592    0.07905    9.45693    0.27832
   1209.00000    2.63013    0.07855    9.41656    0.27698
   1210.00000    2.66232    0.07808    9.09467    0.27609
   1211.00000    2.47047    0.07864    9.16917    0.27572
   1212.00000    2.44240    0.07852    9.29012    0.27731
   1213.00000    2.63690    0.07862    8.92626    0.27652
   1214.00000    2.61160    0.07851    9.90244    0.27529
   1460.00000    2.75906    0.08111    9.03392    0.28523
   1461.00000    2.57757    0.08150    9.54362    0.28613
   1462.00000    2.61605    0.08088    9.59599    0.28481
   1463.00000    2.79271    0.08007    9.84204    0.28340
   1464.00000    2.59291    0.08097    9.34465    0.28394
   1465.00000    2.72868    0.08098    8.95575    0.28514
   1466.00000    2.65950    0.08173    9.64886    0.28700
   1467.00000    2.67849    0.08134    9.20502    0.28797
   1468.00000    2.61978    0.08198    9.69090    0.28664
   1469.00000    2.79744    0.08104   10.48517    0.28560
   1470.00000    2.54915    0.08111    9.46101    0.28558
   1471.00000    2.62202    0.08159    9.62126    0.28606
   1472.00000    2.61377    0.08061   10.09573    0.28491
   1473.00000    2.77440    0.08039    8.93711    0.28203
   1474.00000    2.69121    0.08002    9.65686    0.28205
   1475.00000    2.73513    0.08042    8.49551    0.28112
   1476.00000    2.69415    0.08087    9.45448    0.28515
   1477.00000    2.69682    0.08034    9.09394    0.28246
   1478.00000    2.68168    0.07928    9.25653    0.28095
   1479.00000    2.74683    0.07875    9.21233    0.27716
   1480.00000    2.63422    0.07845    9.00102    0.27608
   1481.00000    2.50021    0.07846    9.05555    0.27601
   1482.00000    2.71048    0.07861    9.07654    0.27626
   1483.00000    2.63737    0.07889    9.71351    0.27734
   1484.00000    2.54173    0.07887    9.15481    0.27741
   1485.00000    2.59960    0.07840    9.16056    0.27695
   1486.00000    2.52980    0.07820    8.91182    0.27550
   1487.00000    2.76987    0.07820    9.00766    0.27383
   1488.00000    2.59554    0.07868    8.44869    0.27657
   1489.00000    2.45523    0.07836    9.31516    0.27632
   1490.00000    2.65079    0.07881    9.01704    0.27888
   1491.00000    2.53258    0.07792    8.59522    0.27583
   1492.00000    2.70062    0.07800    9.35120    0.27469
   1493.00000    2.60275    0.07777    8.89014    0.27432
   1494.00000    2.46775    0.07821    9.42041    0.27463
   1495.00000    2.58446    0.07872    9.15971    0.27648
   1496.00000    2.53278    0.07855    9.66890    0.27726
   1497.00000    2.55709    0.07850    8.92903    0.27549
   1498.00000    2.57385    0.07874    9.25548    0.27682
   1499.00000    2.48230    0.07924    9.59338    0.27754
   1500.00000    2.65410    0.07916    9.29698    0.27884
   1501.00000    2.56558    0.07904    9.49729    0.27824
   1502.00000    2.58282    0.07962    9.29096    0.27769
   1503.00000    2.71754    0.07973    9.58970    0.27911
   1504.00000    2.77580    0.07879    9.30331    0.27872
   1505.00000    2.59106    0.07923    9.56647    0.27856
   1506.00000    2.77087    0.07884    9.33074    0.27671
   1507.00000    2.48002    0.07929    9.66256    0.27705
   1508.00000    2.68625    0.07925    9.18771    0.27868
   1509.00000    2.59121    0.07912    9.09498    0.27897
   1510.00000    2.64022    0.07938    9.50334    0.27926
   1511.00000    2.56475    0.07929    9.52833    0.28005
   1512.00000    2.60360    0.07953    9.54924    0.28037
   1513.00000    2.63374    0.07977    9.68178    0.28118
   1514.00000    2.62534    0.07959    9.00589    0.27921
   1515.00000    2.71266    0.08039    9.66574    0.28216
   1516.00000    2.85150    0.07996    9.44289    0.28119
   1517.00000    2.60423    0.07964    8.93099    0.28065
   1518.00000    2.64865    0.07983    9.80251    0.28178
   1519.00000    2.51577    0.07965    8.98549    0.28210
   1520.00000    2.43313    0.07896    9.45046    0.27961
   1521.00000    2.73580    0.07879    9.34339    0.27697
   1522.00000    2.52330    0.07884    9.61558    0.27785
   1523.00000    2.52733    0.07755    8.90604    0.27352
   1524.00000    2.59148    0.07769    8.89146    0.27177
   1525.00000    2.65728    0.07760    8.77793    0.27164
   1526.00000    2.61262    0.07764    9.00281    0.27403
   1527.00000    2.71417    0.07711    8.65192    0.27357
   1528.00000    2.52581    0.07619    9.18215    0.26890
   1529.00000    2.39657    0.07607    9.01950    0.26827
   1530.00000    2.53704    0.07580    8.62948    0.26647
   1531.00000    2.53814    0.07587    9.33979    0.26637
   1532.00000    2.45996    0.07566    9.11107    0.26597
   1533.00000    2.50086    0.07578    8.52127    0.26695
   1534.00000    2.49156    0.07609    9.05661    0.26702
   1535.00000    2.68050    0.07644    8.75302    0.26853
   1536.00000    2.51506    0.07686    8.95037    0.27015
   1537.00000    2.45774    0.07695    8.82533    0.27050
   1538.00000    2.56215    0.07623    8.81095    0.27056
   1539.00000    2.39718    0.07607    9.14431    0.26793
   1540.00000    2.57962    0.07641    9.09303    0.26791
   1541.00000    2.56892    0.07614    9.04015    0.26889
   1542.00000    2.49266    0.07672    9.05715    0.26989
   1543.00000    2.50084    0.07631    8.53068    0.27062
   1544.00000    2.49367    0.07618    9.19973    0.26907
   1545.00000    2.67489    0.07654    8.81328    0.26923
   1546.00000    2.59430    0.07692    8.71337    0.26927
   1547.00000    2.46286    0.07665    9.22439    0.27087
   1548.00000    2.45564    0.07653    8.73365    0.26941
   1549.00000    2.50986    0.07547    8.64837    0.26613
   1550.00000    2.49703    0.07494    8.55322    0.26383
   1551.00000    2.44086    0.07495    9.08540    0.26411
   1552.00000    2.53197    0.07530    8.81498    0.26347
   1553.00000    2.50478    0.07559    9.19590    0.26515
   1554.00000    2.61470    0.07599    8.31765    0.26707
   1555.00000    2.60617    0.07717    9.00205    0.26969
   1556.00000    2.56093    0.07704    9.06999    0.27050
   1557.00000    2.55598    0.07637    8.88127    0.26982
   1558.00000    2.47408    0.07624    9.15884    0.26936
   1559.00000    2.61135    0.07631    8.78744    0.26854
   1560.00000    2.55878    0.07589    8.70140    0.26669
   1561.00000    2.51205    0.07632    8.83129    0.26772
   1562.00000    2.57000    0.07683    9.47874    0.26770
   1563.00000    2.50788    0.07647    9.01850    0.26823
   1564.00000    2.74796    0.07671    9.09001    0.27091
   1565.00000    2.53901    0.07722    8.87841    0.27164
   1566.00000    2.59777    0.07674    9.11174    0.27223
   1567.00000    2.59108    0.07689    8.83632    0.27018
   1568.00000    2.50161    0.07689    8.87387    0.27079
   1569.00000    2.57020    0.07709    9.53388    0.27113
   1570.00000    2.51862    0.07629    8.80618    0.26961
   1571.00000    2.55705    0.07614    8.44512    0.26845
   1572.00000    2.55112    0.07595    9.39366    0.26724
   1573.00000    2.61154    0.07658    8.65280    0.26786
   1574.00000    2.59522    0.07607    8.63783    0.26866
   1575.00000    2.48549    0.07549    9.04690    0.26553
   1576.00000    2.46134    0.07502    8.43109    0.26455
   1577.00000    2.47405    0.07556    8.85842    0.26409
   1578.00000    2.43991    0.07514    9.18092    0.26457
   1579.00000    2.37284    0.07511    9.04559    0.26432
   1825.00000    2.76287    0.08141    9.45588    0.28644
   1826.00000    2.69358    0.08100    9.51839    0.28583
   1827.00000    2.68687    0.08112    9.42929    0.28524
   1828.00000    2.57345    0.08124    9.73665    0.28479
   1829.00000    2.59920    0.08165    9.90908    0.28631
   1830.00000    2.54805    0.08268    9.63321    0.28977
   1831.00000    2.73008    0.08216    9.40402    0.29040
   1832.00000    2.77689    0.08167    9.84252    0.28862
   1833.00000    2.78330    0.08204    9.74985    0.28750
   1834.00000    2.73516    0.08225   10.06155    0.28831
   1835.00000    2.64199    0.08191    9.62221    0.28878
   1836.00000    2.77496    0.08327    9.17546    0.28980
   1837.00000    2.76751    0.08302    8.97153    0.29151
   1838.00000    2.78332    0.08177   10.00659    0.29032
   1839.00000    2.77385    0.08135    9.71470    0.28689
   1840.00000    2.71269    0.08204    9.41569    0.28827
   1841.00000    2.73286    0.08207    9.69707    0.28930
   1842.00000    2.78124    0.08173    9.42837    0.28719
   1843.00000    2.76761    0.08191    9.50427    0.28711
   1844.00000    2.71399    0.08184    9.41525    0.28810
   1845.00000    2.54011    0.08151    9.34065    0.28734
   1846.00000    2.64925    0.08110    9.26669    0.28503
   1847.00000    2.76809    0.08100    9.50186    0.28419
   1848.00000    2.71500    0.08109    9.54098    0.28641
   1849.00000    2.77459    0.08092    9.38925    0.28335
   1850.00000    2.66068    0.08066    9.04930    0.28517
   1851.00000    2.69345    0.08061    9.25140    0.28393
   1852.00000    2.77726    0.08138    9.38634    0.28539
   1853.00000    2.78025    0.08172    9.59633    0.28800
   1854.00000    2.77333    0.08223    9.67730    0.28790
   1855.00000    2.80537    0.08150    9.79264    0.28675
   1856.00000    2.81530    0.08121    8.96347    0.28617
   1857.00000    2.83434    0.08163    9.13873    0.28452
   1858.00000    2.57857    0.08139    9.43279    0.28620
   1859.00000    2.68557    0.08176    9.84922    0.28629
   1860.00000    2.71074    0.08213    9.55676    0.28748
   1861.00000    2.68557    0.08146    9.59119    0.28838
   1862.00000    2.57639    0.08128    9.70947    0.28770
   1863.00000    2.81974    0.08141    9.52021    0.28592
   1864.00000    2.62474    0.08118    9.21032    0.28660
   1865.00000    2.70097    0.08079    9.40621    0.28566
   1866.00000    2.46796    0.07979    9.70634    0.28176
   1867.00000    2.62839    0.08007    9.36215    0.28094
   1868.00000    2.66051    0.08044    9.67973    0.28319
   1869.00000    2.59000    0.07994    9.40127    0.28226
   1870.00000    2.70211    0.07931    8.89483    0.27940
   1871.00000    2.80965    0.07867    9.66185    0.27795
   1872.00000    2.54223    0.07832    8.88663    0.27591
   1873.00000    2.53919    0.07821    9.20404    0.27512
   1874.00000    2.72479    0.07766    9.27428    0.27506
   1875.00000    2.64669    0.07808    9.05168    0.27375
   1876.00000    2.56642    0.07773    8.73790    0.27360
   1877.00000    2.48759    0.07761    9.27104    0.27391
   1878.00000    2.62773    0.07714    9.58350    0.27155
   1879.00000    2.59819    0.07745    9.18805    0.27303
   1880.00000    2.73607    0.07843    8.88657    0.27447
   1881.00000    2.56162    0.07891    8.86839    0.27740
   1882.00000    2.61202    0.07877    9.12643    0.27690
   1883.00000    2.61138    0.07907    9.49814    0.27885
   1884.00000    2.62274    0.07920    8.60181    0.27786
   1885.00000    2.73934    0.07965    9.24787    0.27939
   1886.00000    2.72650    0.07978    9.36522    0.28157
   1887.00000    2.61999    0.08014    9.74119    0.28138
   1888.00000    2.66901    0.08029    9.29110    0.28138
   1889.00000    2.64540    0.07992    9.34775    0.28365
   1890.00000    2.75380    0.08047    9.48038    0.28370
   1891.00000    2.66748    0.08045    9.31475    0.28347
   1892.00000    2.59777    0.08064    9.57907    0.28381
   1893.00000    2.63879    0.07999    9.77543    0.28316
   1894.00000    2.65065    0.07963    9.62832    0.27956
   1895.00000    2.70385    0.07894    9.29280    0.27845
   1896.00000    2.73540    0.07904    9.42472    0.27989
   1897.00000    2.72505    0.07870    9.18111    0.27788
   1898.00000    2.62078    0.07777    8.62657    0.27425
   1899.00000    2.55366    0.07782    8.97831    0.27421
   1900.00000    2.66902    0.07870    9.02361    0.27481
   1901.00000    2.59913    0.07842    9.36538    0.27568
   1902.00000    2.57460    0.07871    9.52415    0.27564
   1903.00000    2.65351    0.07892    8.78430    0.27722
   1904.00000    2.66084    0.07888    9.34353    0.27705
   1905.00000    2.69806    0.07890    9.60546    0.27581
   1906.00000    2.56712    0.07916    9.48754    0.27805
   1907.00000    2.48631    0.07853    9.36372    0.27784
   1908.00000    2.67206    0.07898    9.39476    0.27848
   1909.00000    2.54418    0.07862    9.47995    0.27668
   1910.00000    2.66184    0.07755    9.31226    0.27603
   1911.00000    2.51004    0.07789    9.30425    0.27447
   1912.00000    2.52969    0.07726    8.97855    0.27322
   1913.00000    2.44167    0.07748    9.06301    0.27185
   1914.00000    2.75836    0.07799    8.93027    0.27402
   1915.00000    2.56049    0.07792    9.16975    0.27387
   1916.00000    2.58504    0.07777    9.50191    0.27475
   1917.00000    2.54439    0.07759    9.15782    0.27487
   1918.00000    2.57638    0.07789    9.17954    0.27388
   1919.00000    2.66599    0.07807    9.24288    0.27432
   1920.00000    2.61561    0.07826    8.93899    0.27560
   1921.00000    2.64470    0.07941    8.88889    0.27770
   1922.00000    2.74362    0.07951    9.53878    0.27885
   1923.00000    2.53562    0.07933    9.26943    0.27954
   1924.00000    2.74734    0.07976    8.82006    0.28038
   1925.00000    2.76975    0.07934    9.54101    0.27919
   1926.00000    2.54641    0.07976    9.59169    0.27928
   1927.00000    2.67755    0.07972    9.23646    0.28136
   1928.00000    2.54931    0.07960    9.38219    0.28100
   1929.00000    2.48588    0.07967    9.22354    0.28008
   1930.00000    2.56039    0.07886    8.98005    0.27802
   1931.00000    2.67883    0.07916    9.06002    0.27838
   1932.00000    2.69903    0.07922    8.67732    0.27960
   1933.00000    2.60447    0.07905    9.13754    0.27901
   1934.00000    2.57135    0.07924    9.11278    0.27994
   1935.00000    2.60448    0.07922    9.13923    0.27893
   1936.00000    2.55764    0.07846    9.75701    0.27832
   1937.00000    2.57557    0.07880    9.28324    0.27693
   1938.00000    2.44093    0.07898    9.08767    0.27755
   1939.00000    2.58899    0.07827    9.23128    0.27614
   1940.00000    2.61017    0.07863    8.28551    0.27538
   1941.00000    2.78123    0.07835    9.09613    0.27648
   1942.00000    2.66321    0.07835    8.99086    0.27498
   1943.00000    2.59091    0.07810    8.75716    0.27472
   1944.00000    2.60172    0.07793    8.81505    0.27367
   2190.00000    2.65128    0.07881    9.82392    0.27723
   2191.00000    2.55931    0.07848    9.26106    0.27662
   2192.00000    2.46644    0.07898    8.47122    0.27582
   2193.00000    2.56506    0.07873    9.11738    0.27740
   2194.00000    2.61358    0.07900    8.95497    0.27688
   2195.00000    2.64366    0.07909    9.42164    0.27842
   2196.00000    2.55428    0.07837    9.09799    0.27767
   2197.00000    2.55113    0.07877    8.96734    0.27720
   2198.00000    2.59615    0.07856   10.21556    0.27682
   2199.00000    2.61705    0.07844    9.51259    0.27710
   2200.00000    2.66211    0.07857    9.55394    0.27682
   2201.00000    2.60069    0.07865    9.08384    0.27688
   2202.00000    2.65974    0.07881    9.11054    0.27658
   2203.00000    2.53062    0.07832    9.18826    0.27572
   2204.00000    2.65601    0.07784    9.69513    0.27553
   2205.00000    2.59411    0.07801    9.36121    0.27403
   2206.00000    2.49331    0.07805    9.04283    0.27454
   2207.00000    2.56680    0.07765    8.91192    0.27313
   2208.00000    2.59678    0.07771    8.92968    0.27293
   2209.00000    2.52388    0.07827    8.90420    0.27580
   2210.00000    2.65391    0.07798    8.99606    0.27412
   2211.00000    2.54530    0.07718    9.31445    0.27235
   2212.00000    2.61286    0.07738    9.08253    0.27140
   2213.00000    2.49225    0.07712    9.23166    0.27302
   2214.00000    2.60417    0.07746    8.89989    0.27348
   2215.00000    2.64895    0.07782    9.22291    0.27387
   2216.00000    2.55461    0.07772    9.10917    0.27367
   2217.00000    2.58242    0.07797    8.91417    0.27441
   2218.00000    2.54332    0.07768    9.64264    0.27232
   2219.00000    2.63417    0.07829    9.25733    0.27411
   2220.00000    2.63053    0.07889    9.04809    0.27698
   2221.00000    2.64468    0.07822   10.12044    0.27586
   2222.00000    2.61236    0.07856    8.99240    0.27522
   2223.00000    2.51314    0.07843    8.74554    0.27681
   2224.00000    2.50400    0.07825    8.86967    0.27606
   2225.00000    2.56819    0.07815    9.32663    0.27577
   2226.00000    2.66322    0.07886    9.17503    0.27597
   2227.00000    2.83217    0.07961    9.53461    0.28043
   2228.00000    2.71549    0.07944    9.49742    0.28007
   2229.00000    2.61115    0.07985    9.43267    0.28024
   2230.00000    2.47911    0.07924    9.45027    0.28074
   2231.00000    2.71251    0.08019    9.11923    0.28136
   2232.00000    2.66087    0.07983    9.70720    0.28116
   2233.00000    2.57188    0.08012    9.72397    0.28268
   2234.00000    2.74872    0.08035    9.26733    0.28176
   2235.00000    2.66688    0.08003    9.36637    0.28248
   2236.00000    2.65141    0.08058    9.64196    0.28381
   2237.00000    2.52950    0.08060    9.92197    0.28404
   2238.00000    2.75508    0.08036    9.30324    0.28304
   2239.00000    2.69214    0.08064    9.80761    0.28342
   2240.00000    2.69787    0.08159    9.36634    0.28747
   2241.00000    2.63321    0.08139    9.00441    0.28624
   2242.00000    2.64780    0.08036    9.91463    0.28521
   2243.00000    2.79105    0.08077    9.13033    0.28213
   2244.00000    2.73526    0.08083   10.04086    0.28409
   2245.00000    2.83389    0.08023    9.36290    0.28217
   2246.00000    2.77411    0.08069    9.57643    0.28122
   2247.00000    2.69185    0.07996    9.69589    0.28234
   2248.00000    2.72735    0.07971    9.70055    0.28268
   2249.00000    2.68143    0.08009    9.73623    0.28174
   2250.00000    2.52473    0.07922    9.67357    0.28019
   2251.00000    2.57716    0.07877    9.53930    0.27624
   2252.00000    2.65603    0.07892    9.60278    0.27756
   2253.00000    2.55272    0.07882    9.45768    0.27700
   2254.00000    2.59776    0.07919    9.08712    0.27658
   2255.00000    2.49454    0.07777    9.35577    0.27552
   2256.00000    2.70379    0.07723    9.28326    0.27191
   2257.00000    2.47620    0.07738    9.66689    0.27294
   2258.00000    2.49280    0.07722    9.06862    0.27305
   2259.00000    2.47369    0.07627    9.25100    0.26849
   2260.00000    2.60903    0.07608    8.84013    0.26780
   2261.00000    2.61681    0.07596    9.03326    0.26761
   2262.00000    2.49125    0.07603    9.20346    0.26724
   2263.00000    2.58722    0.07632    8.54621    0.26712
   2264.00000    2.44913    0.07552    8.94814    0.26686
   2265.00000    2.52688    0.07582    9.15468    0.26624
   2266.00000    2.74480    0.07638    8.83547    0.26741
   2267.00000    2.61320    0.07625    9.13441    0.26862
   2268.00000    2.55408    0.07674    9.01420    0.26787
   2269.00000    2.47490    0.07734    9.29275    0.27136
   2270.00000    2.57389    0.07794    8.84488    0.27337
   2271.00000    2.48631    0.07769    8.85140    0.27385
   2272.00000    2.40923    0.07737    9.39690    0.27310
   2273.00000    2.62559    0.07738    9.24399    0.27225
   2274.00000    2.62633    0.07745    9.00727    0.27345
   2275.00000    2.59790    0.07749    9.11871    0.27256
   2276.00000    2.68436    0.07820    9.02189    0.27524
   2277.00000    2.47475    0.07818    9.46992    0.27487
   2278.00000    2.72168    0.07838    8.85579    0.27675
   2279.00000    2.55469    0.07923    9.26038    0.27752
   2280.00000    2.64973    0.07861    9.11084    0.27571
   2281.00000    2.66448    0.07887    9.20099    0.27692
   2282.00000    2.72675    0.07925    9.65916    0.27888
   2283.00000    2.79668    0.07916    9.32025    0.27741
   2284.00000    2.66730    0.07920    9.58368    0.27860
   2285.00000    2.60266    0.07899    9.57922    0.27766
   2286.00000    2.54513    0.07899    9.27329    0.27693
   2287.00000    2.67224    0.07955    9.17659    0.27792
   2288.00000    2.59863    0.08000    8.74056    0.28067
   2289.00000    2.55582    0.07993    9.14525    0.28119
   2290.00000    2.64347    0.07979    9.25804    0.28056
   2291.00000    2.68220    0.07888    9.04311    0.27936
   2292.00000    2.61366    0.07915    9.53428    0.27804
   2293.00000    2.54380    0.07880    9.29357    0.27800
   2294.00000    2.62015    0.07827    9.29943    0.27733
   2295.00000    2.50932    0.07820    9.25035    0.27624
   2296.00000    2.46466    0.07747    9.27584    0.27195
   2297.00000    2.70799    0.07783    8.63173    0.27247
   2298.00000    2.63835    0.07858    8.40951    0.27586
   2299.00000    2.77490    0.07858    8.74553    0.27615
   2300.00000    2.49770    0.07840    9.28682    0.27636
   2301.00000    2.70650    0.07875    9.06543    0.27796
   2302.00000    2.59242    0.07819    9.48734    0.27653
   2303.00000    2.82881    0.07855    9.64791    0.27757
   2304.00000    2.58720    0.07812    9.08223    0.27515
   2305.00000    2.58118    0.07848    9.18163    0.27517
   2306.00000    2.64304    0.07830    9.38080    0.27670
   2307.00000    2.64526    0.07891    8.83755    0.27629
   2308.00000    2.60298    0.07918    9.47498    0.27777
   2309.00000    2.72481    0.07957    9.37884    0.27993
   2555.00000    2.69914    0.07933    8.83004    0.27676
   2556.00000    2.71828    0.07944    9.44398    0.27976
   2557.00000    2.66303    0.07894    9.09108    0.27730
   2558.00000    2.59295    0.07948    9.51270    0.27862
   2559.00000    2.59894    0.07964    9.19953    0.28085
   2560.00000    2.67544    0.07886    9.33839    0.27926
   2561.00000    2.54716    0.07863    8.52197    0.27774
   2562.00000    2.71829    0.07760    9.38492    0.27458
   2563.00000    2.59141    0.07767    9.33945    0.27429
   2564.00000    2.52619    0.07764    9.21921    0.27382
   2565.00000    2.65225    0.07717    9.07928    0.27160
   2566.00000    2.55726    0.07676    9.01961    0.27057
   2567.00000    2.65802    0.07698    9.17918    0.27108
   2568.00000    2.60065    0.07753    9.29172    0.27056
   2569.00000    2.69706    0.07684    9.37366    0.27086
   2570.00000    2.49934    0.07585    8.80908    0.26886
   2571.00000    2.33696    0.07502    8.48697    0.26386
   2572.00000    2.41132    0.07579    9.13186    0.26513
   2573.00000    2.40647    0.07592    8.84983    0.26638
   2574.00000    2.59827    0.07659    9.05407    0.26894
   2575.00000    2.70083    0.07685    8.86643    0.27076
   2576.00000    2.55660    0.07715    8.98258    0.27137
   2577.00000    2.47101    0.07722    9.00072    0.27013
   2578.00000    2.65906    0.07817    9.52759    0.27332
   2579.00000    2.61871    0.07751    8.72342    0.27390
   2580.00000    2.56416    0.07781    9.22253    0.27310
   2581.00000    2.60855    0.07731    9.28439    0.27243
   2582.00000    2.55617    0.07667    8.40931    0.27172
   2583.00000    2.45617    0.07632    8.89645    0.26903
   2584.00000    2.62375    0.07713    8.85644    0.27074
   2585.00000    2.53397    0.07719    8.89074    0.27166
   2586.00000    2.51063    0.07753    8.93333    0.27370
   2587.00000    2.57387    0.07777    9.34101    0.27237
   2588.00000    2.72530    0.07809    9.15654    0.27474
   2589.00000    2.76532    0.07835    9.45365    0.27544
   2590.00000    2.73331    0.07869    9.46278    0.27701
   2591.00000    2.56871    0.07822    9.11862    0.27554
   2592.00000    2.51535    0.07786    9.14020    0.27395
   2593.00000    2.64137    0.07843    8.84919    0.27357
   2594.00000    2.63106    0.07932    9.41480    0.27803
   2595.00000    2.67026    0.07978    9.40128    0.28027
   2596.00000    2.57758    0.08004    9.20549    0.27981
   2597.00000    2.59608    0.08001    9.32267    0.28281
   2598.00000    2.56609    0.07955    9.95916    0.27906
   2599.00000    2.75337    0.08073    9.86194    0.28336
   2600.00000    2.78953    0.08110    9.23941    0.28546
   2601.00000    2.67396    0.08190   10.00180    0.28780
   2602.00000    2.78286    0.08205    9.76144    0.28814
   2603.00000    2.79934    0.08239    9.39368    0.28975
   2604.00000    2.68806    0.08247   10.01416    0.29073
   2605.00000    2.75604    0.08266    9.73298    0.29069
   2606.00000    2.80096    0.08203    9.93276    0.28844
   2607.00000    2.66062    0.08232    9.19634    0.28938
   2608.00000    2.83629    0.08202    9.45661    0.28965
   2609.00000    2.72447    0.08224    9.84946    0.28927
   2610.00000    2.74642    0.08225    9.16058    0.29026
   2611.00000    2.73080    0.08253    9.78089    0.29032
   2612.00000    2.63187    0.08263    9.74291    0.29086
   2613.00000    2.75733    0.08189    9.96350    0.28940
   2614.00000    2.74666    0.08242    9.54868    0.29010
   2615.00000    2.71157    0.08236    9.78145    0.28871
   2616.00000    2.72972    0.08244    9.57499    0.29108
   2617.00000    2.79313    0.08276    9.58621    0.29033
   2618.00000    2.76181    0.08322    9.32979    0.29137
   2619.00000    2.75806    0.08408    9.84594    0.29484
   2620.00000    2.83593    0.08487   10.09447    0.29721
   2621.00000    2.91130    0.08541    9.45086    0.30008
   2622.00000    2.83886    0.08507    9.41117    0.30054
   2623.00000    2.74142    0.08425   10.12237    0.29772
   2624.00000    2.88434    0.08443    9.75114    0.29499
   2625.00000    2.78274    0.08423   10.20381    0.29835
   2626.00000    2.84435    0.08386    9.40280    0.29456
   2627.00000    2.77214    0.08353    9.80285    0.29364
   2628.00000    2.72156    0.08403   10.18911    0.29597
   2629.00000    2.69363    0.08402    9.72867    0.29678
   2630.00000    2.70378    0.08337    9.95315    0.29474
   2631.00000    2.76060    0.08340    9.68487    0.29304
   2632.00000    2.59782    0.08358    9.69024    0.29525
   2633.00000    2.79876    0.08301    9.55143    0.29213
   2634.00000    2.86887    0.08332    9.95508    0.29369
   2635.00000    2.73386    0.08262    9.30092    0.29084
   2636.00000    2.65972    0.08254   10.10410    0.28989
   2637.00000    2.60595    0.08229    9.74286    0.28855
   2638.00000    2.75130    0.08198    9.64908    0.28866
   2639.00000    2.76007    0.08179    9.23370    0.28813
   2640.00000    2.71911    0.08143    9.68564    0.28669
   2641.00000    2.77244    0.08147    9.29524    0.28637
   2642.00000    2.65700    0.08135    9.74877    0.28718
   2643.00000    2.67288    0.08080    9.76681    0.28612
   2644.00000    2.71345    0.08074    9.62720    0.28459
   2645.00000    2.67386    0.08076    9.71214    0.28331
   2646.00000    2.73440    0.08085    9.42207    0.28463
   2647.00000    2.75558    0.08146    9.14389    0.28618
   2648.00000    2.69656    0.08156    9.54979    0.28686
   2649.00000    2.63892    0.08153    9.94815    0.28679
   2650.00000    2.64326    0.08106    9.71662    0.28719
   2651.00000    2.80162    0.08137    9.49937    0.28484
   2652.00000    2.59031    0.08062    9.72637    0.28529
   2653.00000    2.71127    0.08119    9.51102    0.28282
   2654.00000    2.60876    0.08067    9.56744    0.28481
   2655.00000    2.86665    0.08043    9.62572    0.28371
   2656.00000    2.63701    0.08065    9.53328    0.28239
   2657.00000    2.73742    0.08059    9.01800    0.28441
   2658.00000    2.60200    0.08040    9.56685    0.28144
   2659.00000    2.97400    0.08142    8.99560    0.28610
   2660.00000    2.60249    0.08134    9.70000    0.28549
   2661.00000    2.73793    0.08127    9.58323    0.28593
   2662.00000    2.58894    0.08070    9.42975    0.28550
   2663.00000    2.76591    0.08099    9.27546    0.28551
   2664.00000    2.61432    0.08150    9.65633    0.28615
   2665.00000    2.67014    0.08118   10.03102    0.28617
   2666.00000    2.57626    0.08117    8.88960    0.28508
   2667.00000    2.68444    0.08151    9.51564    0.28655
   2668.00000    2.73903    0.08217    9.08531    0.28744
   2669.00000    2.86075    0.08156    9.43721    0.28758
   2670.00000    2.53668    0.08175    9.48873    0.28646
   2671.00000    2.75875    0.08143    9.45520    0.28684
   2672.00000    2.71248    0.08127    9.74951    0.28541
   2673.00000    2.66365    0.08140    9.72806    0.28730
   2674.00000    2.70749    0.08175    9.39896    0.28692
   2920.00000    2.61653    0.07759    9.27888    0.27350
   2921.00000    2.58029    0.07750    8.58259    0.27379
   2922.00000    2.57039    0.07721    9.40092    0.27130
   2923.00000    2.52742    0.07764    8.71387    0.27164
   2924.00000    2.57599    0.07822    9.30841    0.27566
   2925.00000    2.65282    0.07845    9.33577    0.27521
   2926.00000    2.52436    0.07789    8.90574    0.27391
   2927.00000    2.57158    0.07837    9.27128    0.27593
   2928.00000    2.61104    0.07816    9.08318    0.27556
   2929.00000    2.62851    0.07809    9.28260    0.27446
   2930.00000    2.64011    0.07830    8.95828    0.27499
   2931.00000    2.62580    0.07925    9.51633    0.27762
   2932.00000    2.46655    0.07881    8.94810    0.27732
   2933.00000    2.70319    0.07928    9.62296    0.27615
   2934.00000    2.71298    0.07902    9.58807    0.27775
   2935.00000    2.72332    0.07887    9.14419    0.27864
   2936.00000    2.67459    0.07943    9.56924    0.27822
   2937.00000    2.71059    0.07931    9.46293    0.27804
   2938.00000    2.62623    0.07950    9.10363    0.27947
   2939.00000    2.55274    0.07923    9.46295    0.27780
   2940.00000    2.63493    0.07947    8.94778    0.27877
   2941.00000    2.60285    0.07867    9.31196    0.27791
   2942.00000    2.70585    0.07883    9.23071    0.27667
   2943.00000    2.67777    0.07847    9.65322    0.27690
   2944.00000    2.52886    0.07707    8.95177    0.27274
   2945.00000    2.54935    0.07748    8.94067    0.27341
   2946.00000    2.58187    0.07758    9.21877    0.27348
   2947.00000    2.58535    0.07741    9.24859    0.27235
   2948.00000    2.70222    0.07779    8.99145    0.27403
   2949.00000    2.58057    0.07860    9.32338    0.27568
   2950.00000    2.71990    0.07860    9.33868    0.27507
   2951.00000    2.50510    0.07845    8.82648    0.27575
   2952.00000    2.53569    0.07769    9.52055    0.27396
   2953.00000    2.74652    0.07851    9.00379    0.27547
   2954.00000    2.63923    0.07830    8.80507    0.27427
   2955.00000    2.58111    0.07724    9.05424    0.27234
   2956.00000    2.60534    0.07685    9.29291    0.27181
   2957.00000    2.53652    0.07663    8.98457    0.26890
   2958.00000    2.54985    0.07642    9.31746    0.27002
   2959.00000    2.58299    0.07703    8.83565    0.27153
   2960.00000    2.55866    0.07631    8.80687    0.27021
   2961.00000    2.56723    0.07625    9.28700    0.26935
   2962.00000    2.47886    0.07572    7.97668    0.26757
   2963.00000    2.54073    0.07546    8.37425    0.26660
   2964.00000    2.47423    0.07589    8.56579    0.26727
   2965.00000    2.59509    0.07657    9.26430    0.26826
   2966.00000    2.53721    0.07655    9.01141    0.26915
   2967.00000    2.60001    0.07748    9.18625    0.27176
   2968.00000    2.60508    0.07756    9.54200    0.27255
   2969.00000    2.47336    0.07593    9.25849    0.27146
   2970.00000    2.51630    0.07676    8.83396    0.26895
   2971.00000    2.55635    0.07707    9.38294    0.27062
   2972.00000    2.61024    0.07732    9.17861    0.27203
   2973.00000    2.66748    0.07789    8.91914    0.27371
   2974.00000    2.58892    0.07784    8.83732    0.27341
   2975.00000    2.55442    0.07827    9.07038    0.27513
   2976.00000    2.60850    0.07775    9.23336    0.27432
   2977.00000    2.59621    0.07798    9.10601    0.27224
   2978.00000    2.67048    0.07840    9.38171    0.27485
   2979.00000    2.67513    0.07751    8.74087    0.27370
   2980.00000    2.74900    0.07799    8.97292    0.27427
   2981.00000    2.47858    0.07826    8.94585    0.27560
   2982.00000    2.58579    0.07874    8.87056    0.27598
   2983.00000    2.62561    0.07900    9.11916    0.27713
   2984.00000    2.69974    0.07920    9.31046    0.27728
   2985.00000    2.70411    0.07957    9.70892    0.27920
   2986.00000    2.64788    0.07935    9.55563    0.27974
   2987.00000    2.70986    0.07953    9.35562    0.27852
   2988.00000    2.60877    0.07962    9.09085    0.28003
   2989.00000    2.61376    0.07933    9.94025    0.28082
   2990.00000    2.66417    0.07926    9.33929    0.27861
   2991.00000    2.55056    0.07908    9.67283    0.27970
   2992.00000    2.77137    0.07947    9.25671    0.28008
   2993.00000    2.56758    0.07894    9.66692    0.27967
   2994.00000    2.54169    0.07896    9.66631    0.27805
   2995.00000    2.63271    0.07828    8.85505    0.27495
   2996.00000    2.44971    0.07799    9.11997    0.27417
   2997.00000    2.55067    0.07756    9.11886    0.27361
   2998.00000    2.55296    0.07702    8.84086    0.27209
   2999.00000    2.63583    0.07621    8.97077    0.26950
   3000.00000    2.78137    0.07653    9.19641    0.26860
   3001.00000    2.56357    0.07656    8.69449    0.26878
   3002.00000    2.45822    0.07674    9.36301    0.27001
   3003.00000    2.57847    0.07680    8.48580    0.27022
   3004.00000    2.63475    0.07755    9.00876    0.27190
   3005.00000    2.53426    0.07821    8.98145    0.27407
   3006.00000    2.66408    0.07915    8.98275    0.27599
   3007.00000    2.72425    0.07809    9.33125    0.27697
   3008.00000    2.62243    0.07758    8.84549    0.27345
   3009.00000    2.54827    0.07831    9.35151    0.27322
   3010.00000    2.56991    0.07844    9.38054    0.27456
   3011.00000    2.48253    0.07834    8.99672    0.27614
   3012.00000    2.56290    0.07793    9.06922    0.27539
   3013.00000    2.56424    0.07831    9.45603    0.27474
   3014.00000    2.72737    0.07860    9.16436    0.27549
   3015.00000    2.48608    0.07823    9.22334    0.27658
   3016.00000    2.46586    0.07766    8.91484    0.27415
   3017.00000    2.60313    0.07769    8.77095    0.27360
   3018.00000    2.65270    0.07824    9.41924    0.27497
   3019.00000    2.55924    0.07809    9.11225    0.27530
   3020.00000    2.61620    0.07808    8.76059    0.27498
   3021.00000    2.65015    0.07799    9.03607    0.27556
   3022.00000    2.66293    0.07821    9.05097    0.27518
   3023.00000    2.63765    0.07831    9.55248    0.27498
   3024.00000    2.64567    0.07815    8.94153    0.27440
   3025.00000    2.46928    0.07769    8.84892    0.27505
   3026.00000    2.67079    0.07830    9.14369    0.27400
   3027.00000    2.60980    0.07801    9.38654    0.27579
   3028.00000    2.51930    0.07753    9.17622    0.27435
   3029.00000    2.56186    0.07781    9.13007    0.27429
   3030.00000    2.55233    0.07728    9.11206    0.27205
   3031.00000    2.52908    0.07717    8.96811    0.27082
   3032.00000    2.58896    0.07809    9.30563    0.27368
   3033.00000    2.56995    0.07804    8.98416    0.27339
   3034.00000    2.47412    0.07762    9.08914    0.27269
   3035.00000    2.72874    0.07697    9.14670    0.27170
   3036.00000    2.59459    0.07700    9.00196    0.27142
   3037.00000    2.74251    0.07722    9.21277    0.27147
   3038.00000    2.56417    0.07761    8.80230    0.27262
   3039.00000    2.68706    0.07695    9.30454    0.27294
   3285.00000    2.48028    0.07474    8.52726    0.26234
   3286.00000    2.60918    0.07482    8.75278    0.26540
   3287.00000    2.56221    0.07485    9.11555    0.26356
   3288.00000    2.55243    0.07491    9.05566    0.26514
   3289.00000    2.47167    0.07458    8.96035    0.26324
   3290.00000    2.47109    0.07369    9.08269    0.26036
   3291.00000    2.56506    0.07404    8.49528    0.26026
   3292.00000    2.33110    0.07440    8.67900    0.26242
   3293.00000    2.43411    0.07459    8.45943    0.26137
   3294.00000    2.39524    0.07467    8.77588    0.26237
   3295.00000    2.40767    0.07430    8.63858    0.26063
   3296.00000    2.50678    0.07387    8.62797    0.26194
   3297.00000    2.52892    0.07405    8.46152    0.25988
   3298.00000    2.44234    0.07373    8.91241    0.26016
   3299.00000    2.53420    0.07357    8.62578    0.25858
   3300.00000    2.40034    0.07365    8.60952    0.25893
   3301.00000    2.40667    0.07353    8.80498    0.25759
   3302.00000    2.47624    0.07403    8.77733    0.25991
   3303.00000    2.50726    0.07434    8.32299    0.26135
   3304.00000    2.45188    0.07386    8.34960    0.25953
   3305.00000    2.37731    0.07369    8.79272    0.25915
   3306.00000    2.47846    0.07313    8.77416    0.25898
   3307.00000    2.55647    0.07299    8.19541    0.25654
   3308.00000    2.38872    0.07249    8.63097    0.25607
   3309.00000    2.42430    0.07268    8.41444    0.25433
   3310.00000    2.33606    0.07250    9.10569    0.25555
   3311.00000    2.41915    0.07259    8.61359    0.25588
   3312.00000    2.33441    0.07201    8.62408    0.25440
   3313.00000    2.41110    0.07197    8.22301    0.25312
   3314.00000    2.52337    0.07236    8.11648    0.25417
   3315.00000    2.47148    0.07301    8.22945    0.25558
   3316.00000    2.37460    0.07282    8.47877    0.25601
   3317.00000    2.46353    0.07218    8.08230    0.25510
   3318.00000    2.29904    0.07273    8.75549    0.25517
   3319.00000    2.53648    0.07345    8.63074    0.25801
   3320.00000    2.46110    0.07318    8.75448    0.25693
   3321.00000    2.37560    0.07362    8.68197    0.25811
   3322.00000    2.44767    0.07416    8.96927    0.26024
   3323.00000    2.39422    0.07384    8.57575    0.26045
   3324.00000    2.61630    0.07408    8.82442    0.26192
   3325.00000    2.49724    0.07368    9.02275    0.26104
   3326.00000    2.39199    0.07400    8.39186    0.25934
   3327.00000    2.38576    0.07306    8.64007    0.25687
   3328.00000    2.44345    0.07298    8.69095    0.25689
   3329.00000    2.38761    0.07289    9.08027    0.25693
   3330.00000    2.46939    0.07359    8.58673    0.25791
   3331.00000    2.49659    0.07408    8.89643    0.26037
   3332.00000    2.38912    0.07494    8.44175    0.26308
   3333.00000    2.52228    0.07433    8.56816    0.26147
   3334.00000    2.59973    0.07430    9.00331    0.26153
   3335.00000    2.50167    0.07437    8.54317    0.26219
   3336.00000    2.49897    0.07363    8.66147    0.25959
   3337.00000    2.39967    0.07314    8.25493    0.25754
   3338.00000    2.38998    0.07283    8.69683    0.25763
   3339.00000    2.44998    0.07286    8.26298    0.25535
   3340.00000    2.35904    0.07271    8.37864    0.25589
   3341.00000    2.30964    0.07282    8.54363    0.25548
   3342.00000    2.50741    0.07343    8.36685    0.25694
   3343.00000    2.41872    0.07402    8.93005    0.25936
   3344.00000    2.49788    0.07448    8.65677    0.26036
   3345.00000    2.48555    0.07434    9.17846    0.26189
   3346.00000    2.51366    0.07453    8.10469    0.26177
   3347.00000    2.51512    0.07416    8.78670    0.26222
   3348.00000    2.49820    0.07381    8.65157    0.26022
   3349.00000    2.41426    0.07309    8.50329    0.25797
   3350.00000    2.48867    0.07291    8.60281    0.25578
   3351.00000    2.40418    0.07294    8.70671    0.25788
   3352.00000    2.45059    0.07277    8.34696    0.25679
   3353.00000    2.35900    0.07214    8.94997    0.25452
   3354.00000    2.40873    0.07211    8.48718    0.25369
   3355.00000    2.34519    0.07222    7.96626    0.25444
   3356.00000    2.48187    0.07151    8.59971    0.25392
   3357.00000    2.39245    0.07111    8.38502    0.25030
   3358.00000    2.33656    0.07169    8.55284    0.25231
   3359.00000    2.27297    0.07207    8.59772    0.25298
   3360.00000    2.34051    0.07180    8.75253    0.25292
   3361.00000    2.49077    0.07195    8.10480    0.25258
   3362.00000    2.34322    0.07170    8.50392    0.25272
   3363.00000    2.46878    0.07199    8.18379    0.25482
   3364.00000    2.40479    0.07265    8.50332    0.25593
   3365.00000    2.39602    0.07264    8.35859    0.25588
   3366.00000    2.33104    0.07224    8.24828    0.25543
   3367.00000    2.43574    0.07250    8.29204    0.25412
   3368.00000    2.48908    0.07249    8.59450    0.25577
   3369.00000    2.47792    0.07270    8.42157    0.25517
   3370.00000    2.46490    0.07286    8.42737    0.25684
   3371.00000    2.34428    0.07263    8.37268    0.25622
   3372.00000    2.43844    0.07300    8.59121    0.25769
   3373.00000    2.34551    0.07291    8.85352    0.25613
   3374.00000    2.36166    0.07276    8.04510    0.25652
   3375.00000    2.44302    0.07256    8.56872    0.25572
   3376.00000    2.32881    0.07224    8.43735    0.25370
   3377.00000    2.43765    0.07217    8.59797    0.25476
   3378.00000    2.38509    0.07232    8.50716    0.25598
   3379.00000    2.48960    0.07170    8.76115    0.25338
   3380.00000    2.36896    0.07151    8.35996    0.25182
   3381.00000    2.42113    0.07170    8.08202    0.25255
   3382.00000    2.46133    0.07181    8.66098    0.25182
   3383.00000    2.43194    0.07184    8.27934    0.25262
   3384.00000    2.43827    0.07191    8.40629    0.25329
   3385.00000    2.28037    0.07229    8.28309    0.25410
   3386.00000    2.46782    0.07226    8.37007    0.25343
   3387.00000    2.28655    0.07223    8.78222    0.25456
   3388.00000    2.34703    0.07203    8.54081    0.25332
   3389.00000    2.21977    0.07203    8.30859    0.25300
   3390.00000    2.36904    0.07197    8.39887    0.25184
   3391.00000    2.35065    0.07215    8.61302    0.25515
   3392.00000    2.38082    0.07213    8.16533    0.25345
   3393.00000    2.32689    0.07211    8.72286    0.25347
   3394.00000    2.36578    0.07152    8.69025    0.25196
   3395.00000    2.33401    0.07177    8.64987    0.25189
   3396.00000    2.39033    0.07232    8.70199    0.25443
   3397.00000    2.47777    0.07274    8.58760    0.25575
   3398.00000    2.28915    0.07366    8.78294    0.25834
   3399.00000    2.45754    0.07404    8.50823    0.25889
   3400.00000    2.43736    0.07366    8.71944    0.25945
   3401.00000    2.32976    0.07350    8.78932    0.25865
   3402.00000    2.43812    0.07432    8.58015    0.26073
   3403.00000    2.58112    0.07448    8.37571    0.26141
   3404.00000    2.49417    0.07423    8.48722    0.26141
