## Time Delay Challenge light curves
##
## [time]=days, [lc]=[err]=flux in nanomaggies
##
##       time       lc_A      err_A       lc_B      err_B
##-------------------------------------------------------
0.00000 0.79873 0.04328 0.84980 0.05301
1.00000 0.81987 0.05098 0.79122 0.04837
2.00000 0.80457 0.04205 0.88305 0.03514
3.00000 0.81865 0.06786 0.75829 0.05279
4.00000 0.81775 0.02349 0.75494 0.04694
5.00000 0.77533 0.04553 0.79635 0.04531
6.00000 0.84890 0.08968 0.82789 0.02872
7.00000 0.83830 0.06083 0.71151 0.04514
8.00000 0.69377 0.06436 0.79235 0.04914
9.00000 0.85830 0.06989 0.77188 0.04264
10.00000 0.79950 0.05387 0.71953 0.06318
11.00000 0.79369 0.05713 0.65483 0.08085
12.00000 0.74356 0.06242 0.65193 0.05775
13.00000 0.73315 0.06716 0.85689 0.06433
14.00000 0.81799 0.03672 0.83716 0.08217
15.00000 0.73877 0.05085 0.83510 0.05990
16.00000 0.81277 0.04599 0.72748 0.07768
17.00000 0.84726 0.06089 0.78035 0.03859
18.00000 0.76704 0.04981 0.75007 0.05081
19.00000 0.80139 0.03261 0.78255 0.07376
20.00000 0.79999 0.05770 0.74118 0.06380
21.00000 0.74844 0.05474 0.77740 0.05351
22.00000 0.75774 0.05351 0.81737 0.06769
23.00000 0.95228 0.07336 0.78045 0.05909
24.00000 0.83181 0.07015 0.77827 0.06126
25.00000 0.89568 0.05965 0.78569 0.04732
26.00000 0.81696 0.07781 0.82417 0.05634
27.00000 0.77377 0.04801 0.80040 0.05826
28.00000 0.84708 0.03093 0.72584 0.04502
29.00000 0.97087 0.07494 0.71105 0.01953
30.00000 0.81808 0.05344 0.77623 0.05167
31.00000 0.80810 0.04788 0.83311 0.09228
32.00000 0.81723 0.03946 0.74712 0.01025
33.00000 0.84506 0.04607 0.69440 0.03839
34.00000 0.81817 0.03161 0.77375 0.04936
35.00000 0.85493 0.05634 0.75931 0.05732
36.00000 0.80170 0.03021 0.78999 0.07109
37.00000 0.90195 0.04415 0.84537 0.06967
38.00000 0.79156 0.05420 0.84211 0.07386
39.00000 0.84815 0.04491 0.88725 0.07523
40.00000 0.86213 0.06984 0.78572 0.04250
41.00000 0.79757 0.06855 0.74128 0.05210
42.00000 0.90767 0.05423 0.76684 0.04500
43.00000 0.81693 0.04604 0.87073 0.05998
44.00000 0.79863 0.06184 0.73385 0.04699
45.00000 0.80349 0.05726 0.75141 0.03823
46.00000 0.84758 0.05314 0.75384 0.08368
47.00000 0.82659 0.06326 0.66176 0.05059
48.00000 0.86666 0.05016 0.82535 0.04278
49.00000 0.87970 0.06414 0.74224 0.06619
50.00000 0.83980 0.03398 0.73445 0.03363
51.00000 0.81700 0.04770 0.73201 0.04494
52.00000 0.78794 0.05348 0.70475 0.04177
53.00000 0.80864 0.03527 0.79544 0.02141
54.00000 0.81634 0.04420 0.76058 0.01051
55.00000 0.82234 0.02048 0.77826 0.05208
56.00000 0.75971 0.07553 0.74393 0.04250
57.00000 0.89589 0.06313 0.72981 0.04241
58.00000 0.82866 0.08841 0.83137 0.06531
59.00000 0.80256 0.04457 0.80510 0.03862
60.00000 0.81448 0.06168 0.69213 0.08010
61.00000 0.79362 0.05165 0.80229 0.02584
62.00000 0.89233 0.07367 0.76707 0.00830
63.00000 0.80478 0.05018 0.78907 0.04939
64.00000 0.80531 0.08001 0.80864 0.05936
65.00000 0.78321 0.03625 0.77102 0.07956
66.00000 0.78076 0.06327 0.68390 0.04509
67.00000 0.89007 0.05023 0.75814 0.04698
68.00000 0.84672 0.03521 0.81375 0.05029
69.00000 0.87094 0.05267 0.74126 0.09167
70.00000 0.82060 0.02398 0.77781 0.02405
71.00000 0.84228 0.05625 0.78478 0.05844
72.00000 0.84517 0.06151 0.76979 0.05264
73.00000 0.84526 0.03672 0.76183 0.03765
74.00000 0.81661 0.02343 0.83986 0.04686
75.00000 0.76807 0.05576 0.77711 0.05475
76.00000 0.89297 0.06558 0.78751 0.03931
77.00000 0.81778 0.05186 0.76551 0.05300
78.00000 0.71745 0.06639 0.73744 0.06363
79.00000 0.74954 0.04983 0.68968 0.06499
80.00000 0.80300 0.05152 0.74921 0.04554
81.00000 0.99716 0.06693 0.69730 0.04856
82.00000 0.79057 0.03958 0.74270 0.05356
83.00000 0.86391 0.06618 0.77225 0.06657
84.00000 0.87454 0.06423 0.85300 0.05560
85.00000 0.81809 0.06257 0.69702 0.07234
86.00000 0.81454 0.04487 0.73390 0.06104
87.00000 0.74934 0.05518 0.77931 0.02765
88.00000 0.82716 0.02912 0.74397 0.06937
89.00000 0.74645 0.06279 0.79968 0.04255
90.00000 0.92128 0.07492 0.79773 0.06159
91.00000 0.78416 0.02576 0.85275 0.05288
92.00000 0.76316 0.04470 0.89950 0.06779
93.00000 0.77914 0.03324 0.77203 0.05374
94.00000 0.79051 0.00691 0.83911 0.05527
95.00000 0.74002 0.05274 0.80033 0.02654
96.00000 0.78273 0.02592 0.69117 0.07489
97.00000 0.78396 0.04309 0.77267 0.05340
98.00000 0.77541 0.06698 0.84861 0.04668
99.00000 0.82860 0.08051 0.58104 0.07356
100.00000 0.76391 0.05355 0.73436 0.06199
101.00000 0.80387 0.03942 0.74320 0.05684
102.00000 0.75485 0.05730 0.78145 0.06068
103.00000 0.74505 0.02514 0.72061 0.05398
104.00000 0.74835 0.05503 0.73702 0.03587
105.00000 0.86187 0.05052 0.76954 0.03263
106.00000 0.78417 0.06592 0.70613 0.06772
107.00000 0.71360 0.03873 0.74024 0.06988
108.00000 0.81021 0.05196 0.79839 0.06165
109.00000 0.79457 0.05082 0.87625 0.05794
110.00000 0.83645 0.05021 0.78787 0.06854
111.00000 0.63948 0.07414 0.76809 0.07148
112.00000 0.79607 0.02790 0.71650 0.05976
113.00000 0.83474 0.04374 0.87936 0.06898
114.00000 0.82801 0.05998 0.75109 0.06714
115.00000 0.84554 0.04096 0.76814 0.04452
116.00000 0.71444 0.03821 0.67147 0.06602
117.00000 0.80203 0.01400 0.77588 0.03668
118.00000 0.80232 0.02759 0.77622 0.01686
119.00000 0.80949 0.03815 0.74905 0.06388
365.00000 0.82316 0.04415 0.68059 0.04658
366.00000 0.77927 0.04960 0.77608 0.08405
367.00000 0.74090 0.04126 0.76809 0.03310
368.00000 0.78967 0.05894 0.64483 0.06803
369.00000 0.83187 0.06949 0.84382 0.04915
370.00000 0.80464 0.05786 0.84011 0.05734
371.00000 0.99525 0.06217 0.74540 0.03547
372.00000 0.82213 0.03350 0.79736 0.09143
373.00000 0.75357 0.04066 0.72597 0.04853
374.00000 0.85502 0.04736 0.66109 0.08550
375.00000 0.99617 0.10800 0.68317 0.05169
376.00000 0.76977 0.05872 0.73146 0.03351
377.00000 0.92061 0.05659 0.75305 0.04009
378.00000 0.75794 0.05808 0.75935 0.07409
379.00000 0.76716 0.04960 0.83280 0.04374
380.00000 0.89121 0.04798 0.75214 0.05431
381.00000 0.90385 0.07907 0.75898 0.07534
382.00000 0.70619 0.05578 0.74098 0.07031
383.00000 0.84197 0.05484 0.69740 0.03674
384.00000 0.81202 0.05441 0.74174 0.04833
385.00000 0.73698 0.05786 0.76214 0.07795
386.00000 0.86795 0.04693 0.64519 0.04427
387.00000 0.84017 0.03875 0.66864 0.06836
388.00000 0.78121 0.06722 0.83280 0.05638
389.00000 0.92483 0.06673 0.79106 0.03307
390.00000 0.74302 0.06530 0.74132 0.05787
391.00000 0.71281 0.06265 0.76766 0.04343
392.00000 0.78759 0.05714 0.69777 0.05498
393.00000 0.79939 0.02180 0.74211 0.04034
394.00000 0.78649 0.04276 0.73018 0.06330
395.00000 0.73749 0.04639 0.67638 0.05204
396.00000 0.80117 0.05670 0.76284 0.06762
397.00000 0.77064 0.04132 0.77821 0.03556
398.00000 0.66444 0.07889 0.66664 0.05021
399.00000 0.75866 0.02872 0.81320 0.07004
400.00000 0.77988 0.06029 0.84523 0.07280
401.00000 0.80360 0.03924 0.69751 0.06932
402.00000 0.84560 0.03606 0.65437 0.06677
403.00000 0.80990 0.04112 0.79472 0.04128
404.00000 0.74288 0.05002 0.65671 0.06004
405.00000 0.79832 0.04778 0.64961 0.06333
406.00000 0.84520 0.06587 0.79750 0.05719
407.00000 0.85685 0.05632 0.76107 0.06432
408.00000 0.88355 0.05239 0.71988 0.04601
409.00000 0.83681 0.06772 0.73158 0.06571
410.00000 0.79286 0.04430 0.77758 0.04883
411.00000 0.93822 0.08289 0.71954 0.03957
412.00000 0.84527 0.08131 0.77196 0.02933
413.00000 0.81140 0.04580 0.73351 0.07071
414.00000 0.81556 0.03156 0.74039 0.03385
415.00000 0.84038 0.06817 0.74291 0.03656
416.00000 0.75623 0.07745 0.72861 0.02786
417.00000 0.79269 0.04888 0.79461 0.08569
418.00000 0.83121 0.03068 0.62689 0.08324
419.00000 0.83844 0.05433 0.79671 0.04022
420.00000 0.76914 0.04883 0.68140 0.02380
421.00000 0.82461 0.06011 0.76488 0.04058
422.00000 0.75879 0.06720 0.75960 0.04264
423.00000 0.81414 0.03216 0.75841 0.04520
424.00000 0.66839 0.05033 0.77591 0.05900
425.00000 0.79006 0.02571 0.81289 0.03643
426.00000 0.76791 0.04947 0.75128 0.05086
427.00000 0.74205 0.06173 0.81311 0.05916
428.00000 0.86188 0.06612 0.76951 0.05867
429.00000 0.75193 0.04814 0.80273 0.05849
430.00000 0.89540 0.08087 0.71285 0.04345
431.00000 0.85404 0.06701 0.75821 0.04999
432.00000 0.79203 0.06572 0.71568 0.06420
433.00000 0.82497 0.04673 0.74162 0.03180
434.00000 0.84661 0.03499 0.76702 0.06799
435.00000 0.75176 0.08118 0.80076 0.04579
436.00000 0.85569 0.06901 0.83898 0.06790
437.00000 0.80281 0.01908 0.74904 0.02411
438.00000 0.75538 0.08353 0.88770 0.05989
439.00000 0.76125 0.03616 0.80122 0.04392
440.00000 0.90242 0.05430 0.76151 0.07012
441.00000 0.87754 0.06816 0.74017 0.05107
442.00000 0.82966 0.04446 0.73258 0.03647
443.00000 0.76699 0.05322 0.83273 0.06636
444.00000 0.84653 0.02998 0.76554 0.03937
445.00000 0.93048 0.06921 0.73356 0.03404
446.00000 0.92905 0.04691 0.79411 0.03651
447.00000 0.88139 0.05789 0.70321 0.03837
448.00000 0.81292 0.07204 0.77791 0.03981
449.00000 0.95975 0.06070 0.76563 0.04121
450.00000 0.86549 0.06637 0.78009 0.06672
451.00000 0.77102 0.07262 0.75131 0.06816
452.00000 0.88825 0.08055 0.66068 0.07215
453.00000 0.81759 0.04962 0.77290 0.08337
454.00000 0.82349 0.03354 0.72261 0.06140
455.00000 0.80295 0.06323 0.71016 0.05075
456.00000 0.85654 0.03304 0.74573 0.03233
457.00000 0.85774 0.05350 0.70531 0.04541
458.00000 0.89181 0.06190 0.72084 0.05290
459.00000 0.72563 0.07790 0.63698 0.07393
460.00000 0.78079 0.07354 0.72573 0.04258
461.00000 0.91401 0.04459 0.75538 0.07864
462.00000 0.97381 0.09224 0.72173 0.07803
463.00000 0.75891 0.02569 0.78418 0.04887
464.00000 0.69719 0.06020 0.65973 0.04725
465.00000 0.74068 0.03633 0.71166 0.05316
466.00000 0.79591 0.02938 0.72711 0.04037
467.00000 0.73756 0.04470 0.77189 0.03534
468.00000 0.73796 0.05271 0.72124 0.04398
469.00000 0.64951 0.08422 0.74237 0.06070
470.00000 0.79777 0.05889 0.76254 0.01646
471.00000 0.78025 0.03739 0.94509 0.06409
472.00000 0.75803 0.05867 0.66388 0.07899
473.00000 0.79323 0.04277 0.81931 0.07268
474.00000 0.75141 0.04905 0.70283 0.07938
475.00000 0.80231 0.04482 0.72409 0.02922
476.00000 0.75704 0.04771 0.73779 0.03577
477.00000 0.81058 0.02979 0.81494 0.07835
478.00000 0.81092 0.05262 0.66118 0.05921
479.00000 0.78901 0.00640 0.59339 0.07341
480.00000 0.76156 0.04668 0.72002 0.05637
481.00000 0.78245 0.06255 0.87933 0.06292
482.00000 0.77099 0.02375 0.80649 0.03696
483.00000 0.78952 0.00718 0.76114 0.04447
484.00000 0.76805 0.06408 0.75042 0.06798
730.00000 0.85309 0.07235 0.71018 0.05587
731.00000 0.85255 0.06364 0.72184 0.05241
732.00000 0.87684 0.04315 0.77603 0.06648
733.00000 0.80627 0.05105 0.77535 0.03998
734.00000 0.76802 0.05962 0.78682 0.02623
735.00000 0.89240 0.03467 0.74616 0.03939
736.00000 0.77173 0.05232 0.79721 0.04849
737.00000 0.94025 0.05863 0.63436 0.07732
738.00000 0.82473 0.01284 0.62445 0.03765
739.00000 0.79634 0.05108 0.68318 0.06461
740.00000 0.79657 0.05993 0.72016 0.06189
741.00000 0.83424 0.04613 0.69304 0.06627
742.00000 0.76241 0.04894 0.67781 0.07650
743.00000 0.86855 0.04002 0.68196 0.05294
744.00000 0.81918 0.02689 0.70366 0.06992
745.00000 0.78517 0.03900 0.76240 0.03726
746.00000 0.87278 0.05863 0.75419 0.07037
747.00000 0.86774 0.07022 0.69429 0.05885
748.00000 0.89973 0.06032 0.73350 0.03551
749.00000 0.90549 0.06616 0.77841 0.01721
750.00000 0.86402 0.04523 0.75488 0.05103
751.00000 0.78587 0.03732 0.93192 0.05014
752.00000 0.88498 0.05060 0.75431 0.08846
753.00000 0.74371 0.08429 0.67728 0.08905
754.00000 0.85419 0.04370 0.81260 0.03689
755.00000 0.80677 0.06007 0.81534 0.06906
756.00000 0.82318 0.02896 0.78490 0.05101
757.00000 0.87668 0.02624 0.79984 0.05056
758.00000 0.91312 0.06734 0.80164 0.03218
759.00000 0.83724 0.04554 0.76490 0.04861
760.00000 0.68220 0.06639 0.76317 0.05894
761.00000 0.76256 0.04082 0.73189 0.04307
762.00000 0.87004 0.05855 0.81824 0.06370
763.00000 0.89346 0.04568 0.78043 0.05494
764.00000 0.82061 0.06912 0.80471 0.08107
765.00000 0.81513 0.02974 0.82597 0.06574
766.00000 0.78530 0.02539 0.87785 0.06053
767.00000 0.71170 0.04814 0.68835 0.05554
768.00000 0.81155 0.02850 0.79658 0.04700
769.00000 0.78339 0.06718 0.69255 0.06841
770.00000 0.83073 0.05298 0.77432 0.04405
771.00000 0.90492 0.03670 0.79555 0.06507
772.00000 0.77677 0.06331 0.71052 0.05244
773.00000 0.82332 0.04829 0.81214 0.05572
774.00000 0.86312 0.07617 0.77301 0.08528
775.00000 0.87451 0.05546 0.76609 0.06489
776.00000 0.87456 0.05276 0.74176 0.06540
777.00000 0.76138 0.07686 0.82685 0.04677
778.00000 0.81689 0.05958 0.73598 0.05347
779.00000 0.82114 0.03985 0.79521 0.05627
780.00000 0.89130 0.05498 0.76938 0.04133
781.00000 0.80858 0.02638 0.73895 0.03789
782.00000 0.75382 0.07847 0.80742 0.05697
783.00000 0.86432 0.08932 0.71467 0.07371
784.00000 0.76736 0.04926 0.83696 0.03425
785.00000 0.87353 0.05097 0.68689 0.05526
786.00000 0.76864 0.06699 0.83411 0.04198
787.00000 0.88362 0.05466 0.73789 0.06070
788.00000 0.81265 0.06809 0.74454 0.05857
789.00000 0.77027 0.05612 0.78271 0.03275
790.00000 0.81817 0.05313 0.78061 0.03391
791.00000 0.86160 0.03693 0.79972 0.06033
792.00000 0.78344 0.05592 0.82576 0.05562
793.00000 0.84610 0.07611 0.64809 0.05846
794.00000 0.85539 0.05643 0.75539 0.06258
795.00000 0.79940 0.05777 0.72802 0.06329
796.00000 0.72982 0.08334 0.89191 0.08918
797.00000 0.79803 0.04655 0.62348 0.05939
798.00000 0.77491 0.05690 0.71708 0.05383
799.00000 0.81920 0.04027 0.84448 0.04816
800.00000 0.76911 0.04434 0.90122 0.07860
801.00000 0.81036 0.04960 0.79973 0.06975
802.00000 0.88817 0.05410 0.78796 0.04297
803.00000 0.71649 0.05170 0.76159 0.03641
804.00000 0.74571 0.06531 0.71815 0.03606
805.00000 0.87535 0.05696 0.69682 0.06743
806.00000 0.79298 0.03528 0.73771 0.06951
807.00000 0.73193 0.05957 0.59953 0.05623
808.00000 0.80996 0.05837 0.76901 0.02278
809.00000 0.85680 0.04127 0.74944 0.03152
810.00000 0.79883 0.04196 0.81277 0.05885
811.00000 0.83452 0.03552 0.75117 0.05245
812.00000 0.79037 0.05651 0.75848 0.05421
813.00000 0.79657 0.03727 0.77436 0.04972
814.00000 0.72424 0.03890 0.65590 0.04501
815.00000 0.79179 0.06051 0.73912 0.05774
816.00000 0.73618 0.05268 0.69955 0.05016
817.00000 0.87227 0.08039 0.83129 0.02574
818.00000 0.75091 0.04251 0.80537 0.04424
819.00000 0.73273 0.05504 0.74649 0.05775
820.00000 0.85646 0.07782 0.77017 0.04686
821.00000 0.78614 0.07156 0.84882 0.06384
822.00000 0.75075 0.05640 0.62003 0.08025
823.00000 0.75057 0.07059 0.72757 0.03131
824.00000 0.67964 0.07149 0.70075 0.10436
825.00000 0.76332 0.05661 0.80602 0.04541
826.00000 0.75388 0.06215 0.70469 0.05056
827.00000 0.75174 0.05441 0.73976 0.06251
828.00000 0.81400 0.05044 0.71326 0.03075
829.00000 0.79645 0.02755 0.80211 0.05454
830.00000 0.75422 0.05028 0.79958 0.05338
831.00000 0.82588 0.04812 0.73173 0.04462
832.00000 0.74557 0.04509 0.84417 0.05774
833.00000 0.78728 0.05623 0.70427 0.04231
834.00000 0.86097 0.06282 0.64852 0.05377
835.00000 0.77918 0.06765 0.70448 0.02771
836.00000 0.80734 0.05557 0.65731 0.06219
837.00000 0.78603 0.03976 0.68266 0.06791
838.00000 0.70833 0.06080 0.81843 0.08177
839.00000 0.69010 0.05346 0.74077 0.04150
840.00000 0.75351 0.06255 0.77519 0.06282
841.00000 0.78476 0.05270 0.69800 0.04871
842.00000 0.79736 0.04792 0.75901 0.06797
843.00000 0.87784 0.03814 0.77221 0.02839
844.00000 0.77832 0.05783 0.68419 0.04285
845.00000 0.75967 0.04414 0.75459 0.05174
846.00000 0.84214 0.03868 0.51708 0.07854
847.00000 0.75983 0.04011 0.78824 0.02603
848.00000 0.80285 0.07440 0.72078 0.06461
849.00000 0.77056 0.04832 0.77204 0.05229
1095.00000 0.82416 0.03994 0.75667 0.05889
1096.00000 0.74850 0.03085 0.75635 0.04429
1097.00000 0.75325 0.07162 0.83368 0.02899
1098.00000 0.78733 0.07055 0.76968 0.07342
1099.00000 0.80541 0.05411 0.76482 0.03593
1100.00000 0.85922 0.04715 0.74930 0.05544
1101.00000 0.82830 0.05640 0.77816 0.03632
1102.00000 0.82619 0.06031 0.77221 0.05729
1103.00000 0.81501 0.03678 0.72023 0.07192
1104.00000 0.80478 0.00393 0.91897 0.05811
1105.00000 0.89473 0.07121 0.77648 0.04304
1106.00000 0.87817 0.06052 0.80171 0.05094
1107.00000 0.77665 0.06497 0.83115 0.05871
1108.00000 0.87436 0.04132 0.73561 0.02964
1109.00000 0.79397 0.03066 0.78839 0.06163
1110.00000 0.77393 0.09314 0.78359 0.05521
1111.00000 0.92747 0.06552 0.78520 0.04813
1112.00000 0.83659 0.03376 0.78119 0.06228
1113.00000 0.84111 0.02671 0.93365 0.06148
1114.00000 0.79984 0.03523 0.75492 0.05344
1115.00000 0.83973 0.06865 0.88130 0.04980
1116.00000 0.82534 0.05973 0.86344 0.04370
1117.00000 0.86887 0.05858 0.70883 0.05963
1118.00000 0.88453 0.05133 0.93778 0.07872
1119.00000 0.75196 0.08193 0.76263 0.06225
1120.00000 0.81722 0.04797 0.83045 0.06489
1121.00000 0.81313 0.04339 0.75089 0.03273
1122.00000 0.76157 0.05619 0.77291 0.02844
1123.00000 0.81582 0.02896 0.78368 0.06358
1124.00000 0.83644 0.04591 0.70871 0.04364
1125.00000 0.71271 0.05531 0.79905 0.07159
1126.00000 0.76701 0.07394 0.81760 0.04952
1127.00000 0.94972 0.04299 0.72395 0.05060
1128.00000 0.71163 0.07250 0.76852 0.05979
1129.00000 0.68183 0.06151 0.75894 0.04703
1130.00000 0.73957 0.05907 0.72180 0.01679
1131.00000 0.83039 0.05495 0.83098 0.07449
1132.00000 0.83053 0.07409 0.74575 0.04798
1133.00000 0.77057 0.06084 0.80132 0.06001
1134.00000 0.77497 0.04334 0.70005 0.04338
1135.00000 0.80219 0.06222 0.76836 0.04707
1136.00000 0.82426 0.05446 0.77507 0.05104
1137.00000 0.86006 0.04182 0.68111 0.06415
1138.00000 0.84563 0.08471 0.78684 0.06000
1139.00000 0.86835 0.06822 0.76123 0.02795
1140.00000 0.82486 0.03148 0.75520 0.06307
1141.00000 0.76756 0.06779 0.70130 0.05540
1142.00000 0.82236 0.04088 0.78117 0.05192
1143.00000 0.80831 0.05080 0.85804 0.06781
1144.00000 0.84723 0.05058 0.76944 0.02076
1145.00000 0.70828 0.05831 0.77261 0.05705
1146.00000 0.90463 0.05061 0.75592 0.05212
1147.00000 0.72980 0.06695 0.74195 0.06550
1148.00000 0.82889 0.04776 0.69938 0.06088
1149.00000 0.76441 0.06827 0.81606 0.06795
1150.00000 0.72564 0.08722 0.84400 0.03504
1151.00000 0.77907 0.04878 0.81790 0.06872
1152.00000 0.82532 0.03241 0.77005 0.03165
1153.00000 0.85014 0.05169 0.71272 0.05139
1154.00000 0.79582 0.07313 0.80031 0.04623
1155.00000 0.87106 0.04625 0.75058 0.06280
1156.00000 0.81707 0.05654 0.81429 0.05003
1157.00000 0.84191 0.05613 0.76191 0.06034
1158.00000 0.81226 0.07072 0.76792 0.06182
1159.00000 0.93994 0.05825 0.74344 0.04849
1160.00000 0.86354 0.06354 0.76675 0.06735
1161.00000 0.91077 0.07155 0.71286 0.05677
1162.00000 0.81711 0.04781 0.74579 0.02297
1163.00000 0.77610 0.04009 0.71790 0.03682
1164.00000 0.80122 0.04971 0.74442 0.03982
1165.00000 0.70849 0.07469 0.71405 0.05015
1166.00000 0.99193 0.06726 0.67918 0.04448
1167.00000 0.82836 0.03484 0.72264 0.06047
1168.00000 0.81108 0.05004 0.81626 0.04312
1169.00000 0.79375 0.05424 0.73935 0.06629
1170.00000 0.85864 0.02280 0.72794 0.05954
1171.00000 0.80253 0.08337 0.72726 0.02703
1172.00000 0.88580 0.05143 0.73232 0.05080
1173.00000 0.82526 0.05679 0.73086 0.04172
1174.00000 0.84730 0.04674 0.81894 0.06248
1175.00000 0.79847 0.03176 0.68801 0.07706
1176.00000 0.83181 0.04798 0.74144 0.03004
1177.00000 0.87840 0.05192 0.83120 0.04812
1178.00000 0.80166 0.07795 0.87534 0.08919
1179.00000 0.80206 0.04632 0.77225 0.03365
1180.00000 0.84445 0.06545 0.72539 0.06213
1181.00000 0.83707 0.04753 0.79867 0.02134
1182.00000 0.78231 0.02181 0.77019 0.04974
1183.00000 0.85946 0.04916 0.68681 0.04643
1184.00000 0.72019 0.04464 0.75861 0.03199
1185.00000 0.70007 0.04530 0.78593 0.03346
1186.00000 0.81945 0.04987 0.79792 0.06665
1187.00000 0.82446 0.05340 0.74434 0.05069
1188.00000 0.86681 0.05594 0.67149 0.07538
1189.00000 0.85094 0.08965 0.73744 0.03976
1190.00000 0.77026 0.04466 0.84424 0.04627
1191.00000 0.76783 0.03763 0.74027 0.07554
1192.00000 0.64275 0.07641 0.62656 0.08398
1193.00000 0.82716 0.05676 0.74458 0.06629
1194.00000 0.81318 0.05253 0.88053 0.06003
1195.00000 0.87907 0.06538 0.70630 0.06329
1196.00000 0.76365 0.04636 0.82814 0.05210
1197.00000 0.81857 0.06234 0.80884 0.08868
1198.00000 0.84612 0.06851 0.80805 0.06977
1199.00000 0.76965 0.06215 0.74321 0.04150
1200.00000 0.80699 0.04696 0.82058 0.07498
1201.00000 0.78016 0.05091 0.71967 0.04788
1202.00000 0.84772 0.05610 0.77083 0.05393
1203.00000 0.81623 0.04023 0.78290 0.06012
1204.00000 0.79219 0.04480 0.77134 0.03800
1205.00000 0.70871 0.05331 0.75032 0.06223
1206.00000 0.80270 0.03658 0.84490 0.08788
1207.00000 0.88345 0.04400 0.80235 0.03796
1208.00000 0.80511 0.06574 0.70570 0.02726
1209.00000 0.71316 0.06088 0.74718 0.04818
1210.00000 0.88397 0.07128 0.77050 0.04554
1211.00000 0.83441 0.04833 0.81524 0.07198
1212.00000 0.82839 0.06799 0.77636 0.03545
1213.00000 0.84587 0.04562 0.75070 0.08407
1214.00000 0.85841 0.04537 0.75399 0.03532
1460.00000 0.69322 0.05874 0.73461 0.05979
1461.00000 0.74765 0.05722 0.72765 0.08684
1462.00000 0.80471 0.04612 0.84375 0.07582
1463.00000 0.75799 0.06219 0.77516 0.06910
1464.00000 0.69603 0.06102 0.78435 0.05264
1465.00000 0.76893 0.04972 0.71101 0.05783
1466.00000 0.82188 0.06945 0.79842 0.04072
1467.00000 0.82517 0.04944 0.86490 0.08113
1468.00000 0.93330 0.07787 0.88100 0.04579
1469.00000 0.84771 0.04798 0.83487 0.04720
1470.00000 0.78476 0.05702 0.83567 0.05111
1471.00000 0.79943 0.04598 0.84759 0.05020
1472.00000 0.78246 0.06242 0.73614 0.04316
1473.00000 0.93612 0.05686 0.71513 0.05112
1474.00000 0.84805 0.04318 0.82170 0.04773
1475.00000 0.80997 0.04879 0.78836 0.06307
1476.00000 0.86589 0.05147 0.77026 0.06438
1477.00000 0.79364 0.06262 0.77233 0.05033
1478.00000 0.76399 0.05199 0.73023 0.04916
1479.00000 0.75587 0.05545 0.74533 0.01272
1480.00000 0.76746 0.05938 0.75433 0.05320
1481.00000 0.81273 0.07363 0.73059 0.04083
1482.00000 0.77155 0.05590 0.72510 0.03684
1483.00000 0.76799 0.03113 0.79956 0.06860
1484.00000 0.78821 0.04410 0.72254 0.04170
1485.00000 0.78091 0.05805 0.76403 0.05200
1486.00000 0.91116 0.07534 0.77534 0.07815
1487.00000 0.84945 0.03904 0.83224 0.06570
1488.00000 0.74421 0.06518 0.74303 0.05268
1489.00000 0.84186 0.05622 0.76610 0.04606
1490.00000 0.85256 0.04081 0.75699 0.05230
1491.00000 0.84177 0.02119 0.74359 0.00750
1492.00000 0.80017 0.08818 0.74747 0.06517
1493.00000 0.84675 0.06747 0.70702 0.05274
1494.00000 0.77962 0.05696 0.69472 0.07450
1495.00000 0.82669 0.06762 0.64456 0.06625
1496.00000 0.94640 0.06579 0.77436 0.06246
1497.00000 0.81957 0.05908 0.84251 0.09317
1498.00000 0.82871 0.06961 0.74537 0.05945
1499.00000 0.82279 0.05446 0.73097 0.05917
1500.00000 0.81273 0.08052 0.71418 0.05994
1501.00000 0.72929 0.06951 0.70305 0.09375
1502.00000 0.65644 0.06228 0.80402 0.05898
1503.00000 0.81069 0.03548 0.76157 0.01144
1504.00000 0.82340 0.05012 0.72505 0.05256
1505.00000 0.73510 0.06969 0.67429 0.05217
1506.00000 0.67967 0.04908 0.77328 0.06427
1507.00000 0.81810 0.04452 0.72525 0.05284
1508.00000 0.76407 0.07752 0.73418 0.03988
1509.00000 0.91575 0.09207 0.77685 0.03518
1510.00000 0.75549 0.03263 0.82051 0.05031
1511.00000 0.81030 0.04844 0.84096 0.06029
1512.00000 0.73131 0.07610 0.77615 0.07736
1513.00000 0.81895 0.04953 0.80682 0.07807
1514.00000 0.73425 0.06313 0.72915 0.04620
1515.00000 0.78095 0.06449 0.78824 0.04525
1516.00000 0.75471 0.04652 0.65949 0.05331
1517.00000 0.82473 0.07947 0.72897 0.01143
1518.00000 0.75882 0.05503 0.72382 0.07252
1519.00000 0.80246 0.05504 0.81095 0.03384
1520.00000 0.74183 0.05585 0.81074 0.05353
1521.00000 0.87392 0.07125 0.72019 0.03203
1522.00000 0.78327 0.07213 0.69594 0.05278
1523.00000 0.73727 0.03027 0.76413 0.05601
1524.00000 0.78625 0.04794 0.80404 0.03964
1525.00000 0.80801 0.03072 0.76985 0.06077
1526.00000 0.82592 0.05969 0.82143 0.05014
1527.00000 0.80665 0.05541 0.59299 0.06508
1528.00000 0.77514 0.02827 0.72372 0.03945
1529.00000 0.81971 0.04913 0.75767 0.05002
1530.00000 0.89514 0.07155 0.78317 0.05596
1531.00000 0.81029 0.07774 0.76054 0.04176
1532.00000 0.81255 0.02685 0.76694 0.01965
1533.00000 0.80528 0.01406 0.76883 0.06174
1534.00000 0.81122 0.02605 0.77777 0.05202
1535.00000 0.77364 0.06313 0.83509 0.06087
1536.00000 0.79996 0.09185 0.78315 0.03561
1537.00000 0.79954 0.03268 0.64682 0.06526
1538.00000 0.84073 0.04368 0.68730 0.06462
1539.00000 0.84294 0.04073 0.77750 0.05309
1540.00000 0.94552 0.08667 0.82769 0.06904
1541.00000 0.86278 0.05124 0.74397 0.01587
1542.00000 0.72990 0.04044 0.74043 0.03645
1543.00000 0.80101 0.07331 0.75610 0.03395
1544.00000 0.82351 0.03852 0.77208 0.02978
1545.00000 0.89318 0.08235 0.77113 0.04277
1546.00000 0.78659 0.09062 0.74003 0.05377
1547.00000 0.93284 0.07426 0.73223 0.07791
1548.00000 0.59703 0.07284 0.74922 0.05466
1549.00000 0.84041 0.03246 0.72284 0.06288
1550.00000 0.78770 0.01412 0.74615 0.04827
1551.00000 0.81662 0.04173 0.75377 0.08155
1552.00000 0.83964 0.06672 0.80431 0.03934
1553.00000 0.76287 0.06204 0.76750 0.03539
1554.00000 0.84596 0.04088 0.73132 0.05621
1555.00000 0.80536 0.06410 0.79224 0.08301
1556.00000 0.79845 0.03757 0.80122 0.04720
1557.00000 0.85606 0.07404 0.71002 0.04929
1558.00000 0.73382 0.05948 0.58972 0.07693
1559.00000 0.86703 0.06996 0.72877 0.03444
1560.00000 0.81446 0.03838 0.82053 0.03787
1561.00000 0.78537 0.06405 0.79155 0.02446
1562.00000 0.80720 0.04597 0.76191 0.01272
1563.00000 0.82723 0.03269 0.77402 0.03315
1564.00000 0.86697 0.03342 0.77549 0.02347
1565.00000 0.91945 0.08069 0.67135 0.03351
1566.00000 0.84453 0.06003 0.88152 0.07553
1567.00000 0.84716 0.05469 0.74402 0.03750
1568.00000 0.75856 0.05065 0.76517 0.04059
1569.00000 0.93520 0.06524 0.65651 0.07238
1570.00000 0.78297 0.03708 0.82765 0.05286
1571.00000 0.87330 0.04105 0.74723 0.07762
1572.00000 0.84000 0.06170 0.78397 0.06606
1573.00000 0.73044 0.03995 0.80084 0.05150
1574.00000 0.93404 0.07899 0.86526 0.08473
1575.00000 0.76387 0.04904 0.76104 0.06419
1576.00000 0.84984 0.04968 0.83165 0.04224
1577.00000 0.85647 0.04614 0.69851 0.03387
1578.00000 0.87574 0.05204 0.72483 0.09052
1579.00000 0.82120 0.03752 0.69465 0.04378
1825.00000 0.84923 0.05302 0.68984 0.06442
1826.00000 0.77331 0.01814 0.78911 0.06076
1827.00000 0.85955 0.03872 0.63591 0.06657
1828.00000 0.90106 0.06220 0.62142 0.07760
1829.00000 0.79458 0.04683 0.75234 0.01122
1830.00000 0.84476 0.04748 0.73309 0.04570
1831.00000 0.82249 0.01805 0.80058 0.05141
1832.00000 0.76413 0.05633 0.86020 0.07714
1833.00000 0.80936 0.05244 0.72098 0.04437
1834.00000 0.81359 0.02531 0.78494 0.04157
1835.00000 0.80754 0.04069 0.72593 0.06425
1836.00000 0.89186 0.06007 0.75037 0.04381
1837.00000 0.78234 0.06847 0.75299 0.06462
1838.00000 0.89231 0.06679 0.83041 0.07790
1839.00000 0.84156 0.05838 0.80540 0.07699
1840.00000 0.82286 0.07979 0.74448 0.03915
1841.00000 0.76422 0.07943 0.76363 0.02063
1842.00000 0.85613 0.05374 0.77909 0.06137
1843.00000 0.74047 0.03387 0.66505 0.05018
1844.00000 0.75051 0.06806 0.72901 0.08159
1845.00000 0.74741 0.07534 0.77315 0.02692
1846.00000 0.75150 0.04778 0.79315 0.06324
1847.00000 0.84360 0.01866 0.78153 0.04201
1848.00000 0.71344 0.04855 0.79797 0.05696
1849.00000 0.75789 0.05798 0.64208 0.06769
1850.00000 0.85279 0.06121 0.71109 0.05866
1851.00000 0.77479 0.05795 0.91216 0.05650
1852.00000 0.80525 0.07211 0.78164 0.06701
1853.00000 0.78216 0.03118 0.70913 0.05460
1854.00000 0.82023 0.03990 0.85196 0.05135
1855.00000 0.77588 0.08657 0.69386 0.07735
1856.00000 0.78732 0.05028 0.77541 0.01825
1857.00000 0.74494 0.03501 0.74893 0.06504
1858.00000 0.87010 0.06141 0.71307 0.08120
1859.00000 0.73691 0.06489 0.69330 0.06104
1860.00000 0.85205 0.05448 0.75787 0.06868
1861.00000 0.74964 0.02589 0.75658 0.07480
1862.00000 0.82264 0.05860 0.73554 0.07813
1863.00000 0.67385 0.08348 0.72153 0.03670
1864.00000 0.80613 0.03602 0.71742 0.06456
1865.00000 0.56663 0.08226 0.89927 0.09196
1866.00000 0.76442 0.05204 0.76140 0.03655
1867.00000 0.77735 0.06692 0.77509 0.05359
1868.00000 0.76355 0.10116 0.69427 0.04469
1869.00000 0.78576 0.01304 0.84417 0.04147
1870.00000 0.91622 0.06879 0.78462 0.05516
1871.00000 0.83479 0.04538 0.76535 0.04428
1872.00000 0.81355 0.06209 0.78261 0.03441
1873.00000 0.77701 0.05950 0.76801 0.02917
1874.00000 0.81349 0.03849 0.74026 0.07191
1875.00000 0.78825 0.06552 0.64612 0.08559
1876.00000 0.80009 0.03646 0.70203 0.08400
1877.00000 0.76669 0.06175 0.72129 0.03814
1878.00000 0.70223 0.06583 0.79912 0.03042
1879.00000 0.79385 0.06812 0.73064 0.04840
1880.00000 0.84124 0.04624 0.66771 0.06510
1881.00000 0.77643 0.05008 0.78560 0.04903
1882.00000 0.67066 0.06200 0.81315 0.07744
1883.00000 0.82876 0.06603 0.76014 0.06963
1884.00000 0.76739 0.04930 0.73768 0.05817
1885.00000 0.88116 0.07175 0.75418 0.03848
1886.00000 0.75719 0.05881 0.73309 0.04684
1887.00000 0.80607 0.04073 0.76678 0.07955
1888.00000 0.78861 0.06799 0.67544 0.04538
1889.00000 0.82418 0.04509 0.76261 0.04793
1890.00000 0.85006 0.05833 0.74196 0.03386
1891.00000 0.83329 0.03964 0.72483 0.07021
1892.00000 0.73541 0.07675 0.73394 0.05153
1893.00000 0.81947 0.02594 0.71475 0.05567
1894.00000 0.79007 0.03140 0.73532 0.02532
1895.00000 0.81803 0.04345 0.65167 0.04446
1896.00000 0.88775 0.04564 0.78705 0.03316
1897.00000 0.76830 0.06401 0.78647 0.05559
1898.00000 0.81389 0.05579 0.86220 0.07963
1899.00000 0.73588 0.10059 0.70846 0.03369
1900.00000 0.78418 0.05412 0.67051 0.02570
1901.00000 0.84775 0.07417 0.75947 0.05438
1902.00000 0.78014 0.05744 0.70805 0.06442
1903.00000 0.73814 0.05859 0.78749 0.04406
1904.00000 0.83612 0.05094 0.82304 0.04615
1905.00000 0.82717 0.04176 0.79109 0.05663
1906.00000 0.81469 0.05737 0.71423 0.05081
1907.00000 0.80820 0.02551 0.73330 0.05826
1908.00000 0.69455 0.10178 0.73058 0.03623
1909.00000 0.82205 0.04885 0.73971 0.03724
1910.00000 0.80651 0.02812 0.69270 0.05243
1911.00000 0.80313 0.03823 0.58793 0.06703
1912.00000 0.81630 0.05802 0.68113 0.06157
1913.00000 0.86605 0.04994 0.72233 0.04898
1914.00000 0.82721 0.04464 0.72605 0.05877
1915.00000 0.76489 0.06236 0.74067 0.04063
1916.00000 0.78783 0.05552 0.70601 0.04982
1917.00000 0.67965 0.06199 0.70897 0.02767
1918.00000 0.86704 0.04645 0.74953 0.03001
1919.00000 0.80558 0.02043 0.75410 0.00646
1920.00000 0.82196 0.02797 0.82481 0.07661
1921.00000 0.77379 0.04555 0.74573 0.06252
1922.00000 0.78970 0.04242 0.85567 0.06415
1923.00000 0.84583 0.07446 0.83179 0.06265
1924.00000 0.77818 0.04161 0.69397 0.05755
1925.00000 0.79325 0.06458 0.75452 0.05447
1926.00000 0.81128 0.03213 0.84845 0.04481
1927.00000 0.83381 0.04200 0.71939 0.06101
1928.00000 0.67065 0.06586 0.76671 0.05212
1929.00000 0.68463 0.05308 0.86934 0.04823
1930.00000 0.82134 0.02374 0.76368 0.04663
1931.00000 0.66486 0.06246 0.79111 0.03959
1932.00000 0.76206 0.05761 0.78035 0.05218
1933.00000 0.82450 0.05203 0.85997 0.03159
1934.00000 0.71368 0.06862 0.74880 0.03669
1935.00000 0.83283 0.06853 0.79522 0.05661
1936.00000 0.75316 0.06394 0.68194 0.07713
1937.00000 0.77089 0.04692 0.82151 0.05418
1938.00000 0.75648 0.05471 0.71698 0.04950
1939.00000 0.92370 0.06004 0.74766 0.06202
1940.00000 0.75930 0.06711 0.78053 0.06836
1941.00000 0.67972 0.04060 0.66663 0.07634
1942.00000 0.82459 0.06073 0.79153 0.05410
1943.00000 0.68438 0.07671 0.84175 0.07301
1944.00000 0.90478 0.06176 0.70547 0.04566
2190.00000 0.90593 0.06967 0.76269 0.02410
2191.00000 0.87325 0.07471 0.79975 0.07832
2192.00000 0.82449 0.05143 0.72135 0.06416
2193.00000 0.77594 0.03998 0.80769 0.04998
2194.00000 0.86710 0.05056 0.70968 0.05432
2195.00000 0.88292 0.06032 0.83545 0.07106
2196.00000 0.83127 0.03401 0.77252 0.05782
2197.00000 0.76869 0.02943 0.79851 0.02538
2198.00000 0.82220 0.08418 0.78983 0.06874
2199.00000 0.85280 0.05285 0.75321 0.07727
2200.00000 0.81554 0.06178 0.57720 0.07514
2201.00000 0.80596 0.06194 0.92795 0.06199
2202.00000 0.82913 0.07548 0.80635 0.06536
2203.00000 0.88400 0.05048 0.76612 0.04396
2204.00000 0.86708 0.03917 0.73854 0.06187
2205.00000 0.83411 0.05548 0.79024 0.04866
2206.00000 0.84709 0.05165 0.83045 0.03440
2207.00000 0.83393 0.04592 0.80556 0.04025
2208.00000 0.87640 0.06360 0.79477 0.04711
2209.00000 0.75056 0.05709 0.76285 0.05721
2210.00000 0.70837 0.05915 0.75163 0.05527
2211.00000 0.84580 0.05391 0.76731 0.07885
2212.00000 0.69551 0.05643 0.82193 0.03857
2213.00000 0.75248 0.05645 0.73719 0.08283
2214.00000 0.81114 0.04502 0.91421 0.06527
2215.00000 0.79637 0.06211 0.74598 0.04967
2216.00000 0.79519 0.02978 0.83220 0.03211
2217.00000 0.77521 0.06302 0.68551 0.06652
2218.00000 0.81990 0.06873 0.75100 0.03193
2219.00000 0.74388 0.05243 0.75427 0.07972
2220.00000 0.81368 0.02703 0.70384 0.03623
2221.00000 0.83131 0.05909 0.79625 0.06793
2222.00000 0.79456 0.04469 0.69653 0.04557
2223.00000 0.88483 0.04437 0.56685 0.08339
2224.00000 0.78813 0.04508 0.74150 0.03199
2225.00000 0.78920 0.06105 0.76971 0.05629
2226.00000 0.79565 0.02490 0.70648 0.03519
2227.00000 0.77369 0.05633 0.82378 0.06857
2228.00000 0.82861 0.05019 0.78485 0.07166
2229.00000 0.76975 0.05002 0.69719 0.07272
2230.00000 0.73067 0.03423 0.73150 0.03835
2231.00000 0.72317 0.03364 0.77692 0.05690
2232.00000 0.83893 0.05419 0.84931 0.05349
2233.00000 0.88300 0.05710 0.69088 0.06170
2234.00000 0.72140 0.05909 0.83354 0.06883
2235.00000 0.72033 0.06472 0.86093 0.07882
2236.00000 0.87746 0.06725 0.71377 0.02485
2237.00000 0.87222 0.04957 0.68550 0.05503
2238.00000 0.78851 0.07441 0.80708 0.07796
2239.00000 0.84109 0.04039 0.73272 0.06584
2240.00000 0.76547 0.04102 0.79223 0.07623
2241.00000 0.81855 0.05819 0.69509 0.03860
2242.00000 0.77716 0.05572 0.74538 0.05963
2243.00000 0.88531 0.05792 0.82833 0.04134
2244.00000 0.85298 0.05562 0.79384 0.06288
2245.00000 0.72877 0.05476 0.77180 0.04561
2246.00000 0.80658 0.06726 0.62308 0.06399
2247.00000 0.96668 0.07102 0.76634 0.05839
2248.00000 0.84653 0.05980 0.70811 0.05457
2249.00000 0.84975 0.06460 0.76398 0.04018
2250.00000 0.85692 0.06099 0.77264 0.04394
2251.00000 0.86180 0.04257 0.76999 0.04330
2252.00000 0.79488 0.07893 0.80234 0.04645
2253.00000 0.75207 0.05765 0.65045 0.04892
2254.00000 0.82349 0.02964 0.75548 0.05917
2255.00000 0.83378 0.05796 0.79457 0.04331
2256.00000 0.84286 0.05129 0.66396 0.06933
2257.00000 0.78124 0.05320 0.70154 0.05642
2258.00000 0.66757 0.07037 0.67988 0.05360
2259.00000 0.73423 0.05531 0.77448 0.04616
2260.00000 0.78654 0.04126 0.77868 0.05995
2261.00000 0.77566 0.05098 0.66686 0.07291
2262.00000 0.80793 0.04159 0.78244 0.06596
2263.00000 0.76518 0.06689 0.77485 0.06294
2264.00000 0.84809 0.06407 0.83297 0.05174
2265.00000 0.89717 0.05706 0.77456 0.04160
2266.00000 0.81445 0.05380 0.71174 0.04979
2267.00000 0.80884 0.04190 0.74365 0.02265
2268.00000 0.83610 0.05173 0.77719 0.05876
2269.00000 0.90001 0.07227 0.69523 0.07694
2270.00000 0.81207 0.04801 0.68469 0.07703
2271.00000 0.81426 0.03808 0.74982 0.03912
2272.00000 0.76677 0.04072 0.68242 0.06884
2273.00000 0.84842 0.04934 0.81855 0.05700
2274.00000 0.76480 0.04287 0.75477 0.04996
2275.00000 0.75717 0.05112 0.81006 0.03250
2276.00000 0.74038 0.04299 0.76634 0.02858
2277.00000 0.68745 0.05081 0.76284 0.07126
2278.00000 0.77532 0.03958 0.74491 0.04155
2279.00000 0.82433 0.04241 0.75431 0.05520
2280.00000 0.73054 0.06446 0.79603 0.05206
2281.00000 0.79531 0.08149 0.76464 0.03802
2282.00000 0.82581 0.05726 0.74909 0.05847
2283.00000 0.86800 0.05312 0.83485 0.05347
2284.00000 0.99376 0.07691 0.76239 0.07299
2285.00000 0.81513 0.02622 0.73805 0.07062
2286.00000 0.90120 0.04485 0.71598 0.05840
2287.00000 0.73823 0.05074 0.78869 0.07439
2288.00000 0.87652 0.05751 0.78139 0.05988
2289.00000 0.92672 0.04775 0.73234 0.07521
2290.00000 0.86244 0.06172 0.75151 0.03062
2291.00000 0.77862 0.05099 0.71621 0.04366
2292.00000 0.84924 0.04671 0.72404 0.03893
2293.00000 0.89292 0.05377 0.76897 0.05693
2294.00000 0.81876 0.06054 0.76979 0.04235
2295.00000 0.84048 0.05948 0.83569 0.07307
2296.00000 0.79474 0.05998 0.67528 0.06073
2297.00000 0.85921 0.03856 0.83542 0.06509
2298.00000 0.85288 0.03007 0.76078 0.07082
2299.00000 0.82583 0.02797 0.80809 0.04238
2300.00000 0.87642 0.05192 0.82803 0.04489
2301.00000 0.90445 0.09120 0.73227 0.08885
2302.00000 0.83294 0.08906 0.94130 0.08744
2303.00000 0.77171 0.05153 0.79721 0.02575
2304.00000 0.74742 0.06844 0.76866 0.02962
2305.00000 0.89103 0.04246 0.79692 0.04553
2306.00000 0.81527 0.05084 0.71021 0.08030
2307.00000 0.85071 0.04583 0.73523 0.03041
2308.00000 0.80853 0.04617 0.75254 0.03648
2309.00000 0.78573 0.03145 0.71858 0.03016
2555.00000 0.73736 0.07258 0.74793 0.05601
2556.00000 0.76840 0.03948 0.80752 0.06339
2557.00000 0.78410 0.01331 0.76353 0.05763
2558.00000 0.76619 0.09700 0.84197 0.04504
2559.00000 0.76392 0.03194 0.79605 0.06137
2560.00000 0.77693 0.05223 0.83965 0.06739
2561.00000 0.85773 0.06465 0.82336 0.04358
2562.00000 0.78087 0.06054 0.74896 0.03569
2563.00000 0.79834 0.05094 0.70649 0.05391
2564.00000 0.72380 0.04279 0.73389 0.03823
2565.00000 0.79333 0.01694 0.95879 0.07938
2566.00000 0.73998 0.04295 0.71522 0.04954
2567.00000 0.85225 0.05652 0.73458 0.08376
2568.00000 0.79471 0.00204 0.77921 0.03015
2569.00000 0.69657 0.08423 0.70914 0.04195
2570.00000 0.77610 0.03778 0.76341 0.04270
2571.00000 0.80501 0.02068 0.77161 0.05194
2572.00000 0.75924 0.04394 0.80022 0.04870
2573.00000 0.77327 0.07600 0.71630 0.05105
2574.00000 0.82249 0.06997 0.76444 0.06372
2575.00000 0.76632 0.03809 0.81054 0.05633
2576.00000 0.75683 0.02949 0.89353 0.06450
2577.00000 0.75276 0.06532 0.79050 0.04772
2578.00000 0.71078 0.06227 0.76985 0.03644
2579.00000 0.80165 0.05880 0.80008 0.04120
2580.00000 0.78595 0.07597 0.82007 0.04847
2581.00000 0.71015 0.05471 0.62048 0.05878
2582.00000 0.76797 0.04266 0.78367 0.03967
2583.00000 0.75941 0.07340 0.75328 0.02954
2584.00000 0.74596 0.05728 0.75384 0.05428
2585.00000 0.61654 0.07433 0.72676 0.05255
2586.00000 0.64762 0.06414 0.70526 0.04880
2587.00000 0.81954 0.03271 0.79741 0.07065
2588.00000 0.75836 0.04276 0.77068 0.05483
2589.00000 0.82775 0.06712 0.69934 0.04583
2590.00000 0.86090 0.04559 0.80022 0.06297
2591.00000 0.85036 0.08088 0.74157 0.05398
2592.00000 0.78003 0.04256 0.61836 0.06113
2593.00000 0.86666 0.06413 0.79256 0.05931
2594.00000 0.76266 0.03273 0.83193 0.05458
2595.00000 0.77212 0.03446 0.62198 0.06905
2596.00000 0.71620 0.05633 0.74777 0.06057
2597.00000 0.79667 0.05461 0.72895 0.04387
2598.00000 0.81312 0.06479 0.91468 0.06423
2599.00000 0.80119 0.04829 0.74038 0.04342
2600.00000 0.66314 0.05569 0.69035 0.03779
2601.00000 0.71896 0.06491 0.73687 0.03383
2602.00000 0.82397 0.06778 0.74481 0.05099
2603.00000 0.70693 0.05027 0.66268 0.04544
2604.00000 0.66084 0.07227 0.72925 0.03530
2605.00000 0.76511 0.04784 0.65980 0.07066
2606.00000 0.69054 0.05793 0.73409 0.07559
2607.00000 0.77494 0.04396 0.69083 0.07336
2608.00000 0.70717 0.05267 0.79547 0.04380
2609.00000 0.76524 0.06912 0.72639 0.02917
2610.00000 0.84561 0.05527 0.65754 0.08395
2611.00000 0.84671 0.07830 0.76233 0.06893
2612.00000 0.78273 0.02648 0.72034 0.06965
2613.00000 0.78943 0.05879 0.76715 0.04356
2614.00000 0.73764 0.06235 0.62481 0.05911
2615.00000 0.83635 0.06557 0.73841 0.00692
2616.00000 0.98145 0.08228 0.68600 0.05570
2617.00000 0.73703 0.03730 0.68151 0.05426
2618.00000 0.79312 0.04351 0.72043 0.03115
2619.00000 0.68313 0.06157 0.74225 0.04936
2620.00000 0.93955 0.08912 0.63259 0.08002
2621.00000 0.76415 0.05621 0.69267 0.03859
2622.00000 0.75568 0.04834 0.70666 0.08624
2623.00000 0.82458 0.03311 0.78335 0.06274
2624.00000 0.78873 0.03839 0.70338 0.03918
2625.00000 0.80370 0.03065 0.77791 0.05318
2626.00000 0.85609 0.03475 0.75823 0.07769
2627.00000 0.82504 0.06965 0.72024 0.06503
2628.00000 0.75421 0.07707 0.68139 0.06220
2629.00000 0.87147 0.07200 0.71962 0.06167
2630.00000 0.82127 0.04710 0.72236 0.05896
2631.00000 0.77992 0.03557 0.74353 0.01465
2632.00000 0.62214 0.06593 0.71424 0.05661
2633.00000 0.71285 0.07694 0.70907 0.04985
2634.00000 0.76855 0.07129 0.75395 0.03933
2635.00000 0.90128 0.07280 0.62044 0.08110
2636.00000 0.83592 0.06600 0.76126 0.05532
2637.00000 0.64261 0.06523 0.72576 0.04259
2638.00000 0.78686 0.05935 0.74698 0.02426
2639.00000 0.79521 0.04194 0.76043 0.05017
2640.00000 0.76322 0.07318 0.74270 0.02263
2641.00000 0.82469 0.04716 0.76122 0.03921
2642.00000 0.81660 0.05530 0.72412 0.03606
2643.00000 0.80894 0.06239 0.77412 0.05840
2644.00000 0.70017 0.05166 0.77345 0.05554
2645.00000 0.89865 0.04606 0.78262 0.05678
2646.00000 0.79997 0.07452 0.76090 0.04433
2647.00000 0.71595 0.05521 0.78752 0.03248
2648.00000 0.70402 0.05204 0.71789 0.05568
2649.00000 0.78909 0.04365 0.68026 0.06195
2650.00000 0.75863 0.06866 0.82754 0.07132
2651.00000 0.90993 0.06164 0.88224 0.09767
2652.00000 0.77111 0.04842 0.74841 0.04983
2653.00000 0.65994 0.08517 0.68407 0.05625
2654.00000 0.79577 0.04950 0.73854 0.04923
2655.00000 0.80972 0.04395 0.76435 0.06203
2656.00000 0.85389 0.05021 0.67444 0.05685
2657.00000 0.78971 0.04800 0.65600 0.06809
2658.00000 0.82839 0.06822 0.72698 0.02363
2659.00000 0.84104 0.05267 0.73527 0.03945
2660.00000 0.79556 0.07835 0.75550 0.03738
2661.00000 0.75485 0.06592 0.78710 0.03354
2662.00000 0.81087 0.04404 0.74619 0.03329
2663.00000 0.82114 0.05030 0.74703 0.04416
2664.00000 0.81278 0.04509 0.77109 0.03725
2665.00000 0.84824 0.04147 0.77307 0.05663
2666.00000 0.80830 0.00838 0.75686 0.06401
2667.00000 0.83983 0.06573 0.59567 0.06428
2668.00000 0.77175 0.04903 0.88244 0.07820
2669.00000 0.78340 0.06080 0.66533 0.05880
2670.00000 0.87541 0.05387 0.67998 0.06718
2671.00000 0.86536 0.04046 0.83762 0.05159
2672.00000 0.81324 0.03625 0.70846 0.04679
2673.00000 0.85521 0.04096 0.73513 0.06802
2674.00000 0.81922 0.05729 0.79208 0.07518
2920.00000 0.68487 0.06070 0.77943 0.03834
2921.00000 0.79358 0.07370 0.72848 0.04179
2922.00000 0.79343 0.07877 0.83736 0.05944
2923.00000 0.76145 0.08383 0.72356 0.04930
2924.00000 0.77628 0.04867 0.77156 0.07401
2925.00000 0.75608 0.04851 0.76269 0.05123
2926.00000 0.79288 0.05681 0.70184 0.05092
2927.00000 0.74782 0.05713 0.77221 0.02835
2928.00000 0.82673 0.01909 0.90541 0.07843
2929.00000 0.81675 0.03793 0.79801 0.03073
2930.00000 0.83912 0.04086 0.72777 0.05381
2931.00000 0.86212 0.04189 0.79244 0.05276
2932.00000 0.80432 0.09246 0.75671 0.01066
2933.00000 0.77962 0.03590 0.81821 0.03385
2934.00000 0.84962 0.05919 0.83778 0.06397
2935.00000 0.81968 0.03898 0.67919 0.04667
2936.00000 0.79328 0.06466 0.66653 0.04457
2937.00000 0.89166 0.06681 0.78323 0.05463
2938.00000 0.89253 0.08103 0.74108 0.03809
2939.00000 0.89178 0.08516 0.73890 0.07748
2940.00000 0.75099 0.04539 0.75124 0.01826
2941.00000 0.73322 0.05459 0.75261 0.03051
2942.00000 0.77108 0.06442 0.80742 0.06861
2943.00000 0.92214 0.05865 0.87595 0.04909
2944.00000 0.84498 0.05442 0.71629 0.05429
2945.00000 0.83086 0.02867 0.77723 0.04791
2946.00000 0.75996 0.03498 0.73004 0.06461
2947.00000 0.79773 0.03950 0.73829 0.02877
2948.00000 0.78673 0.04267 0.78850 0.06183
2949.00000 0.78355 0.04025 0.63855 0.06657
2950.00000 0.73348 0.05617 0.86739 0.07478
2951.00000 0.80782 0.05083 0.76501 0.03069
2952.00000 0.80700 0.07804 0.78619 0.05441
2953.00000 0.74846 0.06936 0.72270 0.07327
2954.00000 0.84226 0.05818 0.70738 0.04464
2955.00000 0.83606 0.03507 0.81440 0.04424
2956.00000 0.83911 0.06773 0.77120 0.05052
2957.00000 0.85012 0.07655 0.78698 0.05209
2958.00000 0.91211 0.07054 0.79188 0.03701
2959.00000 0.73425 0.04929 0.75214 0.06213
2960.00000 0.76762 0.06648 0.75701 0.05054
2961.00000 0.81070 0.04510 0.75046 0.05521
2962.00000 0.81174 0.06128 0.66196 0.05606
2963.00000 0.84019 0.02442 0.80656 0.06136
2964.00000 0.92552 0.05910 0.79552 0.03653
2965.00000 0.75227 0.04663 0.72887 0.04938
2966.00000 0.77565 0.03776 0.75377 0.01373
2967.00000 0.85537 0.05204 0.74709 0.07622
2968.00000 0.92160 0.07394 0.76178 0.05041
2969.00000 0.78712 0.03431 0.63658 0.07133
2970.00000 0.81162 0.04534 0.75651 0.05529
2971.00000 0.84708 0.06419 0.78401 0.04826
2972.00000 0.85451 0.04864 0.73802 0.06856
2973.00000 0.83579 0.05365 0.65036 0.08935
2974.00000 0.87356 0.04189 0.74674 0.05272
2975.00000 0.87935 0.06460 0.76825 0.03007
2976.00000 0.81452 0.05708 0.68789 0.06031
2977.00000 0.84560 0.03925 0.58689 0.07165
2978.00000 0.80249 0.04997 0.80801 0.06624
2979.00000 0.80801 0.05817 0.76733 0.07135
2980.00000 0.87285 0.06224 0.76760 0.06866
2981.00000 0.80160 0.04687 0.75795 0.03748
2982.00000 0.78171 0.07435 0.77652 0.05303
2983.00000 0.66891 0.07128 0.75930 0.05866
2984.00000 0.89054 0.03985 0.95410 0.07199
2985.00000 0.84575 0.05218 0.77793 0.02271
2986.00000 0.84880 0.06532 0.82095 0.07106
2987.00000 0.89470 0.06935 0.74643 0.05562
2988.00000 0.83289 0.04433 0.71386 0.07325
2989.00000 0.76623 0.05744 0.73493 0.03279
2990.00000 0.75927 0.05155 0.79985 0.02624
2991.00000 0.79771 0.03358 0.76754 0.03523
2992.00000 0.79685 0.03469 0.71392 0.04014
2993.00000 0.81886 0.03778 0.78032 0.05487
2994.00000 0.83068 0.05517 0.80672 0.08739
2995.00000 0.77467 0.05313 0.74786 0.08167
2996.00000 0.71853 0.07236 0.87031 0.06120
2997.00000 0.83633 0.05156 0.80562 0.05266
2998.00000 0.68838 0.06903 0.78909 0.04223
2999.00000 0.81123 0.03486 0.69429 0.04165
3000.00000 0.60246 0.06829 0.78798 0.06315
3001.00000 0.74524 0.05170 0.77547 0.04667
3002.00000 0.81833 0.04198 0.72528 0.05459
3003.00000 0.79741 0.05775 0.73690 0.03919
3004.00000 0.67127 0.08496 0.75588 0.05780
3005.00000 0.80490 0.03533 0.85968 0.06327
3006.00000 0.79718 0.05340 0.79179 0.05817
3007.00000 0.74635 0.06719 0.68056 0.06136
3008.00000 0.76801 0.03565 0.73151 0.04539
3009.00000 0.82768 0.04033 0.80706 0.04544
3010.00000 0.78261 0.07221 0.73237 0.06254
3011.00000 0.88701 0.06015 0.79877 0.03484
3012.00000 0.75046 0.04335 0.79541 0.05860
3013.00000 0.78023 0.04714 0.71083 0.05060
3014.00000 0.79767 0.06223 0.70493 0.02932
3015.00000 0.79430 0.03213 0.76229 0.04308
3016.00000 0.72632 0.05069 0.69196 0.04798
3017.00000 0.71532 0.06125 0.74147 0.03215
3018.00000 0.78098 0.03490 0.81547 0.04580
3019.00000 0.76048 0.04401 0.75641 0.04894
3020.00000 0.85930 0.05340 0.65222 0.06944
3021.00000 0.79849 0.05990 0.77763 0.04060
3022.00000 0.84368 0.06357 0.67156 0.05186
3023.00000 0.82818 0.05943 0.75271 0.03665
3024.00000 0.76761 0.07978 0.75245 0.05098
3025.00000 0.80447 0.05501 0.72849 0.05617
3026.00000 0.79873 0.06795 0.64527 0.06101
3027.00000 0.83898 0.04635 0.74480 0.07346
3028.00000 0.83052 0.04065 0.73684 0.04485
3029.00000 0.77798 0.04423 0.71963 0.05360
3030.00000 0.72865 0.07390 0.83833 0.04044
3031.00000 0.86843 0.05688 0.72684 0.04133
3032.00000 0.71667 0.04104 0.68932 0.05497
3033.00000 0.73547 0.06023 0.71246 0.07685
3034.00000 0.81929 0.04522 0.70433 0.04979
3035.00000 0.83730 0.06540 0.70619 0.04703
3036.00000 0.72330 0.04561 0.69708 0.06803
3037.00000 0.87236 0.07283 0.65919 0.06820
3038.00000 0.82806 0.01689 0.68780 0.04238
3039.00000 0.70833 0.06586 0.76287 0.04497
3285.00000 0.75473 0.05122 0.77625 0.02986
3286.00000 0.81455 0.01614 0.80295 0.04548
3287.00000 0.84549 0.04097 0.79106 0.03931
3288.00000 0.87557 0.04048 0.76570 0.05340
3289.00000 0.78302 0.04668 0.76278 0.02154
3290.00000 0.81183 0.04980 0.75418 0.03861
3291.00000 0.75330 0.06049 0.65365 0.05246
3292.00000 0.70223 0.06515 0.73781 0.05911
3293.00000 0.86169 0.03999 0.70735 0.06093
3294.00000 0.81040 0.06000 0.79725 0.05235
3295.00000 0.78415 0.06731 0.78234 0.03599
3296.00000 0.73962 0.06088 0.73657 0.04772
3297.00000 0.82473 0.01619 0.77533 0.06081
3298.00000 0.87819 0.05585 0.75135 0.04614
3299.00000 0.79855 0.03382 0.81609 0.04357
3300.00000 0.63100 0.05992 0.66482 0.06706
3301.00000 0.81948 0.05962 0.67463 0.06727
3302.00000 0.78641 0.04852 0.71431 0.05449
3303.00000 0.82999 0.04316 0.77804 0.05492
3304.00000 0.72605 0.06056 0.81875 0.05386
3305.00000 0.84728 0.05108 0.71229 0.05743
3306.00000 0.83146 0.03758 0.72174 0.04004
3307.00000 0.67953 0.07123 0.76602 0.05266
3308.00000 0.83349 0.03617 0.76991 0.05160
3309.00000 0.75964 0.02946 0.74017 0.05168
3310.00000 0.82570 0.02322 0.77576 0.05355
3311.00000 0.81788 0.04711 0.74358 0.04563
3312.00000 0.81986 0.02435 0.73724 0.04175
3313.00000 0.86811 0.06645 0.83479 0.05040
3314.00000 0.83574 0.04628 0.76160 0.03267
3315.00000 0.78889 0.06086 0.80260 0.05680
3316.00000 0.83511 0.04553 0.79291 0.04507
3317.00000 0.70910 0.08367 0.70831 0.06120
3318.00000 0.69698 0.05652 0.81288 0.07227
3319.00000 0.81424 0.05400 0.81025 0.06913
3320.00000 0.76083 0.05710 0.79845 0.08136
3321.00000 0.80538 0.06880 0.74887 0.04208
3322.00000 0.78166 0.02029 0.84376 0.05095
3323.00000 0.74885 0.05639 0.78650 0.07897
3324.00000 0.77630 0.06242 0.87063 0.06643
3325.00000 0.78353 0.05031 0.72947 0.06612
3326.00000 0.78177 0.07920 0.74366 0.01082
3327.00000 0.77573 0.04986 0.74902 0.04075
3328.00000 0.77796 0.07090 0.81944 0.06124
3329.00000 0.83281 0.04595 0.78122 0.05980
3330.00000 0.81813 0.04305 0.86167 0.08539
3331.00000 0.77231 0.05922 0.80153 0.06149
3332.00000 0.76042 0.02997 0.73220 0.04753
3333.00000 0.78490 0.05512 0.80741 0.05653
3334.00000 0.82308 0.03635 0.75074 0.02471
3335.00000 0.79759 0.05186 0.77393 0.06576
3336.00000 0.69100 0.06449 0.86836 0.06497
3337.00000 0.81305 0.01897 0.80520 0.05258
3338.00000 0.84738 0.06518 0.76868 0.01961
3339.00000 0.73015 0.07933 0.72452 0.02769
3340.00000 0.76826 0.07842 0.75424 0.04390
3341.00000 0.87613 0.06803 0.72008 0.05890
3342.00000 0.66757 0.07661 0.59450 0.07416
3343.00000 0.76786 0.05108 0.81226 0.05690
3344.00000 0.80372 0.02665 0.68066 0.06904
3345.00000 0.79964 0.04987 0.86119 0.04611
3346.00000 0.77742 0.04344 0.60107 0.06141
3347.00000 0.81613 0.01483 0.76856 0.05359
3348.00000 0.66383 0.03957 0.72308 0.07706
3349.00000 0.78981 0.04095 0.73428 0.03281
3350.00000 0.80180 0.04124 0.76318 0.06504
3351.00000 0.83130 0.06487 0.70563 0.04617
3352.00000 0.79174 0.04450 0.75606 0.07115
3353.00000 0.77676 0.07551 0.71471 0.05660
3354.00000 0.74586 0.04124 0.72180 0.06757
3355.00000 0.74448 0.04355 0.75631 0.05068
3356.00000 0.83910 0.08618 0.80951 0.05286
3357.00000 0.74851 0.04164 0.79559 0.04287
3358.00000 0.79440 0.03914 0.68596 0.08017
3359.00000 0.91020 0.08768 0.74633 0.08400
3360.00000 0.84803 0.04635 0.75285 0.03317
3361.00000 0.82266 0.05744 0.77696 0.06555
3362.00000 0.95198 0.07926 0.76340 0.04185
3363.00000 0.82727 0.07055 0.68035 0.06879
3364.00000 0.81501 0.06255 0.72750 0.05416
3365.00000 0.84094 0.05352 0.72703 0.03963
3366.00000 0.84323 0.05171 0.75020 0.06078
3367.00000 0.75169 0.03052 0.78328 0.06917
3368.00000 0.77890 0.06670 0.67391 0.06599
3369.00000 0.91512 0.05822 0.82163 0.05762
3370.00000 0.85074 0.07892 0.77035 0.05385
3371.00000 0.84037 0.02685 0.69267 0.05646
3372.00000 0.73339 0.05657 0.72338 0.02470
3373.00000 0.82716 0.02956 0.73679 0.01528
3374.00000 0.88287 0.07538 0.78388 0.05225
3375.00000 0.83993 0.07182 0.71113 0.06214
3376.00000 0.85992 0.03970 0.69753 0.07558
3377.00000 0.82590 0.03779 0.72863 0.07693
3378.00000 0.83106 0.08203 0.73925 0.04413
3379.00000 0.82252 0.05311 0.80829 0.06877
3380.00000 0.75438 0.07650 0.76800 0.03142
3381.00000 0.75717 0.04304 0.71959 0.05252
3382.00000 0.68131 0.06338 0.75613 0.04173
3383.00000 0.83789 0.03980 0.64522 0.04047
3384.00000 0.90868 0.06360 0.75306 0.02813
3385.00000 0.71275 0.07140 0.74742 0.06165
3386.00000 0.79440 0.07210 0.66623 0.06256
3387.00000 0.82063 0.02377 0.71561 0.02640
3388.00000 0.85429 0.09000 0.77308 0.01586
3389.00000 0.79003 0.06852 0.74305 0.04924
3390.00000 0.79458 0.05512 0.81094 0.07601
3391.00000 0.83970 0.03586 0.77720 0.04843
3392.00000 0.82223 0.03380 0.80790 0.05945
3393.00000 0.79903 0.04067 0.77642 0.04051
3394.00000 0.81808 0.05411 0.72141 0.04128
3395.00000 0.77453 0.07563 0.73856 0.04965
3396.00000 0.80439 0.03291 0.92631 0.05921
3397.00000 0.80324 0.03528 0.72171 0.04045
3398.00000 0.87873 0.07042 0.78291 0.05913
3399.00000 0.78442 0.05492 0.73666 0.02957
3400.00000 0.83564 0.03721 0.78572 0.04917
3401.00000 0.86367 0.04348 0.75869 0.02216
3402.00000 0.85180 0.05741 0.73288 0.03980
3403.00000 0.84222 0.06304 0.78077 0.02280
3404.00000 0.87034 0.06016 0.75265 0.04665
