## Time Delay Challenge light curves
##
## [time]=days, [lc]=[err]=flux in nanomaggies
##
##       time       lc_A      err_A       lc_B      err_B
##-------------------------------------------------------
      0.00000    1.14773    0.03454    1.59933    0.04785
     14.00000    1.11660    0.03369    1.65399    0.04805
     28.00000    1.13462    0.03382    1.49034    0.04748
     42.00000    1.14752    0.03432    1.53412    0.04802
     56.00000    1.18424    0.03468    1.49349    0.04812
     70.00000    1.18754    0.03504    1.75185    0.04901
     84.00000    1.20635    0.03592    1.70329    0.04858
     98.00000    1.20287    0.03640    1.85912    0.05231
    112.00000    1.22258    0.03603    1.74226    0.05105
    126.00000    1.16171    0.03433    1.73313    0.05051
    140.00000    1.16225    0.03453    1.51919    0.04725
    154.00000    1.16374    0.03419    1.72150    0.04884
    168.00000    1.13819    0.03498    1.55501    0.04828
    182.00000    1.12078    0.03413    1.56672    0.04796
    196.00000    1.10506    0.03360    1.60917    0.04883
    210.00000    1.04256    0.03271    1.51189    0.04646
    224.00000    1.08487    0.03208    1.58657    0.04640
    238.00000    1.08202    0.03226    1.49554    0.04518
    252.00000    1.06625    0.03239    1.53124    0.04603
    266.00000    1.07364    0.03210    1.51674    0.04579
    280.00000    1.01828    0.03141    1.55889    0.04495
    294.00000    1.06569    0.03175    1.48298    0.04531
    308.00000    1.15579    0.03306    1.53155    0.04619
    322.00000    1.17015    0.03367    1.58958    0.04709
    336.00000    1.14902    0.03301    1.49399    0.04715
    350.00000    1.07719    0.03216    1.51660    0.04617
    364.00000    1.18463    0.03403    1.58666    0.04685
    378.00000    1.13358    0.03430    1.65773    0.04805
    392.00000    1.10826    0.03470    1.62868    0.04862
    406.00000    1.16124    0.03496    1.57029    0.04808
    420.00000    1.13350    0.03361    1.69475    0.04873
    434.00000    1.14408    0.03457    1.58908    0.04799
    448.00000    1.14101    0.03415    1.67355    0.05016
    462.00000    1.03652    0.03335    1.61798    0.04828
    476.00000    1.05923    0.03144    1.52849    0.04594
    490.00000    0.99855    0.03083    1.42905    0.04358
    504.00000    1.05228    0.03141    1.51794    0.04490
    518.00000    1.08211    0.03291    1.43372    0.04457
    532.00000    1.03139    0.03310    1.55317    0.04731
    546.00000    1.08049    0.03350    1.54317    0.04687
    560.00000    1.18076    0.03609    1.55276    0.04793
    574.00000    1.17682    0.03655    1.76749    0.05289
    588.00000    1.28209    0.03837    1.71987    0.05137
    602.00000    1.31697    0.03933    1.83494    0.05492
    616.00000    1.35374    0.04039    1.81748    0.05478
    630.00000    1.24926    0.03852    1.89811    0.05602
    644.00000    1.17629    0.03732    1.86331    0.05318
    658.00000    1.29619    0.03885    1.84753    0.05380
    672.00000    1.33888    0.03884    1.62142    0.05369
    686.00000    1.33068    0.03985    1.89351    0.05493
    700.00000    1.25739    0.03886    1.76714    0.05616
    714.00000    1.29135    0.03758    1.71567    0.05437
    728.00000    1.19072    0.03524    1.74294    0.05209
    742.00000    1.17403    0.03397    1.57784    0.04933
    756.00000    1.12720    0.03464    1.63916    0.04698
    770.00000    1.14525    0.03442    1.70305    0.05005
    784.00000    1.13962    0.03399    1.61452    0.04964
    798.00000    1.11723    0.03346    1.51364    0.04776
    812.00000    1.17595    0.03499    1.60930    0.04780
    826.00000    1.24196    0.03439    1.73530    0.05021
    840.00000    1.18302    0.03449    1.61661    0.04836
    854.00000    1.17629    0.03488    1.69198    0.04805
    868.00000    1.14631    0.03420    1.65885    0.04898
    882.00000    1.13218    0.03524    1.65200    0.04840
    896.00000    1.20943    0.03505    1.68087    0.05089
    910.00000    1.14483    0.03375    1.68096    0.04986
    924.00000    1.18652    0.03334    1.57264    0.04750
    938.00000    1.07321    0.03329    1.46668    0.04664
    952.00000    1.09714    0.03363    1.66966    0.04663
    966.00000    1.12803    0.03319    1.59663    0.04811
    980.00000    1.00566    0.03233    1.57134    0.04698
    994.00000    1.06891    0.03196    1.57595    0.04546
   1008.00000    1.11803    0.03379    1.55193    0.04641
   1022.00000    1.28028    0.03724    1.65315    0.04928
   1036.00000    1.21070    0.03563    1.74624    0.05172
   1050.00000    1.20825    0.03580    1.61312    0.05012
   1064.00000    1.09886    0.03407    1.74977    0.05020
   1078.00000    1.09192    0.03288    1.57057    0.04661
   1092.00000    1.10900    0.03334    1.54199    0.04712
   1106.00000    1.06564    0.03166    1.55803    0.04547
   1120.00000    1.07660    0.03190    1.53609    0.04560
   1134.00000    1.08435    0.03273    1.49298    0.04611
   1148.00000    1.16794    0.03442    1.59238    0.04755
   1162.00000    1.05393    0.03407    1.59879    0.04796
   1176.00000    1.18440    0.03359    1.58977    0.04722
   1190.00000    1.14134    0.03426    1.60310    0.04756
   1204.00000    1.14357    0.03478    1.67013    0.04905
   1218.00000    1.09635    0.03388    1.53143    0.04766
   1232.00000    1.11859    0.03405    1.63558    0.04907
   1246.00000    1.16991    0.03529    1.59535    0.04922
   1260.00000    1.24519    0.03569    1.67966    0.04965
   1274.00000    1.07361    0.03415    1.53897    0.04809
   1288.00000    1.19053    0.03479    1.51275    0.04857
   1302.00000    1.14650    0.03466    1.59171    0.04838
   1316.00000    1.11695    0.03452    1.69182    0.04715
   1330.00000    1.13308    0.03439    1.63258    0.04734
   1344.00000    1.10749    0.03341    1.59400    0.04770
   1358.00000    0.99314    0.03097    1.63827    0.04574
   1372.00000    0.95366    0.02950    1.43318    0.04325
   1386.00000    0.95388    0.02962    1.38670    0.04183
   1400.00000    0.92933    0.02960    1.39311    0.04075
   1414.00000    0.94758    0.02823    1.36669    0.04063
   1428.00000    0.92816    0.02944    1.32658    0.03988
   1442.00000    0.93803    0.02876    1.37357    0.04179
   1456.00000    0.98191    0.02954    1.35361    0.04069
   1470.00000    1.02196    0.02965    1.42105    0.04133
   1484.00000    1.01524    0.03017    1.40678    0.04393
   1498.00000    0.93753    0.02952    1.39744    0.04278
   1512.00000    1.00540    0.02969    1.44273    0.04161
   1526.00000    0.95091    0.02968    1.54136    0.04298
   1540.00000    0.97197    0.02887    1.28810    0.04090
   1554.00000    0.95555    0.02906    1.39575    0.04137
   1568.00000    0.89821    0.02857    1.43710    0.04110
   1582.00000    0.98503    0.02983    1.34941    0.04075
   1596.00000    1.00230    0.02953    1.37455    0.04196
   1610.00000    0.99261    0.02941    1.42870    0.04132
   1624.00000    0.92750    0.02820    1.34969    0.04117
   1638.00000    0.91967    0.02829    1.30275    0.03995
   1652.00000    0.95379    0.02906    1.29983    0.03968
   1666.00000    0.98615    0.02895    1.29747    0.04062
   1680.00000    0.96088    0.02936    1.26221    0.04080
   1694.00000    0.95022    0.02936    1.45100    0.04207
   1708.00000    0.96649    0.02942    1.45447    0.04153
   1722.00000    1.01741    0.02960    1.39905    0.04169
   1736.00000    0.97378    0.02865    1.39681    0.04216
   1750.00000    0.97875    0.02913    1.37518    0.04065
   1764.00000    1.04108    0.03023    1.34920    0.04070
   1778.00000    1.01822    0.02907    1.32767    0.04204
   1792.00000    1.00701    0.02911    1.29269    0.04024
   1806.00000    1.00861    0.03035    1.42508    0.04222
   1820.00000    0.99131    0.03053    1.43044    0.04342
   1834.00000    1.09484    0.03148    1.40240    0.04413
   1848.00000    1.05652    0.03192    1.43795    0.04509
   1862.00000    1.08460    0.03269    1.55295    0.04530
   1876.00000    1.11214    0.03350    1.46505    0.04606
   1890.00000    1.08455    0.03374    1.62877    0.04725
   1904.00000    1.10385    0.03373    1.63445    0.04833
   1918.00000    1.16030    0.03492    1.56741    0.04848
   1932.00000    1.27783    0.03623    1.60631    0.04865
   1946.00000    1.25069    0.03569    1.72466    0.05150
   1960.00000    1.15234    0.03533    1.72522    0.05120
   1974.00000    1.21164    0.03622    1.68355    0.05012
   1988.00000    1.22718    0.03768    1.80907    0.05205
   2002.00000    1.24960    0.03708    1.83125    0.05345
   2016.00000    1.24456    0.03676    1.76785    0.05386
   2030.00000    1.19911    0.03642    1.67357    0.05047
   2044.00000    1.27833    0.03718    1.64617    0.05077
   2058.00000    1.23222    0.03783    1.70369    0.05193
   2072.00000    1.18837    0.03841    1.82291    0.05457
   2086.00000    1.21303    0.03642    1.61852    0.05223
   2100.00000    1.19999    0.03587    1.66330    0.04975
   2114.00000    1.21238    0.03561    1.65653    0.04977
   2128.00000    1.17075    0.03567    1.63806    0.04951
   2142.00000    1.23796    0.03769    1.64302    0.05130
   2156.00000    1.23257    0.03805    1.75734    0.05365
   2170.00000    1.30858    0.03936    1.76490    0.05419
   2184.00000    1.31255    0.03978    1.86486    0.05605
   2198.00000    1.27564    0.03734    1.69312    0.05480
   2212.00000    1.24582    0.03610    1.69566    0.05138
   2226.00000    1.21654    0.03757    1.74927    0.05174
   2240.00000    1.25598    0.03723    1.73080    0.05334
   2254.00000    1.17006    0.03634    1.68462    0.05201
   2268.00000    1.21064    0.03539    1.77233    0.05202
   2282.00000    1.19859    0.03478    1.79408    0.04987
   2296.00000    1.11123    0.03349    1.61260    0.04751
   2310.00000    1.13155    0.03327    1.61547    0.04753
   2324.00000    1.07921    0.03240    1.54262    0.04621
   2338.00000    1.10255    0.03412    1.56089    0.04577
   2352.00000    1.10587    0.03392    1.64383    0.04845
   2366.00000    1.03559    0.03283    1.50995    0.04660
   2380.00000    1.12549    0.03295    1.59651    0.04736
   2394.00000    1.18215    0.03357    1.58625    0.04631
   2408.00000    1.14112    0.03404    1.53686    0.04712
   2422.00000    1.10412    0.03488    1.65308    0.04904
   2436.00000    1.20174    0.03490    1.63780    0.04735
   2450.00000    1.13492    0.03509    1.69581    0.04943
   2464.00000    1.14840    0.03446    1.61359    0.04844
   2478.00000    1.08498    0.03267    1.70919    0.04828
   2492.00000    1.05676    0.03161    1.56314    0.04549
   2506.00000    1.11658    0.03284    1.49803    0.04528
   2520.00000    1.05019    0.03204    1.45840    0.04650
   2534.00000    1.02954    0.03118    1.48144    0.04488
   2548.00000    1.02541    0.03158    1.47592    0.04410
   2562.00000    1.09992    0.03237    1.45622    0.04419
   2576.00000    1.03118    0.03065    1.50670    0.04517
   2590.00000    0.97867    0.03073    1.51176    0.04323
   2604.00000    0.98550    0.03100    1.50879    0.04418
   2618.00000    1.05228    0.03094    1.52071    0.04385
   2632.00000    1.14697    0.03169    1.39278    0.04358
   2646.00000    1.09053    0.03164    1.52503    0.04574
   2660.00000    1.09383    0.03145    1.53022    0.04414
   2674.00000    0.99921    0.03118    1.44569    0.04448
   2688.00000    1.04698    0.03217    1.57668    0.04471
   2702.00000    1.11711    0.03286    1.45282    0.04532
   2716.00000    1.10592    0.03225    1.51122    0.04625
   2730.00000    1.06270    0.03181    1.58730    0.04555
   2744.00000    1.10470    0.03240    1.39958    0.04493
   2758.00000    1.06436    0.03264    1.57269    0.04608
   2772.00000    1.07739    0.03243    1.44235    0.04499
   2786.00000    1.11464    0.03307    1.46581    0.04558
   2800.00000    1.10266    0.03291    1.56262    0.04684
   2814.00000    1.15772    0.03318    1.55423    0.04673
   2828.00000    1.03568    0.03169    1.51270    0.04465
   2842.00000    1.08370    0.03158    1.47350    0.04443
   2856.00000    1.02521    0.03074    1.47859    0.04479
   2870.00000    1.04847    0.03093    1.40118    0.04360
   2884.00000    1.00374    0.03047    1.46781    0.04369
   2898.00000    1.06527    0.03184    1.34963    0.04378
   2912.00000    1.08071    0.03317    1.55547    0.04581
   2926.00000    1.12233    0.03377    1.56921    0.04681
   2940.00000    1.19581    0.03499    1.62662    0.04689
   2954.00000    1.13057    0.03471    1.73509    0.04997
   2968.00000    1.14598    0.03410    1.54760    0.04853
   2982.00000    1.14713    0.03377    1.64992    0.04866
   2996.00000    1.14173    0.03438    1.55602    0.04785
   3010.00000    1.15239    0.03436    1.59724    0.04868
   3024.00000    1.13498    0.03601    1.66332    0.04879
   3038.00000    1.18064    0.03565    1.74140    0.05156
   3052.00000    1.12169    0.03379    1.66320    0.04925
   3066.00000    1.13088    0.03545    1.58429    0.04766
   3080.00000    1.21351    0.03583    1.69609    0.05061
   3094.00000    1.20975    0.03557    1.61359    0.05011
   3108.00000    1.17932    0.03488    1.63954    0.05017
   3122.00000    1.15822    0.03462    1.64382    0.04845
   3136.00000    1.17197    0.03502    1.54691    0.04813
   3150.00000    1.13357    0.03552    1.64486    0.05033
   3164.00000    1.15120    0.03483    1.71895    0.05046
   3178.00000    1.27604    0.03692    1.69185    0.05084
   3192.00000    1.18405    0.03740    1.72448    0.05307
   3206.00000    1.26444    0.03696    1.74276    0.05184
   3220.00000    1.32082    0.03679    1.81869    0.05253
   3234.00000    1.22837    0.03602    1.66977    0.05164
   3248.00000    1.19982    0.03566    1.61222    0.05070
   3262.00000    1.21581    0.03639    1.71320    0.05123
   3276.00000    1.23462    0.03751    1.65895    0.05113
   3290.00000    1.37334    0.03831    1.75766    0.05332
   3304.00000    1.36419    0.03920    1.78428    0.05447
   3318.00000    1.41330    0.03996    1.82671    0.05634
   3332.00000    1.35008    0.03923    1.84824    0.05555
   3346.00000    1.23333    0.03853    1.84992    0.05522
   3360.00000    1.29813    0.03884    1.77637    0.05515
   3374.00000    1.29237    0.03661    1.80399    0.05260
   3388.00000    1.26290    0.03849    1.81497    0.05242
   3402.00000    1.33198    0.03840    1.76866    0.05345
   3416.00000    1.22508    0.03767    1.81038    0.05410
   3430.00000    1.21225    0.03775    1.83757    0.05283
   3444.00000    1.31125    0.03946    1.71615    0.05367
   3458.00000    1.38806    0.03854    1.77547    0.05515
   3472.00000    1.30491    0.03725    1.77033    0.05383
   3486.00000    1.19179    0.03580    1.67483    0.05042
   3500.00000    1.13570    0.03468    1.69953    0.05018
   3514.00000    1.18623    0.03488    1.64076    0.04898
   3528.00000    1.17369    0.03447    1.53213    0.04881
   3542.00000    1.15958    0.03475    1.64597    0.04797
   3556.00000    1.11178    0.03503    1.72999    0.05019
   3570.00000    1.15799    0.03515    1.58381    0.04905
   3584.00000    1.21878    0.03630    1.66536    0.04929
   3598.00000    1.29190    0.03669    1.70340    0.05224
   3612.00000    1.13638    0.03598    1.68943    0.05147
   3626.00000    1.10941    0.03544    1.64441    0.05051
   3640.00000    1.22736    0.03596    1.76205    0.05062
