## Time Delay Challenge light curves
##
## [time]=days, [lc]=[err]=flux in nanomaggies
##
##       time       lc_A      err_A       lc_B      err_B
##-------------------------------------------------------
      0.00000    0.71330    0.02054    0.78940    0.02382
     14.00000    0.67576    0.02079    0.78680    0.02386
     28.00000    0.68019    0.02080    0.74135    0.02389
     42.00000    0.67745    0.02049    0.78179    0.02348
     56.00000    0.66058    0.02017    0.80137    0.02357
     70.00000    0.66318    0.02026    0.77619    0.02326
     84.00000    0.67250    0.02051    0.80571    0.02316
     98.00000    0.65671    0.01955    0.74376    0.02301
    112.00000    0.61866    0.01924    0.73213    0.02304
    378.00000    0.75755    0.02160    0.69687    0.02049
    392.00000    0.72545    0.02125    0.64826    0.02063
    406.00000    0.72428    0.02092    0.68089    0.02038
    420.00000    0.71017    0.02208    0.71406    0.02092
    434.00000    0.77744    0.02315    0.67770    0.02084
    448.00000    0.73691    0.02326    0.69820    0.02079
    462.00000    0.85729    0.02397    0.73512    0.02098
    476.00000    0.79216    0.02432    0.74003    0.02095
    742.00000    0.76561    0.02332    0.90267    0.02593
    756.00000    0.71310    0.02325    0.85791    0.02552
    770.00000    0.77215    0.02299    0.79254    0.02571
    784.00000    0.81511    0.02328    0.89620    0.02568
    798.00000    0.80076    0.02290    0.88915    0.02605
    812.00000    0.75383    0.02234    0.83734    0.02628
    826.00000    0.70943    0.02209    0.80926    0.02586
    840.00000    0.72004    0.02209    0.84198    0.02502
   1106.00000    0.71158    0.02077    0.75905    0.02354
   1120.00000    0.66950    0.02032    0.76807    0.02401
   1134.00000    0.65578    0.02024    0.78186    0.02332
   1148.00000    0.69644    0.02019    0.77820    0.02342
   1162.00000    0.62776    0.02012    0.82191    0.02366
   1176.00000    0.66053    0.01985    0.82744    0.02402
   1190.00000    0.66561    0.02033    0.75532    0.02412
   1204.00000    0.68419    0.02033    0.78284    0.02395
   1470.00000    0.66796    0.02025    0.72286    0.02093
   1484.00000    0.67124    0.02061    0.68951    0.02155
   1498.00000    0.72298    0.02107    0.72654    0.02118
   1512.00000    0.69032    0.02077    0.71872    0.02123
   1526.00000    0.66663    0.02090    0.72154    0.02219
   1540.00000    0.68335    0.02074    0.69884    0.02234
   1554.00000    0.70226    0.02100    0.73580    0.02242
   1568.00000    0.69374    0.02064    0.75693    0.02243
   1834.00000    0.71196    0.02168    0.71349    0.02147
   1848.00000    0.73582    0.02142    0.69292    0.02206
   1862.00000    0.72297    0.02136    0.77432    0.02237
   1876.00000    0.71953    0.02109    0.76625    0.02212
   1890.00000    0.71130    0.02180    0.72685    0.02251
   1904.00000    0.73029    0.02196    0.75525    0.02268
   1918.00000    0.74788    0.02257    0.73597    0.02295
   1932.00000    0.80315    0.02352    0.79689    0.02417
   2198.00000    0.82823    0.02293    0.87643    0.02423
   2212.00000    0.71544    0.02244    0.88438    0.02518
   2226.00000    0.74140    0.02263    0.74888    0.02352
   2240.00000    0.78269    0.02310    0.73685    0.02340
   2254.00000    0.74033    0.02305    0.77685    0.02414
   2268.00000    0.74697    0.02241    0.83257    0.02386
   2282.00000    0.75773    0.02250    0.80557    0.02447
   2296.00000    0.77392    0.02297    0.83798    0.02451
   2562.00000    0.89580    0.02590    0.98771    0.02742
   2576.00000    0.79859    0.02613    0.92151    0.02618
   2590.00000    0.86307    0.02595    0.85414    0.02615
   2604.00000    0.83348    0.02507    0.93600    0.02611
   2618.00000    0.84708    0.02567    0.92090    0.02729
   2632.00000    0.87540    0.02589    0.86817    0.02746
   2646.00000    0.85814    0.02565    0.91756    0.02735
   2660.00000    0.85853    0.02575    0.94257    0.02785
   2674.00000    0.82811    0.02560    0.91098    0.02799
   2926.00000    0.70918    0.02169    0.95361    0.02720
   2940.00000    0.69543    0.02089    0.88454    0.02717
   2954.00000    0.68076    0.02063    0.86249    0.02705
   2968.00000    0.66834    0.02012    0.85635    0.02598
   2982.00000    0.67156    0.02040    0.81719    0.02518
   2996.00000    0.66289    0.02020    0.81216    0.02561
   3010.00000    0.61753    0.01947    0.82176    0.02566
   3024.00000    0.65370    0.01929    0.86323    0.02614
   3038.00000    0.63967    0.01904    0.88964    0.02501
   3290.00000    0.61754    0.01900    0.64600    0.02025
   3304.00000    0.66762    0.01913    0.69171    0.02078
   3318.00000    0.66584    0.02010    0.68001    0.02027
   3332.00000    0.64883    0.01969    0.66938    0.01955
   3346.00000    0.66538    0.01950    0.63885    0.01984
   3360.00000    0.66582    0.01938    0.70843    0.02020
   3374.00000    0.64062    0.01990    0.68659    0.02027
   3388.00000    0.62770    0.01954    0.70989    0.02027
   3402.00000    0.64600    0.01885    0.67587    0.02023
