## Time Delay Challenge light curves
##
## [time]=days, [lc]=[err]=flux in nanomaggies
##
##       time       lc_A      err_A       lc_B      err_B
##-------------------------------------------------------
      0.00000    6.74187    0.19043   15.90952    0.52273
     14.00000    6.75492    0.20058   16.94129    0.50305
     28.00000    6.36094    0.18966   15.94293    0.48720
     42.00000    6.34994    0.18755   17.28266    0.51483
     56.00000    6.11862    0.17887   17.41980    0.54576
     70.00000    5.91322    0.17352   17.37898    0.51937
     84.00000    5.44140    0.16806   16.78932    0.50333
     98.00000    5.66792    0.17081   17.61670    0.51155
    112.00000    5.47355    0.16952   16.61028    0.50109
    378.00000    5.27598    0.16549   14.87262    0.44282
    392.00000    5.50506    0.16582   15.33372    0.44999
    406.00000    5.45850    0.16749   14.61793    0.44853
    420.00000    5.95333    0.17076   14.67106    0.45021
    434.00000    5.45733    0.17422   15.78029    0.46170
    448.00000    6.22296    0.18421   14.04351    0.42529
    462.00000    6.08178    0.17959   14.35482    0.43090
    476.00000    6.01640    0.17542   15.08434    0.42251
    742.00000    6.01500    0.17855   15.44044    0.47135
    756.00000    5.99844    0.17872   14.70530    0.43724
    770.00000    6.03273    0.18397   14.25491    0.43440
    784.00000    6.20128    0.19596   13.77015    0.41437
    798.00000    6.34453    0.19449   13.72454    0.40470
    812.00000    6.79812    0.19943   14.96478    0.42161
    826.00000    6.64456    0.19929   14.62579    0.44809
    840.00000    6.08617    0.18921   15.44414    0.45786
   1106.00000    6.66771    0.19069   15.92525    0.49298
   1120.00000    5.81205    0.17937   16.34230    0.49121
   1134.00000    5.79645    0.17409   17.20736    0.51365
   1148.00000    5.82911    0.17240   17.64520    0.51601
   1162.00000    5.72910    0.16495   17.25574    0.51468
   1176.00000    5.28959    0.16334   16.70413    0.50158
   1190.00000    5.25775    0.16034   17.08449    0.49588
   1204.00000    5.21380    0.15986   15.97425    0.46303
   1470.00000    5.32545    0.15584   15.82153    0.47383
   1484.00000    5.09410    0.15579   15.83122    0.47508
   1498.00000    4.95146    0.15408   13.68817    0.44026
   1512.00000    5.14233    0.15479   13.39376    0.43824
   1526.00000    5.56997    0.15571   13.84470    0.40753
   1540.00000    5.30931    0.15984   14.47027    0.42574
   1554.00000    5.29090    0.16719   13.60465    0.40767
   1568.00000    5.25385    0.16258   13.38795    0.40885
   1834.00000    5.18197    0.15697   18.23554    0.53023
   1848.00000    5.37682    0.15759   16.26864    0.51188
   1862.00000    4.83418    0.14592   16.68067    0.47933
   1876.00000    4.76666    0.14174   14.81402    0.45890
   1890.00000    4.30540    0.13675   13.93856    0.44550
   1904.00000    4.47623    0.13643   14.75704    0.43480
   1918.00000    4.87615    0.14674   13.06534    0.41549
   1932.00000    4.78217    0.14248   13.74121    0.40763
   2198.00000    5.51721    0.16260   11.22657    0.35543
   2212.00000    5.44749    0.16472   12.47410    0.35713
   2226.00000    5.31216    0.15775   11.71732    0.35245
   2240.00000    5.23481    0.15574   12.22036    0.36237
   2254.00000    5.36553    0.16032   12.26769    0.37071
   2268.00000    4.88483    0.15345   13.45831    0.38709
   2282.00000    5.11480    0.15871   13.45818    0.41056
   2296.00000    4.97257    0.15129   13.66095    0.42236
   2562.00000    4.68674    0.14555   11.89811    0.37037
   2576.00000    4.65072    0.14466   12.63655    0.37779
   2590.00000    4.91833    0.14704   13.53432    0.39407
   2604.00000    4.83901    0.14872   13.17656    0.40350
   2618.00000    5.00289    0.14884   13.12018    0.39275
   2632.00000    4.89365    0.15100   13.56774    0.40878
   2646.00000    5.10113    0.15250   12.38503    0.38914
   2660.00000    4.82971    0.15035   13.12704    0.37360
   2674.00000    4.89203    0.14849   12.64463    0.37935
   2926.00000    6.64755    0.19698   17.07835    0.51543
   2940.00000    6.40010    0.19328   18.47588    0.54304
   2954.00000    5.99138    0.18321   17.63463    0.51950
   2968.00000    6.34116    0.18993   18.70281    0.56729
   2982.00000    6.34776    0.19025   17.39693    0.52676
   2996.00000    6.30441    0.19328   18.22999    0.53044
   3010.00000    6.70519    0.20448   16.93538    0.50954
   3024.00000    6.50046    0.19676   16.21046    0.50085
   3038.00000    6.47200    0.18746   15.68679    0.48608
   3290.00000    5.36720    0.16270   15.01881    0.43968
   3304.00000    5.35647    0.16082   13.83696    0.41421
   3318.00000    5.77353    0.16419   14.40954    0.42328
   3332.00000    5.04260    0.15085   15.88585    0.46302
   3346.00000    4.89942    0.14762   14.70542    0.45254
   3360.00000    4.50499    0.13758   15.27034    0.44589
   3374.00000    4.94809    0.14543   14.13415    0.42080
   3388.00000    4.88481    0.14726   13.80576    0.42301
   3402.00000    5.19065    0.15285   14.07559    0.41606
