## Time Delay Challenge light curves
##
## [time]=days, [lc]=[err]=flux in nanomaggies
##
##       time       lc_A      err_A       lc_B      err_B
##-------------------------------------------------------
      0.00000   13.40606    0.40566   32.36349    0.96332
     14.00000   12.92131    0.39558   31.50518    0.95166
     28.00000   12.55531    0.38787   30.84821    0.93033
     42.00000   12.58691    0.38763   33.47245    0.91591
     56.00000   12.80613    0.38800   30.26193    0.88625
     70.00000   13.28698    0.39837   29.13837    0.88022
     84.00000   13.79372    0.40705   30.05017    0.89439
     98.00000   13.39251    0.40600   30.24828    0.89752
    112.00000   12.70439    0.40214   31.71430    0.92744
    378.00000   13.17532    0.37734   29.93139    0.87795
    392.00000   12.71470    0.37968   28.64668    0.85869
    406.00000   13.37934    0.37937   27.88350    0.86773
    420.00000   12.74025    0.37905   27.52717    0.86150
    434.00000   12.51964    0.38242   28.11293    0.86927
    448.00000   12.44051    0.38098   28.76540    0.87487
    462.00000   12.20764    0.37949   29.31378    0.87610
    476.00000   13.10931    0.37236   29.28440    0.88122
    742.00000   12.64582    0.39020   27.20083    0.83907
    756.00000   12.72763    0.38756   27.71998    0.85920
    770.00000   12.65514    0.40356   30.66714    0.89397
    784.00000   12.63302    0.39527   30.06605    0.89448
    798.00000   12.56831    0.38364   31.08277    0.92721
    812.00000   12.79785    0.38186   27.72621    0.90331
    826.00000   12.91345    0.37734   28.72479    0.88375
    840.00000   12.90509    0.37912   30.76195    0.88091
   1106.00000   12.99448    0.41049   31.08536    0.91252
   1120.00000   13.99633    0.41977   31.55354    0.93982
   1134.00000   13.98379    0.42866   31.72091    0.94643
   1148.00000   14.15701    0.41804   31.61679    0.94849
   1162.00000   12.87804    0.40096   33.62280    0.98283
   1176.00000   12.55722    0.38010   32.43293    0.95198
   1190.00000   12.66204    0.38810   29.69346    0.91339
   1204.00000   12.51814    0.37530   29.65276    0.87758
   1470.00000   12.92949    0.38680   29.45599    0.86420
   1484.00000   13.61513    0.40844   28.61102    0.85630
   1498.00000   14.54763    0.39944   30.19553    0.88635
   1512.00000   13.25712    0.40069   31.76848    0.93394
   1526.00000   13.48849    0.39823   32.23152    0.93099
   1540.00000   12.95557    0.39808   31.13685    0.92080
   1554.00000   12.28869    0.39440   28.77836    0.92211
   1568.00000   12.77334    0.37877   30.89427    0.90848
   1834.00000   13.66940    0.40812   30.56867    0.95529
   1848.00000   13.05691    0.40360   32.02423    0.95128
   1862.00000   13.84342    0.40066   31.25866    0.93739
   1876.00000   13.61893    0.40863   30.89485    0.93906
   1890.00000   13.17840    0.41701   30.80554    0.91732
   1904.00000   13.64293    0.40223   28.97100    0.93295
   1918.00000   13.53789    0.40653   32.26156    0.95970
   1932.00000   12.95443    0.39515   29.30945    0.92491
   2198.00000   13.23414    0.39930   31.85882    0.92786
   2212.00000   13.49215    0.40155   30.01965    0.91823
   2226.00000   13.56956    0.40187   29.83246    0.91690
   2240.00000   13.31939    0.39795   29.01182    0.91888
   2254.00000   13.15138    0.40118   29.68287    0.91899
   2268.00000   12.79508    0.40978   31.54030    0.90460
   2282.00000   13.31954    0.41146   31.47710    0.91505
   2296.00000   12.54111    0.39520   30.36216    0.91882
   2562.00000   13.14818    0.39686   29.94254    0.92579
   2576.00000   12.82670    0.38768   29.64966    0.90950
   2590.00000   13.13356    0.39179   30.59179    0.91234
   2604.00000   13.47138    0.40323   30.66734    0.88284
   2618.00000   13.13729    0.40082   29.51163    0.89213
   2632.00000   14.14222    0.42063   30.07639    0.92690
   2646.00000   14.30139    0.41977   30.75486    0.92605
   2660.00000   13.99379    0.41536   31.89224    0.95949
   2674.00000   13.59037    0.40748   32.81194    0.95387
   2926.00000   13.23159    0.39611   30.71142    0.90406
   2940.00000   13.64828    0.39283   28.68877    0.89866
   2954.00000   12.88609    0.39984   29.84690    0.90990
   2968.00000   13.47430    0.39516   31.98133    0.89981
   2982.00000   12.54011    0.38584   31.69310    0.90474
   2996.00000   13.34611    0.39039   30.60705    0.90543
   3010.00000   14.14804    0.39694   29.69278    0.88280
   3024.00000   13.55045    0.40855   27.33792    0.89906
   3038.00000   13.39622    0.41067   31.35868    0.90088
   3290.00000   13.65583    0.40422   26.44280    0.87573
   3304.00000   13.34394    0.39660   29.19068    0.89971
   3318.00000   12.91766    0.39525   32.09796    0.93222
   3332.00000   12.74649    0.39894   28.33296    0.91222
   3346.00000   13.35571    0.39035   30.94456    0.90031
   3360.00000   13.08345    0.39142   31.08463    0.91826
   3374.00000   12.57278    0.38859   30.14923    0.89494
   3388.00000   13.10116    0.39490   30.28879    0.91173
   3402.00000   13.78629    0.39052   29.95921    0.88279
