## Time Delay Challenge light curves
##
## [time]=days, [lc]=[err]=flux in nanomaggies
##
##       time       lc_A      err_A       lc_B      err_B
##-------------------------------------------------------
13.30000 11.63012 0.05616 1.31199 0.06002
26.25000 11.50890 0.05198 1.33525 0.05029
37.09000 11.16109 0.05378 1.18726 0.08092
45.88000 11.17932 0.05666 1.25139 0.03296
58.57000 11.30380 0.03494 1.30968 0.03552
64.47000 11.13854 0.04798 1.31715 0.05129
78.41000 11.64971 0.03035 1.17725 0.05853
92.62000 11.85969 0.04013 1.29539 0.04717
103.57000 11.88144 0.05079 1.35907 0.04711
117.60000 11.84613 0.04488 1.27889 0.03218
376.04000 11.23290 0.05371 1.34287 0.05709
389.65000 11.48000 0.06370 1.40192 0.02995
399.35000 11.49806 0.05124 1.40287 0.03871
411.23000 11.43222 0.03918 1.43706 0.07478
423.40000 11.50134 0.05240 1.30702 0.02575
433.04000 11.50973 0.06290 1.36300 0.05572
444.81000 11.50354 0.03790 1.34237 0.04265
456.12000 11.63782 0.05831 1.30831 0.03739
468.02000 11.48894 0.04352 1.34976 0.03817
481.86000 11.61803 0.07018 1.24061 0.04333
740.99000 11.50036 0.05025 1.36456 0.05253
752.98000 11.16068 0.05423 1.34575 0.05945
765.49000 11.04946 0.04313 1.25999 0.04222
775.37000 11.15607 0.07192 1.27147 0.03929
787.89000 11.32680 0.04979 1.19924 0.05970
804.68000 11.56946 0.04462 1.23019 0.04750
819.47000 11.39829 0.05677 1.31162 0.09080
834.70000 11.14076 0.02751 1.31672 0.03061
846.32000 11.41897 0.02314 1.21975 0.06510
1099.63000 11.20274 0.04075 1.23014 0.05839
1110.35000 10.99357 0.07449 1.20164 0.08120
1120.19000 11.46099 0.04284 1.26033 0.04783
1132.94000 11.01544 0.03109 1.19944 0.08944
1141.45000 11.54448 0.04526 1.22066 0.05944
1151.70000 11.02729 0.03617 1.17354 0.03743
1164.63000 11.72717 0.06806 1.21107 0.05181
1175.58000 11.75525 0.02244 1.22817 0.05237
1185.88000 11.65393 0.05665 1.30202 0.06481
1198.23000 11.21658 0.06992 1.14088 0.02667
1207.21000 11.33398 0.04711 1.22260 0.03372
1464.33000 10.73790 0.04689 1.27115 0.04081
1473.97000 10.98124 0.05774 1.21903 0.03199
1483.37000 11.17181 0.05356 1.18639 0.05222
1495.60000 11.53641 0.02528 1.33350 0.05072
1505.22000 11.58781 0.04927 1.21480 0.06842
1515.79000 11.29160 0.07336 1.26805 0.04007
1524.25000 10.90841 0.06669 1.21568 0.00179
1532.77000 11.16487 0.04563 1.22346 0.05332
1542.51000 11.22964 0.04381 1.17110 0.05812
1554.26000 11.53814 0.03330 1.24129 0.05774
1564.23000 11.40928 0.03089 1.32086 0.05421
1574.53000 11.25635 0.04491 1.17292 0.06460
1835.70000 11.79593 0.05672 1.26325 0.03294
1847.84000 11.59798 0.07254 1.25715 0.04657
1860.34000 11.49194 0.06452 1.34026 0.04460
1873.92000 11.65931 0.06138 1.30991 0.02938
1889.42000 11.68156 0.06143 1.28803 0.03133
1903.77000 11.46197 0.05994 1.30748 0.05696
1914.01000 11.43075 0.05638 1.35295 0.05531
1926.48000 11.75846 0.03273 1.30419 0.05212
1939.20000 11.60503 0.06367 1.31118 0.04925
2201.93000 11.13570 0.03311 1.17638 0.06046
2215.96000 11.44862 0.06041 1.35163 0.03949
2227.99000 11.38876 0.04333 1.30043 0.06774
2239.84000 11.12852 0.03427 1.24563 0.07705
2249.54000 11.06807 0.05228 1.28179 0.04894
2265.81000 11.35267 0.05236 1.20319 0.05829
2278.15000 11.35954 0.04562 1.24396 0.05208
2288.59000 11.38147 0.06975 1.05652 0.08162
2301.00000 11.11824 0.07518 1.32720 0.07902
2558.04000 12.17030 0.05953 1.20407 0.03959
2570.21000 12.32026 0.03928 1.30284 0.06288
2582.42000 12.51375 0.02899 1.24303 0.03025
2596.81000 11.98457 0.07438 1.23137 0.02470
2609.19000 11.76568 0.06078 1.29918 0.02993
2618.71000 11.86679 0.03553 1.28468 0.03280
2630.88000 11.74077 0.03871 1.25446 0.05274
2643.07000 11.96765 0.04421 1.33482 0.05539
2655.96000 11.50018 0.05824 1.25496 0.05528
2667.16000 11.48563 0.05143 1.31956 0.04797
2931.34000 11.23152 0.03314 1.27210 0.03368
2941.93000 10.87387 0.06619 1.26568 0.04985
2954.43000 10.83780 0.04819 1.22828 0.05486
2965.18000 10.97252 0.02169 1.37873 0.05295
2975.38000 11.29967 0.05165 1.34217 0.03199
2988.25000 11.52479 0.06246 1.26244 0.05185
3004.78000 11.11801 0.01865 1.29350 0.04685
3015.32000 10.93667 0.05144 1.25090 0.08263
3027.60000 11.34638 0.04374 1.33259 0.04199
3037.87000 11.14315 0.04822 1.29578 0.03457
3292.07000 11.52208 0.05485 1.23082 0.01126
3305.91000 11.30843 0.03107 1.21103 0.07245
3318.24000 11.58480 0.07152 1.29514 0.05616
3330.13000 11.74634 0.06051 1.28490 0.04904
3340.92000 11.78309 0.05578 1.27945 0.01579
3355.86000 12.19693 0.05768 1.35856 0.04288
3368.65000 11.94446 0.07008 1.31922 0.03927
3382.93000 11.47523 0.05936 1.26769 0.04745
3392.54000 11.14124 0.05745 1.17110 0.05749
3402.14000 11.53398 0.05812 1.26461 0.05489
