## Time Delay Challenge light curves
##
## [time]=days, [lc]=[err]=flux in nanomaggies
##
##       time       lc_A      err_A       lc_B      err_B
##-------------------------------------------------------
      0.00000    1.51108    0.04554    3.65585    0.10585
      1.00000    1.49139    0.04555    3.48681    0.10557
      2.00000    1.58530    0.04571    3.46848    0.10447
      3.00000    1.51663    0.04592    3.51599    0.10348
      4.00000    1.50690    0.04569    3.36521    0.10420
      5.00000    1.45675    0.04554    3.32786    0.10536
      6.00000    1.51935    0.04616    3.63648    0.10624
      7.00000    1.64076    0.04593    3.56182    0.10611
      8.00000    1.54183    0.04595    3.53071    0.10642
      9.00000    1.56651    0.04591    3.56009    0.10621
     10.00000    1.53886    0.04604    3.78980    0.10804
     11.00000    1.56415    0.04602    3.54955    0.10688
     12.00000    1.53384    0.04568    3.48037    0.10576
     13.00000    1.53767    0.04520    3.53685    0.10559
     14.00000    1.61002    0.04537    3.69588    0.10831
     15.00000    1.54779    0.04555    3.54354    0.10973
     16.00000    1.56988    0.04556    3.47030    0.11028
     17.00000    1.48072    0.04529    3.80373    0.10953
     18.00000    1.52901    0.04545    3.71670    0.10940
     19.00000    1.44807    0.04568    3.70256    0.10886
     20.00000    1.55341    0.04582    3.72798    0.10964
     21.00000    1.53157    0.04624    3.68840    0.11045
     22.00000    1.50161    0.04604    3.58361    0.11063
     23.00000    1.54422    0.04551    3.67181    0.10938
     24.00000    1.50720    0.04496    3.50997    0.10969
     25.00000    1.46117    0.04503    3.46608    0.11007
     26.00000    1.55776    0.04572    3.59671    0.10940
     27.00000    1.49410    0.04599    3.49536    0.10890
     28.00000    1.53294    0.04588    3.55798    0.10885
     29.00000    1.53731    0.04626    3.52253    0.10986
     30.00000    1.58112    0.04677    3.52589    0.10949
     31.00000    1.54464    0.04649    3.55468    0.10934
     32.00000    1.52232    0.04733    3.74415    0.10952
     33.00000    1.59250    0.04750    3.81870    0.10968
     34.00000    1.49230    0.04743    3.65571    0.10934
     35.00000    1.56460    0.04781    3.75878    0.11113
     36.00000    1.57639    0.04795    3.69956    0.10999
     37.00000    1.73448    0.04790    3.61594    0.10975
     38.00000    1.62471    0.04791    3.53021    0.11031
     39.00000    1.61513    0.04818    3.70596    0.11031
     40.00000    1.49590    0.04822    3.78752    0.11109
     41.00000    1.63621    0.04777    3.71269    0.10964
     42.00000    1.56987    0.04715    3.48024    0.10835
     43.00000    1.54359    0.04718    3.47282    0.11010
     44.00000    1.52077    0.04666    3.78862    0.10995
     45.00000    1.54090    0.04670    3.51796    0.10912
     46.00000    1.63020    0.04797    3.62272    0.10826
     47.00000    1.63929    0.04814    3.32706    0.10906
     48.00000    1.46334    0.04825    3.44287    0.10942
     49.00000    1.62283    0.04838    3.81600    0.11087
     50.00000    1.55573    0.04799    3.66718    0.11109
     51.00000    1.58508    0.04838    3.96076    0.11019
     52.00000    1.63977    0.04873    3.38969    0.10863
     53.00000    1.62104    0.04919    3.56287    0.10817
     54.00000    1.63099    0.04909    3.41425    0.10819
     55.00000    1.48250    0.04820    3.62110    0.10989
     56.00000    1.49808    0.04817    3.66294    0.11129
     57.00000    1.58525    0.04776    3.75996    0.11072
     58.00000    1.55229    0.04768    3.71670    0.11147
     59.00000    1.56955    0.04727    3.81303    0.11204
     60.00000    1.61787    0.04737    3.66182    0.11273
     61.00000    1.59220    0.04750    3.80211    0.11358
     62.00000    1.65961    0.04744    3.70848    0.11487
     63.00000    1.59211    0.04733    3.67281    0.11436
     64.00000    1.54737    0.04683    3.79334    0.11534
     65.00000    1.59596    0.04719    3.98118    0.11465
     66.00000    1.57211    0.04677    3.74812    0.11572
     67.00000    1.51894    0.04669    3.95757    0.11554
     68.00000    1.58512    0.04681    3.84756    0.11590
     69.00000    1.59302    0.04681    3.92220    0.11539
     70.00000    1.55737    0.04684    3.82091    0.11435
     71.00000    1.53992    0.04709    3.76212    0.11317
     72.00000    1.50373    0.04641    3.90070    0.11281
     73.00000    1.54425    0.04687    3.88043    0.11197
     74.00000    1.60144    0.04695    3.88756    0.11290
     75.00000    1.64377    0.04716    3.80185    0.11591
     76.00000    1.58766    0.04727    4.05754    0.11523
     77.00000    1.69177    0.04782    3.78844    0.11574
     78.00000    1.56089    0.04761    3.73305    0.11632
     79.00000    1.63289    0.04848    3.80563    0.11511
     80.00000    1.53060    0.04850    4.07304    0.11628
     81.00000    1.73141    0.04916    3.98689    0.11802
     82.00000    1.57433    0.04886    4.04996    0.11851
     83.00000    1.69751    0.04888    3.70153    0.11759
     84.00000    1.56489    0.04814    3.92478    0.11598
     85.00000    1.54877    0.04815    3.92408    0.11587
     86.00000    1.65947    0.04830    3.81003    0.11559
     87.00000    1.64413    0.04821    3.71706    0.11428
     88.00000    1.59228    0.04732    3.77715    0.11418
     89.00000    1.55674    0.04713    3.62952    0.11374
     90.00000    1.56363    0.04716    3.65013    0.11363
     91.00000    1.58385    0.04699    3.77441    0.11362
     92.00000    1.46086    0.04717    3.88430    0.11347
     93.00000    1.55384    0.04720    3.74052    0.11252
     94.00000    1.56706    0.04766    3.75309    0.11328
     95.00000    1.58041    0.04737    3.75077    0.11256
     96.00000    1.51072    0.04736    3.69434    0.11245
     97.00000    1.58411    0.04724    3.75858    0.11170
     98.00000    1.57194    0.04729    3.74347    0.11255
     99.00000    1.60145    0.04746    3.80138    0.11338
    100.00000    1.60174    0.04717    3.52524    0.11277
    101.00000    1.51335    0.04666    3.58457    0.11201
    102.00000    1.48167    0.04642    3.76516    0.11217
    103.00000    1.50525    0.04634    4.01438    0.11303
    104.00000    1.57719    0.04633    3.72625    0.11288
    105.00000    1.57076    0.04631    3.78582    0.11404
    106.00000    1.54135    0.04619    3.61609    0.11473
    107.00000    1.59495    0.04644    3.73698    0.11516
    108.00000    1.66183    0.04672    3.74020    0.11646
    109.00000    1.60138    0.04696    3.79917    0.11751
    110.00000    1.59487    0.04713    4.13757    0.11730
    111.00000    1.63806    0.04768    3.79739    0.11728
    112.00000    1.51603    0.04791    3.84489    0.11695
    113.00000    1.53923    0.04747    3.84034    0.11583
    114.00000    1.58014    0.04699    3.59722    0.11633
    115.00000    1.57158    0.04648    3.86604    0.11625
    116.00000    1.57657    0.04632    3.76044    0.11488
    117.00000    1.55411    0.04604    3.77132    0.11290
    118.00000    1.53412    0.04659    3.81493    0.11323
    119.00000    1.48903    0.04653    3.95825    0.11348
    365.00000    1.50107    0.04304    3.46325    0.09961
    366.00000    1.39543    0.04275    3.21688    0.10022
    367.00000    1.41215    0.04248    3.52745    0.10067
    368.00000    1.49387    0.04278    3.37891    0.10235
    369.00000    1.43871    0.04258    3.22473    0.10279
    370.00000    1.47040    0.04213    3.57948    0.10221
    371.00000    1.37970    0.04254    3.37565    0.10217
    372.00000    1.48468    0.04228    3.35091    0.10208
    373.00000    1.35309    0.04211    3.42661    0.10324
    374.00000    1.37133    0.04230    3.38883    0.10250
    375.00000    1.38847    0.04298    3.51978    0.10293
    376.00000    1.46349    0.04304    3.47434    0.10177
    377.00000    1.46791    0.04324    3.38937    0.10143
    378.00000    1.51012    0.04262    3.33039    0.10077
    379.00000    1.42054    0.04254    3.43189    0.10137
    380.00000    1.36420    0.04216    3.39552    0.10215
    381.00000    1.36677    0.04175    3.39907    0.10184
    382.00000    1.40127    0.04164    3.29799    0.10245
    383.00000    1.35416    0.04150    3.31218    0.10205
    384.00000    1.38409    0.04134    3.34975    0.10156
    385.00000    1.29690    0.04066    3.45179    0.10209
    386.00000    1.29690    0.03979    3.55456    0.10314
    387.00000    1.32362    0.04040    3.45493    0.10358
    388.00000    1.35094    0.04037    3.39535    0.10282
    389.00000    1.29668    0.04059    3.53282    0.10222
    390.00000    1.30088    0.04055    3.44800    0.10232
    391.00000    1.36507    0.04041    3.48824    0.10354
    392.00000    1.33439    0.04067    3.39124    0.10321
    393.00000    1.34661    0.04066    3.37552    0.10314
    394.00000    1.38276    0.04064    3.49550    0.10350
    395.00000    1.34152    0.04022    3.26897    0.10257
    396.00000    1.32300    0.04013    3.41089    0.10211
    397.00000    1.39259    0.03980    3.38919    0.10300
    398.00000    1.26992    0.03985    3.45525    0.10241
    399.00000    1.32110    0.03983    3.29424    0.10136
    400.00000    1.28967    0.03974    3.37356    0.10184
    401.00000    1.28453    0.04007    3.30317    0.10095
    402.00000    1.22391    0.04002    3.47817    0.10134
    403.00000    1.33620    0.03975    3.36802    0.10250
    404.00000    1.32605    0.03972    3.50735    0.10296
    405.00000    1.27555    0.04000    3.57073    0.10363
    406.00000    1.41399    0.03925    3.45679    0.10363
    407.00000    1.32953    0.03901    3.37588    0.10213
    408.00000    1.23950    0.03914    3.47147    0.10195
    409.00000    1.29168    0.03908    3.20757    0.10089
    410.00000    1.27703    0.03870    3.25699    0.10041
    411.00000    1.27836    0.03865    3.55221    0.09903
    412.00000    1.24906    0.03879    3.42225    0.09956
    413.00000    1.29274    0.03902    3.34158    0.09911
    414.00000    1.29967    0.03857    3.29414    0.09696
    415.00000    1.28309    0.03828    3.28557    0.09668
    416.00000    1.27013    0.03824    3.23055    0.09704
    417.00000    1.34315    0.03777    3.32192    0.09727
    418.00000    1.28892    0.03775    3.32073    0.09787
    419.00000    1.23200    0.03775    3.33050    0.09731
    420.00000    1.31618    0.03788    3.28968    0.09775
    421.00000    1.21686    0.03816    3.20821    0.09804
    422.00000    1.29466    0.03840    3.10312    0.09747
    423.00000    1.20320    0.03818    3.33492    0.09742
    424.00000    1.26808    0.03835    3.20374    0.09623
    425.00000    1.37629    0.03811    3.34314    0.09566
    426.00000    1.31313    0.03780    3.27234    0.09573
    427.00000    1.22966    0.03758    3.18202    0.09586
    428.00000    1.23509    0.03785    3.31576    0.09484
    429.00000    1.27271    0.03835    3.25643    0.09548
    430.00000    1.29252    0.03867    3.20580    0.09613
    431.00000    1.30382    0.03893    3.30787    0.09666
    432.00000    1.31138    0.03878    3.08211    0.09496
    433.00000    1.25226    0.03879    3.25126    0.09540
    434.00000    1.30203    0.03885    3.15714    0.09564
    435.00000    1.31247    0.03865    3.15428    0.09474
    436.00000    1.24838    0.03864    3.08735    0.09360
    437.00000    1.24523    0.03889    3.13424    0.09402
    438.00000    1.32699    0.03899    3.15932    0.09375
    439.00000    1.34099    0.03935    3.02036    0.09301
    440.00000    1.29182    0.03898    3.08260    0.09333
    441.00000    1.33799    0.03897    2.97468    0.09309
    442.00000    1.30195    0.03906    3.22711    0.09353
    443.00000    1.29870    0.03953    3.14693    0.09262
    444.00000    1.35112    0.03961    2.91038    0.09175
    445.00000    1.28131    0.03972    3.02628    0.09156
    446.00000    1.30482    0.03963    3.12667    0.09062
    447.00000    1.31837    0.03952    3.03551    0.09127
    448.00000    1.33048    0.04007    3.01761    0.09089
    449.00000    1.30991    0.04017    3.02095    0.09085
    450.00000    1.36564    0.04014    3.07132    0.09217
    451.00000    1.39737    0.04025    3.10813    0.09158
    452.00000    1.29959    0.04017    3.02014    0.09170
    453.00000    1.42903    0.03997    2.84687    0.09212
    454.00000    1.37739    0.03984    3.03883    0.09157
    455.00000    1.27041    0.03953    3.04676    0.09098
    456.00000    1.36312    0.03965    2.84263    0.09076
    457.00000    1.31795    0.03974    3.07711    0.09129
    458.00000    1.27685    0.03921    3.06538    0.09233
    459.00000    1.26647    0.03916    3.12387    0.09341
    460.00000    1.31917    0.03896    3.16658    0.09347
    461.00000    1.29078    0.03919    3.16244    0.09286
    462.00000    1.30400    0.03870    3.08562    0.09287
    463.00000    1.27610    0.03873    3.08935    0.09353
    464.00000    1.30274    0.03890    3.09724    0.09346
    465.00000    1.24628    0.03843    3.02776    0.09291
    466.00000    1.31732    0.03808    3.19177    0.09411
    467.00000    1.21980    0.03745    3.12088    0.09422
    468.00000    1.22461    0.03766    3.16023    0.09464
    469.00000    1.30914    0.03780    3.18054    0.09350
    470.00000    1.20482    0.03747    3.07554    0.09395
    471.00000    1.23988    0.03723    3.13698    0.09349
    472.00000    1.26250    0.03662    3.31761    0.09520
    473.00000    1.28470    0.03643    3.06684    0.09535
    474.00000    1.21918    0.03622    3.18159    0.09530
    475.00000    1.27574    0.03631    3.12327    0.09534
    476.00000    1.15945    0.03632    3.12080    0.09560
    477.00000    1.22603    0.03611    3.37099    0.09738
    478.00000    1.19110    0.03602    3.31930    0.09659
    479.00000    1.21978    0.03597    3.27856    0.09617
    480.00000    1.21222    0.03567    3.17851    0.09695
    481.00000    1.21567    0.03580    3.34013    0.09707
    482.00000    1.17727    0.03562    3.06506    0.09597
    483.00000    1.17153    0.03520    3.11021    0.09590
    484.00000    1.20396    0.03520    3.05201    0.09501
    730.00000    1.40847    0.04051    2.99946    0.09283
    731.00000    1.31784    0.04025    3.02596    0.09344
    732.00000    1.32616    0.04010    3.16378    0.09436
    733.00000    1.39129    0.03984    3.21273    0.09511
    734.00000    1.32389    0.03987    3.19663    0.09663
    735.00000    1.36631    0.04013    3.04032    0.09646
    736.00000    1.32715    0.04055    3.20375    0.09708
    737.00000    1.36072    0.04039    3.08778    0.09711
    738.00000    1.35137    0.04066    3.16913    0.09824
    739.00000    1.34934    0.04061    3.32713    0.09885
    740.00000    1.35329    0.04031    3.20289    0.09764
    741.00000    1.34187    0.03985    3.31488    0.09778
    742.00000    1.37274    0.04000    3.32749    0.09747
    743.00000    1.38812    0.04017    3.26297    0.09669
    744.00000    1.33662    0.03997    3.16243    0.09598
    745.00000    1.31639    0.03947    3.24103    0.09653
    746.00000    1.34768    0.03958    3.13191    0.09698
    747.00000    1.33266    0.03919    3.11601    0.09669
    748.00000    1.25620    0.03949    3.11449    0.09725
    749.00000    1.31934    0.03903    3.17275    0.09749
    750.00000    1.28107    0.03910    3.18166    0.09765
    751.00000    1.29822    0.03855    3.14111    0.09613
    752.00000    1.30056    0.03873    3.18864    0.09600
    753.00000    1.15604    0.03837    3.07732    0.09595
    754.00000    1.25934    0.03812    3.19537    0.09500
    755.00000    1.26848    0.03829    3.15094    0.09588
    756.00000    1.24924    0.03826    3.14648    0.09654
    757.00000    1.30390    0.03812    3.14031    0.09671
    758.00000    1.27973    0.03827    3.27584    0.09701
    759.00000    1.28354    0.03817    3.30040    0.09685
    760.00000    1.25654    0.03763    3.40055    0.09647
    761.00000    1.17147    0.03678    3.16285    0.09624
    762.00000    1.25487    0.03699    3.17037    0.09604
    763.00000    1.23877    0.03681    3.03431    0.09550
    764.00000    1.31321    0.03698    3.38172    0.09697
    765.00000    1.23902    0.03696    3.31744    0.09746
    766.00000    1.23750    0.03746    3.23117    0.09765
    767.00000    1.24665    0.03781    3.20540    0.09745
    768.00000    1.26440    0.03741    3.30818    0.09725
    769.00000    1.22628    0.03712    3.14588    0.09609
    770.00000    1.19631    0.03727    3.13189    0.09519
    771.00000    1.24910    0.03716    3.18336    0.09645
    772.00000    1.26131    0.03751    3.16624    0.09629
    773.00000    1.20201    0.03795    3.13704    0.09558
    774.00000    1.22383    0.03800    3.20237    0.09470
    775.00000    1.26643    0.03836    3.12061    0.09488
    776.00000    1.26986    0.03849    3.04191    0.09429
    777.00000    1.28375    0.03852    3.01420    0.09465
    778.00000    1.31835    0.03846    3.21014    0.09342
    779.00000    1.25186    0.03859    2.93419    0.09387
    780.00000    1.26758    0.03812    3.08959    0.09334
    781.00000    1.22900    0.03794    3.17101    0.09227
    782.00000    1.26420    0.03796    3.10133    0.09208
    783.00000    1.32540    0.03819    2.97943    0.09206
    784.00000    1.31304    0.03793    3.00963    0.09194
    785.00000    1.26653    0.03789    3.05348    0.09228
    786.00000    1.22666    0.03833    3.05923    0.09139
    787.00000    1.24337    0.03794    3.04932    0.09245
    788.00000    1.28009    0.03785    2.89185    0.09107
    789.00000    1.28478    0.03818    3.04352    0.09001
    790.00000    1.29208    0.03791    2.89636    0.08767
    791.00000    1.29438    0.03798    2.89801    0.08860
    792.00000    1.30930    0.03784    3.00606    0.08822
    793.00000    1.28814    0.03795    2.89611    0.08908
    794.00000    1.26785    0.03766    2.97967    0.08889
    795.00000    1.25911    0.03779    3.03769    0.09016
    796.00000    1.21804    0.03759    3.05674    0.09061
    797.00000    1.31305    0.03805    2.85914    0.08913
    798.00000    1.29820    0.03803    2.82378    0.08944
    799.00000    1.31609    0.03812    2.99362    0.09019
    800.00000    1.29239    0.03816    3.07898    0.08971
    801.00000    1.23882    0.03854    3.09125    0.09101
    802.00000    1.27220    0.03855    2.92680    0.09102
    803.00000    1.22908    0.03805    3.14824    0.09133
    804.00000    1.28116    0.03849    3.12329    0.09209
    805.00000    1.27703    0.03825    3.20814    0.09291
    806.00000    1.36679    0.03878    3.13589    0.09267
    807.00000    1.23888    0.03867    3.03485    0.09245
    808.00000    1.31443    0.03831    3.09270    0.09248
    809.00000    1.30001    0.03822    3.04916    0.09189
    810.00000    1.26624    0.03811    3.13337    0.09140
    811.00000    1.31136    0.03803    3.07188    0.09107
    812.00000    1.24660    0.03790    3.03884    0.09157
    813.00000    1.26904    0.03826    2.88408    0.09054
    814.00000    1.33089    0.03799    2.95679    0.09149
    815.00000    1.25962    0.03759    2.97831    0.09167
    816.00000    1.23789    0.03801    2.98541    0.09104
    817.00000    1.23467    0.03779    3.04063    0.09122
    818.00000    1.31831    0.03792    3.07235    0.09133
    819.00000    1.33804    0.03832    3.24715    0.09080
    820.00000    1.27887    0.03870    3.17321    0.09081
    821.00000    1.31157    0.03877    3.03551    0.09106
    822.00000    1.31354    0.03864    3.12023    0.09064
    823.00000    1.32034    0.03855    2.99508    0.09092
    824.00000    1.34412    0.03821    3.12668    0.09071
    825.00000    1.27226    0.03813    2.93448    0.09076
    826.00000    1.27227    0.03831    3.05861    0.09130
    827.00000    1.29703    0.03876    2.95142    0.09137
    828.00000    1.28008    0.03882    3.01263    0.09134
    829.00000    1.32635    0.03899    3.03191    0.09189
    830.00000    1.31378    0.03959    3.15071    0.09256
    831.00000    1.32257    0.03964    3.11788    0.09258
    832.00000    1.35745    0.03946    3.16611    0.09181
    833.00000    1.30002    0.03990    3.17281    0.09228
    834.00000    1.30541    0.03997    3.21856    0.09216
    835.00000    1.33191    0.04009    3.09211    0.09342
    836.00000    1.28781    0.03996    3.20131    0.09305
    837.00000    1.28644    0.03978    3.08832    0.09187
    838.00000    1.36373    0.03996    3.04084    0.09172
    839.00000    1.39964    0.03963    3.08475    0.09174
    840.00000    1.40527    0.04016    3.03476    0.09090
    841.00000    1.28051    0.04011    3.01560    0.09048
    842.00000    1.29479    0.04011    2.97719    0.09197
    843.00000    1.38405    0.03954    3.10787    0.09088
    844.00000    1.31882    0.03955    2.99979    0.09073
    845.00000    1.37665    0.04005    3.10320    0.09085
    846.00000    1.32133    0.04093    2.91642    0.09112
    847.00000    1.37602    0.04089    3.20552    0.09147
    848.00000    1.31013    0.04088    3.13486    0.09173
    849.00000    1.38244    0.04147    3.14989    0.09300
   1095.00000    1.33675    0.03813    3.16291    0.09118
   1096.00000    1.29344    0.03845    3.02301    0.09142
   1097.00000    1.25035    0.03859    3.13163    0.09144
   1098.00000    1.28918    0.03840    2.98101    0.09080
   1099.00000    1.31500    0.03809    2.90373    0.09024
   1100.00000    1.20816    0.03842    3.12299    0.09016
   1101.00000    1.20620    0.03836    2.93122    0.08966
   1102.00000    1.34209    0.03844    3.07819    0.09058
   1103.00000    1.27004    0.03847    3.03834    0.08981
   1104.00000    1.21735    0.03869    3.07730    0.09035
   1105.00000    1.25030    0.03840    2.88220    0.09121
   1106.00000    1.35093    0.03832    2.99842    0.09119
   1107.00000    1.24603    0.03846    3.02153    0.09194
   1108.00000    1.24797    0.03866    3.20374    0.09221
   1109.00000    1.28593    0.03851    3.16502    0.09223
   1110.00000    1.32409    0.03880    3.08690    0.09289
   1111.00000    1.33888    0.03886    3.09186    0.09269
   1112.00000    1.30653    0.03904    3.15036    0.09348
   1113.00000    1.26591    0.03930    3.20835    0.09435
   1114.00000    1.37353    0.03976    3.20637    0.09377
   1115.00000    1.30746    0.03946    3.14505    0.09316
   1116.00000    1.36010    0.03962    3.12897    0.09275
   1117.00000    1.32253    0.03940    3.03942    0.09254
   1118.00000    1.30916    0.03971    3.17320    0.09181
   1119.00000    1.36746    0.04010    3.10738    0.09207
   1120.00000    1.32668    0.03959    3.18181    0.09198
   1121.00000    1.38293    0.03984    3.07605    0.09190
   1122.00000    1.26210    0.03974    2.99296    0.09234
   1123.00000    1.27256    0.03955    2.98489    0.09152
   1124.00000    1.43685    0.03957    3.13777    0.09192
   1125.00000    1.35490    0.03975    3.02897    0.09281
   1126.00000    1.25485    0.03953    3.02309    0.09199
   1127.00000    1.32372    0.03974    3.14108    0.09208
   1128.00000    1.32328    0.03944    3.13462    0.09145
   1129.00000    1.27653    0.03891    3.05334    0.09273
   1130.00000    1.29645    0.03874    3.03763    0.09208
   1131.00000    1.27413    0.03855    3.18645    0.09184
   1132.00000    1.20234    0.03877    3.23409    0.09230
   1133.00000    1.26741    0.03811    3.23271    0.09282
   1134.00000    1.25952    0.03811    2.99821    0.09212
   1135.00000    1.20992    0.03802    3.09598    0.09197
   1136.00000    1.22074    0.03842    2.94032    0.09251
   1137.00000    1.24935    0.03849    3.18744    0.09269
   1138.00000    1.30198    0.03821    3.10180    0.09289
   1139.00000    1.31745    0.03875    3.16245    0.09334
   1140.00000    1.26028    0.03870    3.12990    0.09364
   1141.00000    1.31983    0.03906    2.92918    0.09350
   1142.00000    1.30884    0.03952    3.06597    0.09427
   1143.00000    1.31222    0.03990    3.30896    0.09550
   1144.00000    1.32397    0.04003    3.08806    0.09485
   1145.00000    1.28657    0.03994    3.05919    0.09483
   1146.00000    1.36712    0.04000    3.14523    0.09465
   1147.00000    1.32021    0.04000    3.22002    0.09621
   1148.00000    1.34034    0.04021    3.21056    0.09613
   1149.00000    1.39801    0.04007    3.25328    0.09513
   1150.00000    1.31088    0.03957    3.16491    0.09572
   1151.00000    1.28589    0.03934    3.24448    0.09569
   1152.00000    1.34814    0.03947    2.95549    0.09519
   1153.00000    1.38720    0.03946    3.09703    0.09561
   1154.00000    1.29156    0.03935    3.23140    0.09525
   1155.00000    1.31828    0.03965    2.96375    0.09516
   1156.00000    1.32839    0.03964    3.33443    0.09552
   1157.00000    1.29787    0.03927    3.33479    0.09487
   1158.00000    1.25213    0.03919    3.21912    0.09381
   1159.00000    1.30661    0.03956    3.16231    0.09303
   1160.00000    1.22273    0.03947    3.09587    0.09268
   1161.00000    1.31868    0.03913    3.01588    0.09265
   1162.00000    1.31378    0.03875    2.95659    0.09132
   1163.00000    1.26581    0.03857    2.94819    0.09155
   1164.00000    1.24353    0.03822    3.05070    0.09180
   1165.00000    1.26896    0.03838    3.03900    0.09318
   1166.00000    1.30468    0.03842    3.23190    0.09248
   1167.00000    1.37167    0.03859    3.05438    0.09249
   1168.00000    1.30722    0.03880    3.11622    0.09354
   1169.00000    1.23794    0.03885    3.13318    0.09316
   1170.00000    1.26589    0.03864    3.00311    0.09395
   1171.00000    1.28698    0.03873    3.08890    0.09476
   1172.00000    1.26603    0.03887    3.09400    0.09574
   1173.00000    1.28381    0.03908    3.01592    0.09571
   1174.00000    1.25814    0.03897    3.29004    0.09578
   1175.00000    1.33612    0.03920    3.03649    0.09613
   1176.00000    1.24738    0.03949    3.34302    0.09597
   1177.00000    1.32780    0.03907    3.28372    0.09649
   1178.00000    1.25491    0.03939    3.06283    0.09622
   1179.00000    1.28959    0.03964    3.24480    0.09512
   1180.00000    1.27505    0.03955    3.08514    0.09441
   1181.00000    1.36091    0.03935    3.01386    0.09502
   1182.00000    1.35281    0.03957    3.10559    0.09523
   1183.00000    1.38558    0.04002    3.18140    0.09499
   1184.00000    1.27108    0.03995    3.34468    0.09506
   1185.00000    1.38997    0.04034    3.12682    0.09514
   1186.00000    1.42514    0.04064    2.98481    0.09406
   1187.00000    1.43191    0.04088    3.07755    0.09462
   1188.00000    1.30934    0.04073    3.09975    0.09505
   1189.00000    1.32759    0.04089    3.25862    0.09439
   1190.00000    1.40747    0.04110    3.02149    0.09377
   1191.00000    1.36869    0.04072    3.02749    0.09293
   1192.00000    1.31930    0.04114    3.27048    0.09220
   1193.00000    1.34043    0.04124    3.19196    0.09223
   1194.00000    1.35325    0.04141    3.24728    0.09249
   1195.00000    1.40933    0.04165    2.98753    0.09244
   1196.00000    1.38105    0.04152    3.10823    0.09274
   1197.00000    1.40678    0.04146    3.13901    0.09346
   1198.00000    1.41958    0.04119    3.21154    0.09323
   1199.00000    1.43488    0.04058    3.06089    0.09311
   1200.00000    1.29899    0.04046    3.18296    0.09342
   1201.00000    1.27740    0.03988    3.06947    0.09327
   1202.00000    1.29400    0.04008    3.25702    0.09399
   1203.00000    1.34528    0.04012    3.07071    0.09389
   1204.00000    1.39680    0.04056    3.05938    0.09424
   1205.00000    1.38512    0.04041    3.12762    0.09444
   1206.00000    1.29794    0.04059    3.17169    0.09420
   1207.00000    1.37420    0.04064    3.08905    0.09477
   1208.00000    1.33955    0.04061    3.26436    0.09543
   1209.00000    1.37498    0.04073    3.11112    0.09513
   1210.00000    1.33092    0.04050    3.11850    0.09500
   1211.00000    1.31870    0.04026    3.13189    0.09533
   1212.00000    1.35957    0.03988    3.10388    0.09596
   1213.00000    1.37909    0.03984    3.16564    0.09587
   1214.00000    1.26336    0.03977    3.31795    0.09721
   1460.00000    1.43990    0.04466    3.32381    0.10225
   1461.00000    1.41491    0.04487    3.47454    0.10295
   1462.00000    1.55191    0.04500    3.36936    0.10229
   1463.00000    1.54824    0.04486    3.45960    0.10327
   1464.00000    1.50712    0.04491    3.58573    0.10602
   1465.00000    1.44769    0.04495    3.34767    0.10573
   1466.00000    1.49844    0.04479    3.59520    0.10467
   1467.00000    1.46237    0.04496    3.33240    0.10469
   1468.00000    1.49787    0.04538    3.43046    0.10550
   1469.00000    1.46494    0.04502    3.47573    0.10486
   1470.00000    1.44501    0.04531    3.58115    0.10542
   1471.00000    1.55257    0.04548    3.48243    0.10496
   1472.00000    1.51816    0.04533    3.72188    0.10620
   1473.00000    1.58120    0.04532    3.57386    0.10608
   1474.00000    1.42463    0.04508    3.37053    0.10486
   1475.00000    1.53256    0.04509    3.39966    0.10482
   1476.00000    1.48699    0.04482    3.52593    0.10450
   1477.00000    1.56915    0.04471    3.50886    0.10472
   1478.00000    1.53774    0.04448    3.42963    0.10560
   1479.00000    1.45395    0.04428    3.39886    0.10493
   1480.00000    1.46130    0.04496    3.61098    0.10489
   1481.00000    1.47988    0.04543    3.44458    0.10414
   1482.00000    1.59358    0.04574    3.52018    0.10509
   1483.00000    1.46381    0.04523    3.62819    0.10528
   1484.00000    1.57496    0.04507    3.62780    0.10607
   1485.00000    1.45888    0.04490    3.57082    0.10648
   1486.00000    1.56419    0.04458    3.43806    0.10704
   1487.00000    1.49467    0.04414    3.64583    0.10761
   1488.00000    1.52091    0.04368    3.60081    0.10669
   1489.00000    1.38110    0.04414    3.52991    0.10723
   1490.00000    1.43876    0.04435    3.53107    0.10832
   1491.00000    1.53254    0.04491    3.67152    0.10776
   1492.00000    1.52406    0.04487    3.57240    0.10770
   1493.00000    1.49051    0.04451    3.64164    0.10734
   1494.00000    1.45072    0.04433    3.50989    0.10793
   1495.00000    1.44839    0.04460    3.72738    0.10794
   1496.00000    1.45946    0.04503    3.55246    0.10819
   1497.00000    1.47267    0.04533    3.86431    0.10929
   1498.00000    1.49367    0.04548    3.64873    0.10833
   1499.00000    1.48923    0.04492    3.68076    0.10923
   1500.00000    1.46412    0.04524    3.76926    0.10889
   1501.00000    1.49552    0.04531    3.76264    0.10872
   1502.00000    1.52728    0.04583    3.47631    0.10892
   1503.00000    1.52590    0.04576    3.67816    0.10817
   1504.00000    1.48108    0.04574    3.54712    0.10813
   1505.00000    1.51309    0.04612    3.50819    0.10757
   1506.00000    1.49900    0.04575    3.50143    0.10729
   1507.00000    1.51591    0.04635    3.50952    0.10724
   1508.00000    1.48984    0.04599    3.64592    0.10712
   1509.00000    1.52405    0.04623    3.64879    0.10849
   1510.00000    1.59043    0.04628    3.61835    0.10942
   1511.00000    1.54809    0.04599    3.56220    0.10959
   1512.00000    1.58537    0.04613    3.91587    0.10789
   1513.00000    1.58443    0.04666    3.50800    0.10751
   1514.00000    1.53676    0.04696    3.63637    0.10849
   1515.00000    1.47600    0.04745    3.44042    0.10726
   1516.00000    1.58382    0.04758    3.65123    0.10550
   1517.00000    1.66788    0.04723    3.54061    0.10558
   1518.00000    1.56586    0.04707    3.54613    0.10567
   1519.00000    1.62076    0.04673    3.67266    0.10718
   1520.00000    1.54817    0.04659    3.37144    0.10794
   1521.00000    1.62631    0.04644    3.69984    0.10775
   1522.00000    1.58794    0.04632    3.64607    0.10677
   1523.00000    1.58153    0.04637    3.75738    0.10618
   1524.00000    1.55451    0.04597    3.61720    0.10723
   1525.00000    1.58461    0.04625    3.58307    0.10832
   1526.00000    1.57871    0.04636    3.56720    0.10927
   1527.00000    1.54062    0.04591    3.47368    0.10881
   1528.00000    1.60370    0.04539    3.67296    0.10812
   1529.00000    1.53080    0.04533    3.77810    0.10867
   1530.00000    1.51989    0.04503    3.72081    0.10938
   1531.00000    1.48681    0.04500    3.47975    0.11006
   1532.00000    1.51191    0.04538    3.59499    0.11020
   1533.00000    1.51227    0.04499    3.70032    0.10924
   1534.00000    1.41526    0.04472    3.82591    0.11078
   1535.00000    1.43804    0.04501    3.78164    0.11099
   1536.00000    1.48462    0.04460    3.88365    0.11126
   1537.00000    1.43328    0.04491    3.49556    0.11060
   1538.00000    1.49239    0.04515    3.77783    0.11166
   1539.00000    1.48310    0.04517    3.56360    0.11082
   1540.00000    1.54499    0.04514    3.69701    0.11046
   1541.00000    1.46180    0.04492    3.68547    0.11178
   1542.00000    1.48928    0.04454    3.73714    0.11174
   1543.00000    1.49750    0.04460    3.60875    0.11315
   1544.00000    1.47306    0.04372    3.68070    0.11371
   1545.00000    1.41609    0.04326    3.77271    0.11368
   1546.00000    1.52568    0.04333    3.89159    0.11354
   1547.00000    1.46937    0.04372    3.72297    0.11358
   1548.00000    1.43887    0.04316    3.62336    0.11229
   1549.00000    1.43629    0.04322    3.63015    0.11173
   1550.00000    1.39202    0.04294    3.79033    0.11135
   1551.00000    1.47194    0.04284    3.64657    0.11096
   1552.00000    1.43277    0.04213    3.58872    0.11090
   1553.00000    1.34831    0.04153    3.58345    0.11032
   1554.00000    1.43321    0.04112    3.68337    0.11068
   1555.00000    1.42545    0.04145    3.57506    0.11078
   1556.00000    1.36772    0.04124    3.75113    0.10976
   1557.00000    1.38864    0.04165    3.63413    0.10861
   1558.00000    1.39116    0.04180    3.75336    0.10814
   1559.00000    1.46551    0.04221    3.52873    0.10812
   1560.00000    1.44711    0.04176    3.74566    0.10934
   1561.00000    1.45837    0.04142    3.54040    0.10849
   1562.00000    1.39303    0.04141    3.60573    0.10858
   1563.00000    1.42018    0.04116    3.66348    0.10728
   1564.00000    1.42494    0.04104    3.48687    0.10772
   1565.00000    1.36221    0.04144    3.54192    0.10740
   1566.00000    1.39844    0.04137    3.50360    0.10879
   1567.00000    1.43233    0.04140    3.62671    0.10886
   1568.00000    1.37281    0.04119    3.48026    0.10875
   1569.00000    1.31562    0.04050    3.51874    0.10807
   1570.00000    1.36842    0.04062    3.53376    0.10733
   1571.00000    1.36347    0.04074    3.50737    0.10670
   1572.00000    1.38879    0.04087    3.61277    0.10682
   1573.00000    1.39328    0.04110    3.28456    0.10481
   1574.00000    1.35739    0.04121    3.41887    0.10443
   1575.00000    1.37307    0.04165    3.54470    0.10447
   1576.00000    1.32354    0.04172    3.55541    0.10412
   1577.00000    1.38682    0.04176    3.35115    0.10309
   1578.00000    1.38564    0.04205    3.40067    0.10374
   1579.00000    1.41292    0.04212    3.34611    0.10331
   1825.00000    1.70060    0.05011    3.92369    0.11946
   1826.00000    1.71237    0.05019    4.18458    0.11944
   1827.00000    1.71758    0.04992    3.97425    0.11999
   1828.00000    1.69979    0.04995    4.09907    0.11980
   1829.00000    1.54683    0.04965    4.05059    0.11959
   1830.00000    1.55465    0.04988    4.01415    0.11906
   1831.00000    1.57627    0.05009    4.14482    0.11895
   1832.00000    1.62553    0.04972    4.23291    0.12022
   1833.00000    1.56662    0.04983    4.03721    0.11931
   1834.00000    1.60750    0.05007    3.85113    0.11888
   1835.00000    1.66181    0.04997    3.94215    0.11867
   1836.00000    1.65687    0.04987    4.07811    0.11987
   1837.00000    1.70084    0.05017    3.98049    0.11944
   1838.00000    1.66172    0.05019    3.84520    0.11935
   1839.00000    1.59217    0.04956    4.17413    0.12028
   1840.00000    1.63260    0.04931    3.93025    0.11928
   1841.00000    1.60881    0.04943    3.82234    0.11715
   1842.00000    1.68439    0.04932    3.56627    0.11791
   1843.00000    1.64160    0.04890    3.84730    0.11807
   1844.00000    1.58148    0.04916    3.78836    0.11888
   1845.00000    1.59840    0.04921    3.96397    0.12012
   1846.00000    1.72927    0.04900    4.09613    0.11963
   1847.00000    1.63136    0.04921    4.06940    0.11986
   1848.00000    1.53804    0.04861    4.02901    0.12094
   1849.00000    1.60211    0.04830    4.00309    0.11986
   1850.00000    1.56103    0.04794    3.88831    0.12066
   1851.00000    1.61866    0.04828    4.13226    0.12135
   1852.00000    1.55620    0.04751    4.07391    0.12038
   1853.00000    1.54516    0.04678    3.89598    0.11883
   1854.00000    1.49838    0.04635    3.81692    0.12010
   1855.00000    1.57288    0.04658    3.84239    0.12026
   1856.00000    1.56280    0.04643    4.16623    0.11995
   1857.00000    1.58468    0.04633    4.19942    0.12014
   1858.00000    1.59099    0.04619    3.72964    0.11929
   1859.00000    1.61119    0.04605    3.93924    0.12010
   1860.00000    1.55885    0.04579    4.08175    0.12032
   1861.00000    1.56298    0.04543    3.95412    0.12005
   1862.00000    1.49774    0.04571    4.02950    0.12004
   1863.00000    1.56502    0.04581    3.92511    0.12057
   1864.00000    1.59528    0.04601    4.13367    0.12023
   1865.00000    1.47058    0.04620    3.95655    0.11990
   1866.00000    1.52812    0.04606    4.17180    0.12111
   1867.00000    1.52028    0.04677    4.15365    0.12003
   1868.00000    1.51982    0.04602    3.98411    0.11902
   1869.00000    1.57783    0.04678    3.95654    0.11827
   1870.00000    1.54794    0.04711    4.04736    0.11918
   1871.00000    1.58940    0.04719    3.93246    0.11839
   1872.00000    1.54701    0.04724    3.79083    0.11747
   1873.00000    1.64521    0.04785    3.72677    0.11781
   1874.00000    1.60725    0.04808    3.69492    0.11768
   1875.00000    1.62607    0.04890    3.98152    0.11768
   1876.00000    1.68023    0.04849    3.97918    0.11761
   1877.00000    1.67191    0.04854    3.90018    0.11646
   1878.00000    1.61469    0.04874    4.00484    0.11708
   1879.00000    1.65911    0.04888    4.07826    0.11557
   1880.00000    1.56234    0.04931    3.93330    0.11622
   1881.00000    1.69230    0.04954    3.79788    0.11414
   1882.00000    1.69650    0.04938    3.77902    0.11233
   1883.00000    1.67803    0.04937    4.01459    0.11168
   1884.00000    1.66656    0.04967    3.79878    0.11172
   1885.00000    1.64552    0.04939    3.83684    0.11140
   1886.00000    1.61475    0.04923    3.80417    0.11072
   1887.00000    1.59254    0.04896    3.84746    0.11077
   1888.00000    1.59224    0.04807    3.55399    0.11051
   1889.00000    1.58716    0.04787    3.75105    0.10994
   1890.00000    1.57684    0.04760    3.55789    0.10890
   1891.00000    1.56154    0.04729    3.62519    0.11042
   1892.00000    1.67057    0.04752    3.48343    0.11001
   1893.00000    1.58207    0.04749    3.58568    0.11094
   1894.00000    1.55315    0.04690    3.68655    0.11064
   1895.00000    1.54099    0.04738    3.55549    0.11089
   1896.00000    1.58129    0.04775    3.74734    0.11241
   1897.00000    1.58456    0.04750    3.75424    0.11122
   1898.00000    1.60144    0.04734    3.86348    0.11251
   1899.00000    1.60105    0.04760    3.69592    0.11387
   1900.00000    1.62000    0.04734    3.85695    0.11394
   1901.00000    1.64984    0.04734    3.93135    0.11441
   1902.00000    1.50695    0.04720    3.87736    0.11452
   1903.00000    1.58338    0.04724    3.78854    0.11645
   1904.00000    1.60397    0.04726    3.94269    0.11702
   1905.00000    1.56209    0.04722    3.90229    0.11630
   1906.00000    1.64418    0.04737    4.12967    0.11725
   1907.00000    1.61818    0.04745    3.80737    0.11703
   1908.00000    1.64532    0.04742    4.02967    0.11754
   1909.00000    1.63498    0.04730    4.14888    0.11880
   1910.00000    1.55285    0.04706    4.07968    0.11869
   1911.00000    1.58088    0.04720    3.97451    0.11832
   1912.00000    1.60194    0.04723    4.01651    0.11890
   1913.00000    1.52258    0.04725    4.15536    0.11902
   1914.00000    1.57169    0.04707    3.87459    0.11914
   1915.00000    1.56190    0.04657    3.98237    0.11812
   1916.00000    1.52464    0.04628    3.96371    0.11772
   1917.00000    1.53564    0.04622    4.06856    0.11563
   1918.00000    1.55716    0.04616    3.91423    0.11498
   1919.00000    1.53396    0.04610    3.72903    0.11494
   1920.00000    1.58669    0.04567    3.89164    0.11452
   1921.00000    1.55270    0.04592    3.83988    0.11386
   1922.00000    1.54109    0.04576    3.80221    0.11346
   1923.00000    1.49026    0.04599    3.83234    0.11319
   1924.00000    1.57942    0.04627    3.81719    0.11460
   1925.00000    1.53081    0.04585    3.78990    0.11467
   1926.00000    1.46064    0.04531    3.87578    0.11416
   1927.00000    1.49526    0.04491    3.70187    0.11408
   1928.00000    1.52584    0.04473    3.98784    0.11418
   1929.00000    1.43419    0.04452    3.91758    0.11366
   1930.00000    1.55244    0.04478    3.80665    0.11367
   1931.00000    1.43709    0.04472    3.67061    0.11320
   1932.00000    1.51416    0.04524    3.88300    0.11390
   1933.00000    1.48688    0.04487    3.88504    0.11431
   1934.00000    1.50824    0.04467    4.03380    0.11369
   1935.00000    1.38010    0.04465    3.63782    0.11411
   1936.00000    1.44218    0.04412    3.81432    0.11384
   1937.00000    1.56299    0.04483    3.81530    0.11415
   1938.00000    1.51710    0.04535    3.81645    0.11306
   1939.00000    1.46228    0.04519    3.71759    0.11284
   1940.00000    1.58159    0.04522    3.76434    0.11328
   1941.00000    1.47643    0.04524    3.80127    0.11335
   1942.00000    1.47791    0.04479    3.93360    0.11424
   1943.00000    1.39158    0.04379    3.84639    0.11282
   1944.00000    1.43915    0.04380    3.76890    0.11184
   2190.00000    1.27631    0.03731    2.89857    0.09472
   2191.00000    1.25878    0.03725    3.09729    0.09412
   2192.00000    1.28085    0.03733    3.20666    0.09394
   2193.00000    1.19538    0.03714    3.17844    0.09333
   2194.00000    1.28364    0.03694    3.07548    0.09333
   2195.00000    1.18605    0.03697    3.10948    0.09309
   2196.00000    1.23859    0.03702    3.05704    0.09279
   2197.00000    1.23489    0.03680    3.13032    0.09371
   2198.00000    1.22118    0.03703    3.10912    0.09254
   2199.00000    1.24388    0.03682    3.14190    0.09338
   2200.00000    1.16190    0.03694    3.09719    0.09425
   2201.00000    1.24214    0.03680    3.11917    0.09375
   2202.00000    1.25015    0.03705    3.11096    0.09332
   2203.00000    1.28071    0.03704    3.13674    0.09260
   2204.00000    1.29207    0.03780    2.98866    0.09298
   2205.00000    1.27775    0.03747    3.17833    0.09312
   2206.00000    1.15784    0.03757    3.26586    0.09231
   2207.00000    1.29766    0.03766    3.03498    0.09289
   2208.00000    1.31665    0.03763    3.03860    0.09264
   2209.00000    1.26151    0.03765    3.03729    0.09268
   2210.00000    1.24502    0.03755    2.98800    0.09145
   2211.00000    1.26063    0.03814    3.04833    0.09181
   2212.00000    1.28625    0.03805    3.04438    0.09157
   2213.00000    1.32677    0.03872    3.01982    0.09220
   2214.00000    1.29937    0.03837    3.01872    0.09059
   2215.00000    1.25623    0.03812    3.13760    0.09150
   2216.00000    1.29726    0.03829    2.91449    0.09150
   2217.00000    1.29473    0.03778    3.03519    0.09072
   2218.00000    1.27453    0.03786    2.95057    0.09051
   2219.00000    1.25457    0.03864    2.92825    0.08949
   2220.00000    1.26644    0.03853    2.92292    0.08924
   2221.00000    1.29803    0.03891    3.05466    0.08954
   2222.00000    1.27859    0.03873    2.94757    0.08959
   2223.00000    1.27480    0.03872    2.78785    0.08924
   2224.00000    1.29839    0.03881    2.99391    0.08940
   2225.00000    1.28984    0.03889    2.94983    0.08874
   2226.00000    1.25467    0.03847    2.87318    0.08843
   2227.00000    1.30546    0.03854    2.96934    0.08865
   2228.00000    1.30255    0.03822    2.87529    0.08874
   2229.00000    1.22894    0.03815    2.81955    0.08926
   2230.00000    1.31166    0.03838    2.78996    0.08895
   2231.00000    1.32188    0.03843    2.95776    0.08883
   2232.00000    1.32273    0.03818    3.09052    0.08977
   2233.00000    1.29843    0.03855    2.98119    0.08979
   2234.00000    1.29576    0.03825    2.87556    0.08968
   2235.00000    1.33627    0.03862    2.96662    0.08989
   2236.00000    1.31645    0.03851    3.04998    0.09024
   2237.00000    1.31740    0.03865    2.91488    0.09013
   2238.00000    1.25824    0.03904    2.86210    0.09012
   2239.00000    1.32620    0.03918    3.08699    0.09070
   2240.00000    1.23562    0.03873    3.11830    0.09143
   2241.00000    1.26287    0.03841    3.10868    0.09191
   2242.00000    1.27614    0.03856    3.05315    0.09306
   2243.00000    1.29049    0.03900    3.00749    0.09188
   2244.00000    1.26434    0.03868    3.18364    0.09210
   2245.00000    1.32642    0.03931    3.08391    0.09105
   2246.00000    1.30586    0.03913    3.17777    0.09102
   2247.00000    1.23584    0.03889    3.09620    0.09111
   2248.00000    1.30760    0.03876    3.13809    0.09265
   2249.00000    1.27550    0.03888    3.04630    0.09361
   2250.00000    1.26385    0.03866    3.22293    0.09394
   2251.00000    1.32656    0.03913    3.14359    0.09313
   2252.00000    1.30195    0.03967    2.97537    0.09320
   2253.00000    1.30925    0.03991    3.10133    0.09333
   2254.00000    1.31617    0.03972    3.10176    0.09371
   2255.00000    1.32463    0.03992    3.10329    0.09272
   2256.00000    1.30353    0.04014    3.15664    0.09239
   2257.00000    1.41952    0.03994    3.10788    0.09206
   2258.00000    1.31354    0.03988    3.04339    0.09202
   2259.00000    1.30460    0.03976    2.96547    0.09181
   2260.00000    1.32983    0.04000    3.01843    0.09166
   2261.00000    1.31855    0.04005    3.12263    0.09203
   2262.00000    1.28207    0.04046    3.10979    0.09252
   2263.00000    1.40936    0.04050    3.10965    0.09204
   2264.00000    1.35520    0.04028    3.21895    0.09278
   2265.00000    1.30214    0.04054    3.13886    0.09274
   2266.00000    1.27314    0.04061    2.96799    0.09311
   2267.00000    1.34171    0.04036    3.27055    0.09376
   2268.00000    1.34780    0.04053    3.16806    0.09404
   2269.00000    1.35895    0.04046    3.25935    0.09306
   2270.00000    1.37198    0.04064    3.17823    0.09222
   2271.00000    1.30768    0.04064    3.14819    0.09318
   2272.00000    1.38790    0.04019    2.98384    0.09318
   2273.00000    1.38700    0.04034    3.14329    0.09360
   2274.00000    1.34885    0.04044    3.29126    0.09471
   2275.00000    1.38794    0.04023    3.18625    0.09391
   2276.00000    1.28981    0.03971    3.33729    0.09347
   2277.00000    1.28778    0.03946    3.09683    0.09332
   2278.00000    1.33739    0.03967    3.17437    0.09317
   2279.00000    1.29166    0.03911    3.02581    0.09303
   2280.00000    1.29974    0.03951    3.17159    0.09486
   2281.00000    1.29990    0.03976    3.24225    0.09546
   2282.00000    1.31994    0.03942    3.11456    0.09554
   2283.00000    1.32079    0.03946    3.25451    0.09513
   2284.00000    1.33252    0.03964    3.20731    0.09622
   2285.00000    1.37065    0.04002    3.44319    0.09665
   2286.00000    1.34357    0.03944    3.34568    0.09604
   2287.00000    1.26197    0.03940    3.21617    0.09524
   2288.00000    1.33651    0.03920    3.17956    0.09499
   2289.00000    1.45533    0.03928    3.15351    0.09699
   2290.00000    1.27784    0.03896    3.17477    0.09610
   2291.00000    1.25898    0.03943    3.06084    0.09710
   2292.00000    1.37135    0.03964    3.30286    0.09635
   2293.00000    1.30223    0.03923    3.08637    0.09695
   2294.00000    1.31465    0.03958    3.29825    0.09758
   2295.00000    1.33330    0.03950    3.04343    0.09757
   2296.00000    1.32711    0.03960    3.06694    0.09656
   2297.00000    1.30819    0.03894    3.29293    0.09734
   2298.00000    1.24636    0.03855    3.28671    0.09702
   2299.00000    1.23688    0.03873    3.19855    0.09809
   2300.00000    1.28493    0.03870    3.25161    0.09739
   2301.00000    1.27090    0.03852    3.16904    0.09661
   2302.00000    1.20529    0.03847    3.32647    0.09698
   2303.00000    1.27146    0.03887    3.09926    0.09655
   2304.00000    1.21781    0.03865    3.18241    0.09613
   2305.00000    1.29199    0.03846    3.09759    0.09536
   2306.00000    1.30785    0.03844    3.27168    0.09495
   2307.00000    1.27277    0.03795    3.19015    0.09478
   2308.00000    1.25593    0.03774    2.93595    0.09449
   2309.00000    1.25776    0.03792    3.25112    0.09498
   2555.00000    1.41368    0.04009    2.95323    0.09357
   2556.00000    1.30204    0.03970    3.16934    0.09378
   2557.00000    1.37662    0.03945    3.13712    0.09349
   2558.00000    1.36148    0.03957    3.18569    0.09294
   2559.00000    1.27694    0.03960    3.02098    0.09423
   2560.00000    1.38986    0.03920    3.27013    0.09374
   2561.00000    1.33802    0.03925    3.04025    0.09475
   2562.00000    1.24573    0.03873    3.00667    0.09384
   2563.00000    1.27777    0.03867    3.23495    0.09380
   2564.00000    1.32157    0.03844    3.23487    0.09381
   2565.00000    1.23932    0.03829    3.27925    0.09425
   2566.00000    1.23813    0.03828    3.19944    0.09333
   2567.00000    1.25287    0.03766    3.15666    0.09373
   2568.00000    1.29165    0.03773    3.19197    0.09442
   2569.00000    1.27105    0.03786    3.15964    0.09406
   2570.00000    1.25336    0.03754    3.05130    0.09377
   2571.00000    1.27870    0.03738    3.10668    0.09376
   2572.00000    1.27164    0.03720    3.29651    0.09446
   2573.00000    1.18014    0.03716    3.10167    0.09373
   2574.00000    1.23146    0.03714    3.13689    0.09298
   2575.00000    1.26434    0.03732    3.15998    0.09368
   2576.00000    1.17617    0.03747    3.04362    0.09449
   2577.00000    1.22208    0.03740    3.22690    0.09391
   2578.00000    1.23049    0.03729    3.20417    0.09456
   2579.00000    1.21162    0.03742    3.25004    0.09510
   2580.00000    1.27143    0.03750    3.14212    0.09499
   2581.00000    1.27513    0.03741    3.22499    0.09618
   2582.00000    1.23476    0.03751    3.13399    0.09621
   2583.00000    1.26243    0.03776    3.27594    0.09643
   2584.00000    1.26813    0.03782    3.19191    0.09579
   2585.00000    1.25549    0.03745    3.30518    0.09502
   2586.00000    1.26808    0.03759    3.05652    0.09493
   2587.00000    1.23594    0.03738    3.10290    0.09547
   2588.00000    1.26805    0.03732    3.25386    0.09503
   2589.00000    1.19355    0.03712    3.11223    0.09427
   2590.00000    1.31976    0.03701    3.01135    0.09465
   2591.00000    1.25724    0.03704    3.25307    0.09285
   2592.00000    1.26450    0.03737    3.02945    0.09253
   2593.00000    1.24274    0.03697    2.99995    0.09200
   2594.00000    1.22455    0.03700    2.98911    0.09169
   2595.00000    1.25132    0.03683    3.03291    0.09106
   2596.00000    1.16844    0.03687    2.79913    0.09063
   2597.00000    1.28448    0.03668    2.91819    0.09035
   2598.00000    1.23627    0.03638    3.04892    0.09090
   2599.00000    1.20457    0.03667    2.90075    0.09008
   2600.00000    1.20400    0.03715    3.03706    0.09003
   2601.00000    1.26466    0.03662    2.93648    0.08936
   2602.00000    1.25688    0.03655    2.80543    0.08916
   2603.00000    1.13175    0.03649    2.96797    0.08892
   2604.00000    1.16440    0.03627    2.90038    0.08949
   2605.00000    1.24952    0.03623    3.11651    0.09006
   2606.00000    1.15960    0.03671    3.04923    0.08957
   2607.00000    1.26140    0.03687    3.02900    0.08956
   2608.00000    1.23219    0.03668    2.97007    0.08997
   2609.00000    1.27441    0.03691    3.05521    0.09021
   2610.00000    1.21279    0.03655    2.84387    0.08966
   2611.00000    1.17130    0.03663    2.98760    0.09016
   2612.00000    1.12238    0.03683    3.12160    0.09054
   2613.00000    1.19719    0.03726    3.07093    0.09074
   2614.00000    1.28583    0.03766    2.77739    0.09001
   2615.00000    1.29827    0.03741    3.06160    0.09020
   2616.00000    1.17046    0.03749    2.88287    0.08991
   2617.00000    1.24825    0.03748    2.93914    0.08953
   2618.00000    1.31935    0.03746    2.85233    0.08922
   2619.00000    1.27558    0.03764    3.01538    0.08935
   2620.00000    1.22827    0.03760    2.94259    0.08943
   2621.00000    1.28738    0.03776    2.99907    0.08941
   2622.00000    1.22754    0.03798    3.02671    0.08897
   2623.00000    1.22343    0.03837    2.85656    0.08874
   2624.00000    1.28464    0.03827    2.97675    0.08857
   2625.00000    1.28731    0.03825    2.97218    0.08853
   2626.00000    1.21921    0.03807    3.02779    0.08827
   2627.00000    1.25291    0.03777    2.76537    0.08737
   2628.00000    1.29001    0.03776    3.17921    0.08888
   2629.00000    1.28955    0.03794    3.07405    0.08927
   2630.00000    1.33728    0.03832    2.79899    0.08799
   2631.00000    1.24591    0.03862    2.95460    0.08747
   2632.00000    1.26288    0.03878    2.86835    0.08782
   2633.00000    1.28995    0.03862    2.94314    0.08722
   2634.00000    1.28794    0.03826    2.86647    0.08695
   2635.00000    1.24269    0.03796    2.96160    0.08818
   2636.00000    1.30431    0.03767    2.89979    0.08874
   2637.00000    1.27841    0.03771    2.94583    0.08835
   2638.00000    1.22851    0.03714    3.02848    0.08866
   2639.00000    1.32185    0.03686    2.90578    0.08805
   2640.00000    1.19654    0.03678    3.07859    0.08814
   2641.00000    1.21357    0.03676    2.81391    0.08879
   2642.00000    1.23494    0.03666    3.09118    0.09021
   2643.00000    1.17507    0.03674    3.01116    0.09025
   2644.00000    1.19956    0.03689    2.86610    0.08995
   2645.00000    1.25291    0.03706    3.01078    0.08976
   2646.00000    1.27412    0.03727    2.96517    0.08999
   2647.00000    1.22282    0.03720    3.10471    0.09026
   2648.00000    1.14036    0.03708    2.88407    0.08977
   2649.00000    1.26038    0.03686    2.89280    0.09055
   2650.00000    1.25842    0.03676    3.01536    0.09070
   2651.00000    1.16073    0.03657    3.01155    0.09126
   2652.00000    1.22010    0.03593    2.95754    0.09148
   2653.00000    1.18045    0.03621    3.15193    0.09207
   2654.00000    1.17862    0.03580    2.97769    0.09108
   2655.00000    1.21667    0.03564    3.13271    0.09088
   2656.00000    1.17498    0.03575    3.06264    0.09084
   2657.00000    1.21077    0.03634    2.96436    0.09107
   2658.00000    1.23739    0.03595    3.01930    0.09130
   2659.00000    1.16595    0.03584    3.01459    0.09271
   2660.00000    1.20669    0.03573    2.85547    0.09280
   2661.00000    1.23764    0.03567    3.09337    0.09294
   2662.00000    1.21346    0.03610    3.18419    0.09265
   2663.00000    1.20170    0.03606    3.03761    0.09155
   2664.00000    1.23494    0.03601    3.11959    0.09094
   2665.00000    1.20460    0.03613    2.92331    0.09056
   2666.00000    1.16783    0.03581    2.91745    0.09035
   2667.00000    1.19040    0.03585    3.01364    0.08840
   2668.00000    1.21430    0.03612    3.04897    0.08876
   2669.00000    1.19040    0.03663    2.85798    0.08861
   2670.00000    1.25523    0.03637    2.91755    0.08807
   2671.00000    1.25421    0.03686    3.00941    0.08847
   2672.00000    1.18716    0.03684    2.92394    0.08807
   2673.00000    1.29767    0.03670    3.05218    0.08879
   2674.00000    1.19453    0.03639    3.07164    0.08872
   2920.00000    1.32078    0.04078    3.26969    0.09685
   2921.00000    1.39105    0.04101    3.38664    0.09714
   2922.00000    1.41818    0.04119    3.03319    0.09622
   2923.00000    1.32768    0.04100    3.32232    0.09674
   2924.00000    1.36621    0.04088    3.14353    0.09550
   2925.00000    1.33083    0.04078    3.34650    0.09643
   2926.00000    1.32801    0.04090    3.21307    0.09534
   2927.00000    1.35213    0.04079    3.31849    0.09436
   2928.00000    1.34900    0.04059    3.11208    0.09466
   2929.00000    1.31479    0.04065    3.11823    0.09495
   2930.00000    1.32989    0.04076    3.20420    0.09459
   2931.00000    1.30380    0.04084    3.14113    0.09508
   2932.00000    1.34098    0.04151    3.07052    0.09409
   2933.00000    1.45368    0.04115    3.13763    0.09462
   2934.00000    1.32554    0.04074    3.20848    0.09580
   2935.00000    1.40892    0.04025    3.15573    0.09592
   2936.00000    1.31714    0.04056    3.37404    0.09635
   2937.00000    1.34254    0.04063    3.21852    0.09597
   2938.00000    1.31566    0.04047    3.02133    0.09616
   2939.00000    1.27923    0.04034    3.17107    0.09673
   2940.00000    1.34844    0.04049    3.24313    0.09711
   2941.00000    1.32018    0.03998    3.13177    0.09631
   2942.00000    1.31925    0.04031    3.17372    0.09540
   2943.00000    1.33839    0.03959    3.10619    0.09529
   2944.00000    1.30212    0.03974    3.13291    0.09372
   2945.00000    1.32199    0.03989    3.12217    0.09562
   2946.00000    1.31946    0.03968    3.18012    0.09568
   2947.00000    1.29166    0.03947    3.17900    0.09597
   2948.00000    1.33526    0.03931    3.15396    0.09672
   2949.00000    1.23120    0.03936    3.13885    0.09841
   2950.00000    1.33137    0.03965    3.40121    0.09868
   2951.00000    1.30307    0.04000    3.30968    0.09903
   2952.00000    1.40287    0.03976    3.26262    0.09880
   2953.00000    1.37356    0.03959    3.00660    0.09780
   2954.00000    1.33732    0.03995    3.49431    0.09805
   2955.00000    1.37051    0.04017    3.17426    0.09832
   2956.00000    1.28262    0.04047    3.18708    0.09798
   2957.00000    1.39589    0.04051    3.46018    0.09711
   2958.00000    1.30075    0.04014    3.34468    0.09751
   2959.00000    1.26541    0.04008    3.19320    0.09756
   2960.00000    1.38422    0.04031    3.27859    0.09830
   2961.00000    1.44967    0.04073    3.24837    0.09986
   2962.00000    1.33589    0.04091    3.32374    0.09845
   2963.00000    1.41247    0.04097    3.27822    0.09719
   2964.00000    1.36854    0.04101    3.11045    0.09693
   2965.00000    1.35675    0.04072    3.24981    0.09795
   2966.00000    1.32242    0.04086    3.45457    0.09812
   2967.00000    1.39371    0.04081    3.15110    0.09694
   2968.00000    1.32368    0.04070    3.29281    0.09725
   2969.00000    1.44947    0.04137    3.30037    0.09711
   2970.00000    1.34296    0.04131    3.20683    0.09661
   2971.00000    1.40034    0.04105    3.16935    0.09604
   2972.00000    1.35924    0.04095    3.22760    0.09546
   2973.00000    1.38901    0.04112    3.15741    0.09578
   2974.00000    1.39998    0.04110    3.03705    0.09496
   2975.00000    1.41473    0.04143    3.28538    0.09515
   2976.00000    1.44301    0.04166    3.24330    0.09478
   2977.00000    1.38986    0.04111    3.25546    0.09402
   2978.00000    1.32947    0.04174    3.19864    0.09505
   2979.00000    1.38948    0.04179    3.13246    0.09545
   2980.00000    1.43333    0.04169    3.20912    0.09629
   2981.00000    1.37996    0.04188    3.08611    0.09533
   2982.00000    1.35992    0.04189    3.16240    0.09511
   2983.00000    1.44355    0.04146    3.20268    0.09652
   2984.00000    1.36202    0.04138    3.41822    0.09646
   2985.00000    1.46699    0.04187    3.26196    0.09750
   2986.00000    1.43168    0.04252    3.19558    0.09739
   2987.00000    1.47323    0.04255    3.37473    0.09744
   2988.00000    1.38638    0.04251    3.33947    0.09655
   2989.00000    1.41042    0.04257    3.28836    0.09700
   2990.00000    1.37174    0.04245    3.27360    0.09765
   2991.00000    1.47560    0.04207    3.30278    0.09826
   2992.00000    1.36534    0.04183    3.51110    0.09847
   2993.00000    1.41421    0.04194    3.26246    0.09811
   2994.00000    1.40207    0.04214    3.19429    0.09697
   2995.00000    1.48982    0.04230    3.26965    0.09800
   2996.00000    1.35537    0.04237    3.26324    0.09799
   2997.00000    1.44978    0.04207    3.22586    0.09787
   2998.00000    1.36676    0.04205    3.43517    0.09939
   2999.00000    1.38714    0.04166    3.33448    0.09911
   3000.00000    1.31800    0.04140    3.22587    0.09861
   3001.00000    1.30092    0.04092    3.31951    0.09859
   3002.00000    1.31677    0.04078    3.35785    0.09874
   3003.00000    1.34516    0.04082    3.40802    0.09939
   3004.00000    1.35467    0.04101    3.31037    0.09894
   3005.00000    1.37236    0.04084    3.21331    0.10016
   3006.00000    1.33324    0.04087    3.20999    0.09903
   3007.00000    1.41933    0.04192    3.56880    0.10043
   3008.00000    1.37520    0.04171    3.16675    0.10048
   3009.00000    1.39967    0.04201    3.32695    0.10003
   3010.00000    1.40286    0.04209    3.31757    0.10061
   3011.00000    1.40048    0.04217    3.15637    0.10029
   3012.00000    1.33870    0.04211    3.19989    0.09978
   3013.00000    1.41457    0.04220    3.21699    0.09957
   3014.00000    1.35326    0.04151    3.47222    0.10209
   3015.00000    1.38197    0.04162    3.45296    0.10204
   3016.00000    1.38867    0.04197    3.42344    0.10280
   3017.00000    1.42640    0.04228    3.49609    0.10262
   3018.00000    1.36644    0.04203    3.42083    0.10181
   3019.00000    1.37746    0.04181    3.47897    0.10103
   3020.00000    1.34879    0.04157    3.24657    0.09988
   3021.00000    1.37266    0.04158    3.33676    0.10022
   3022.00000    1.35280    0.04156    3.45836    0.10074
   3023.00000    1.36247    0.04181    3.24224    0.10153
   3024.00000    1.37075    0.04184    3.63214    0.10216
   3025.00000    1.37292    0.04166    3.48695    0.10135
   3026.00000    1.45289    0.04260    3.40354    0.10091
   3027.00000    1.41889    0.04257    3.43176    0.10142
   3028.00000    1.39751    0.04276    3.25731    0.10087
   3029.00000    1.50870    0.04309    3.34330    0.09991
   3030.00000    1.37407    0.04292    3.41077    0.09837
   3031.00000    1.35261    0.04264    3.11709    0.09779
   3032.00000    1.45807    0.04274    3.13716    0.09756
   3033.00000    1.38521    0.04251    3.18372    0.09816
   3034.00000    1.42118    0.04239    3.32650    0.09854
   3035.00000    1.44280    0.04205    3.25600    0.09873
   3036.00000    1.37976    0.04237    3.33363    0.10058
   3037.00000    1.33820    0.04237    3.24688    0.10064
   3038.00000    1.35702    0.04246    3.36040    0.10101
   3039.00000    1.43298    0.04283    3.41242    0.10085
   3285.00000    1.40527    0.04219    3.18003    0.10342
   3286.00000    1.44120    0.04253    3.39681    0.10253
   3287.00000    1.37502    0.04237    3.30786    0.10323
   3288.00000    1.40133    0.04241    3.59568    0.10307
   3289.00000    1.43840    0.04221    3.46298    0.10343
   3290.00000    1.37381    0.04234    3.48928    0.10391
   3291.00000    1.44038    0.04258    3.39914    0.10336
   3292.00000    1.39290    0.04283    3.38762    0.10240
   3293.00000    1.44863    0.04298    3.33944    0.10229
   3294.00000    1.46649    0.04281    3.63646    0.10268
   3295.00000    1.44957    0.04307    3.53772    0.10286
   3296.00000    1.46790    0.04333    3.55684    0.10417
   3297.00000    1.46231    0.04293    3.32647    0.10451
   3298.00000    1.43635    0.04305    3.36724    0.10430
   3299.00000    1.40393    0.04331    3.51365    0.10298
   3300.00000    1.52545    0.04377    3.48049    0.10302
   3301.00000    1.39294    0.04388    3.49530    0.10294
   3302.00000    1.38129    0.04377    3.59791    0.10299
   3303.00000    1.48777    0.04356    3.55259    0.10347
   3304.00000    1.51422    0.04356    3.36844    0.10391
   3305.00000    1.47049    0.04399    3.42838    0.10450
   3306.00000    1.44780    0.04425    3.43563    0.10368
   3307.00000    1.49163    0.04465    3.37301    0.10323
   3308.00000    1.50584    0.04457    3.30592    0.10317
   3309.00000    1.44144    0.04472    3.45373    0.10396
   3310.00000    1.42264    0.04443    3.47631    0.10429
   3311.00000    1.49046    0.04450    3.50498    0.10397
   3312.00000    1.50136    0.04485    3.46678    0.10417
   3313.00000    1.43724    0.04468    3.33683    0.10269
   3314.00000    1.47173    0.04484    3.50183    0.10178
   3315.00000    1.37370    0.04444    3.34928    0.10199
   3316.00000    1.54537    0.04419    3.28223    0.10217
   3317.00000    1.45644    0.04483    3.43090    0.10199
   3318.00000    1.45338    0.04416    3.41190    0.10107
   3319.00000    1.57166    0.04414    3.24933    0.10176
   3320.00000    1.43731    0.04394    3.36029    0.10246
   3321.00000    1.51718    0.04420    3.54186    0.10307
   3322.00000    1.45103    0.04390    3.51445    0.10352
   3323.00000    1.43206    0.04394    3.46632    0.10330
   3324.00000    1.39052    0.04383    3.41759    0.10331
   3325.00000    1.46707    0.04432    3.49502    0.10348
   3326.00000    1.47794    0.04488    3.65886    0.10335
   3327.00000    1.44053    0.04506    3.41367    0.10364
   3328.00000    1.55094    0.04468    3.35837    0.10417
   3329.00000    1.52191    0.04456    3.55395    0.10545
   3330.00000    1.51285    0.04467    3.56685    0.10505
   3331.00000    1.57414    0.04488    3.36478    0.10516
   3332.00000    1.50836    0.04468    3.40068    0.10505
   3333.00000    1.45418    0.04445    3.31899    0.10532
   3334.00000    1.54196    0.04414    3.48935    0.10525
   3335.00000    1.47137    0.04408    3.65133    0.10658
   3336.00000    1.48386    0.04379    3.54999    0.10675
   3337.00000    1.48736    0.04353    3.70484    0.10670
   3338.00000    1.37102    0.04332    3.78454    0.10707
   3339.00000    1.48337    0.04380    3.55336    0.10665
   3340.00000    1.45326    0.04394    3.61971    0.10662
   3341.00000    1.37773    0.04395    3.73119    0.10781
   3342.00000    1.43788    0.04364    3.53894    0.10738
   3343.00000    1.41574    0.04361    3.38842    0.10757
   3344.00000    1.42897    0.04384    3.51720    0.10702
   3345.00000    1.56715    0.04382    3.41970    0.10629
   3346.00000    1.42554    0.04373    3.55419    0.10733
   3347.00000    1.49003    0.04343    3.49105    0.10645
   3348.00000    1.45064    0.04321    3.60348    0.10562
   3349.00000    1.49246    0.04328    3.49875    0.10573
   3350.00000    1.41643    0.04324    3.59317    0.10602
   3351.00000    1.47456    0.04352    3.56500    0.10560
   3352.00000    1.49019    0.04338    3.47736    0.10602
   3353.00000    1.48824    0.04369    3.35950    0.10535
   3354.00000    1.43900    0.04373    3.41414    0.10654
   3355.00000    1.43151    0.04340    3.67581    0.10825
   3356.00000    1.47201    0.04352    3.86540    0.10832
   3357.00000    1.39483    0.04306    3.55130    0.10744
   3358.00000    1.50743    0.04334    3.52781    0.10702
   3359.00000    1.39608    0.04323    3.45257    0.10752
   3360.00000    1.44289    0.04359    3.63026    0.10783
   3361.00000    1.37862    0.04332    3.75493    0.10745
   3362.00000    1.43566    0.04316    3.63560    0.10666
   3363.00000    1.46250    0.04327    3.55612    0.10602
   3364.00000    1.37583    0.04365    3.75109    0.10581
   3365.00000    1.42579    0.04373    3.52530    0.10500
   3366.00000    1.42332    0.04402    3.57665    0.10484
   3367.00000    1.45099    0.04391    3.50054    0.10452
   3368.00000    1.47176    0.04451    3.62117    0.10495
   3369.00000    1.41743    0.04424    3.66094    0.10569
   3370.00000    1.48334    0.04407    3.90790    0.10533
   3371.00000    1.49074    0.04458    3.45535    0.10513
   3372.00000    1.47774    0.04451    3.33445    0.10505
   3373.00000    1.58545    0.04457    3.58270    0.10518
   3374.00000    1.47866    0.04476    3.45981    0.10475
   3375.00000    1.51245    0.04498    3.39673    0.10432
   3376.00000    1.48161    0.04467    3.45069    0.10387
   3377.00000    1.43259    0.04480    3.53257    0.10371
   3378.00000    1.47946    0.04464    3.39499    0.10412
   3379.00000    1.46578    0.04473    3.40174    0.10429
   3380.00000    1.47556    0.04523    3.30480    0.10446
   3381.00000    1.48603    0.04493    3.53569    0.10561
   3382.00000    1.52538    0.04489    3.54166    0.10478
   3383.00000    1.44296    0.04462    3.57112    0.10474
   3384.00000    1.50223    0.04458    3.41790    0.10491
   3385.00000    1.50718    0.04459    3.47932    0.10444
   3386.00000    1.45493    0.04453    3.18902    0.10398
   3387.00000    1.44292    0.04474    3.57346    0.10495
   3388.00000    1.46545    0.04467    3.42929    0.10424
   3389.00000    1.56346    0.04410    3.38808    0.10415
   3390.00000    1.47564    0.04387    3.47619    0.10375
   3391.00000    1.45365    0.04376    3.13159    0.10345
   3392.00000    1.41547    0.04343    3.29629    0.10433
   3393.00000    1.39203    0.04366    3.60616    0.10426
   3394.00000    1.51271    0.04323    3.45397    0.10532
   3395.00000    1.50279    0.04311    3.48329    0.10531
   3396.00000    1.43673    0.04273    3.52656    0.10577
   3397.00000    1.33477    0.04288    3.46310    0.10718
   3398.00000    1.47740    0.04294    3.47834    0.10630
   3399.00000    1.42723    0.04268    3.53870    0.10581
   3400.00000    1.36552    0.04279    3.58885    0.10670
   3401.00000    1.41876    0.04280    3.43143    0.10665
   3402.00000    1.40288    0.04268    3.74528    0.10713
   3403.00000    1.50938    0.04312    3.58387    0.10760
   3404.00000    1.48812    0.04315    3.47750    0.10833
