## Time Delay Challenge light curves
##
## [time]=days, [lc]=[err]=flux in nanomaggies
##
##       time       lc_A      err_A       lc_B      err_B
##-------------------------------------------------------
      0.00000    0.88827    0.02811    0.63185    0.01926
      1.00000    0.96189    0.02821    0.67761    0.01931
      2.00000    0.87890    0.02813    0.62753    0.01918
      3.00000    0.92118    0.02798    0.66525    0.01939
      4.00000    0.89022    0.02788    0.66720    0.01915
      5.00000    0.92268    0.02788    0.60628    0.01921
      6.00000    0.92329    0.02810    0.64963    0.01909
      7.00000    0.90594    0.02792    0.62201    0.01924
      8.00000    0.91368    0.02822    0.65770    0.01915
      9.00000    0.98358    0.02848    0.63040    0.01922
     10.00000    0.92823    0.02834    0.65806    0.01944
     11.00000    0.99551    0.02822    0.61874    0.01941
     12.00000    0.98174    0.02810    0.65987    0.01940
     13.00000    0.93605    0.02814    0.67309    0.01929
     14.00000    0.90859    0.02815    0.62926    0.01925
     15.00000    0.91365    0.02847    0.63637    0.01928
     16.00000    1.00761    0.02818    0.67748    0.01943
     17.00000    1.01311    0.02826    0.62826    0.01939
     18.00000    0.94458    0.02823    0.64076    0.01930
     19.00000    0.97453    0.02800    0.66386    0.01922
     20.00000    0.92861    0.02809    0.65050    0.01923
     21.00000    0.96527    0.02791    0.65796    0.01927
     22.00000    0.95942    0.02778    0.64210    0.01927
     23.00000    0.95340    0.02774    0.61529    0.01906
     24.00000    0.93069    0.02789    0.63025    0.01914
     25.00000    0.92258    0.02798    0.63849    0.01898
     26.00000    0.94173    0.02784    0.63532    0.01918
     27.00000    0.91592    0.02763    0.64801    0.01919
     28.00000    0.95487    0.02775    0.60635    0.01898
     29.00000    0.89977    0.02746    0.60949    0.01898
     30.00000    0.91894    0.02794    0.61922    0.01903
     31.00000    0.90793    0.02790    0.64911    0.01900
     32.00000    0.91054    0.02775    0.60149    0.01924
     33.00000    0.91641    0.02764    0.62692    0.01910
     34.00000    0.94189    0.02769    0.59907    0.01903
     35.00000    0.92844    0.02798    0.60143    0.01904
     36.00000    0.94590    0.02777    0.62832    0.01895
     37.00000    0.93082    0.02777    0.64553    0.01915
     38.00000    0.92336    0.02788    0.62739    0.01898
     39.00000    0.90236    0.02759    0.63990    0.01911
     40.00000    0.91779    0.02771    0.61416    0.01905
     41.00000    0.94704    0.02762    0.64502    0.01895
     42.00000    0.93028    0.02762    0.63171    0.01904
     43.00000    0.93428    0.02785    0.62237    0.01899
     44.00000    0.89030    0.02758    0.65242    0.01910
     45.00000    0.87641    0.02757    0.61397    0.01891
     46.00000    0.91936    0.02779    0.63288    0.01882
     47.00000    0.93332    0.02791    0.61399    0.01896
     48.00000    0.92654    0.02818    0.63969    0.01901
     49.00000    0.95460    0.02855    0.61088    0.01917
     50.00000    0.94168    0.02817    0.64322    0.01944
     51.00000    0.92791    0.02803    0.65880    0.01945
     52.00000    0.89235    0.02799    0.64725    0.01923
     53.00000    0.88095    0.02816    0.62651    0.01922
     54.00000    0.98999    0.02813    0.64501    0.01923
     55.00000    0.92087    0.02796    0.65201    0.01925
     56.00000    0.91095    0.02795    0.68396    0.01928
     57.00000    0.94483    0.02785    0.64084    0.01924
     58.00000    0.87849    0.02762    0.67065    0.01914
     59.00000    0.92582    0.02750    0.66596    0.01906
     60.00000    0.89326    0.02749    0.60780    0.01886
     61.00000    0.91071    0.02722    0.60096    0.01877
     62.00000    0.87998    0.02699    0.60703    0.01877
     63.00000    0.89203    0.02690    0.60813    0.01872
     64.00000    0.92932    0.02669    0.65066    0.01846
     65.00000    0.86397    0.02674    0.63670    0.01827
     66.00000    0.88630    0.02699    0.62201    0.01829
     67.00000    0.91968    0.02717    0.61867    0.01829
     68.00000    0.93184    0.02717    0.61768    0.01860
     69.00000    0.91840    0.02730    0.60908    0.01865
     70.00000    0.92671    0.02736    0.60142    0.01858
     71.00000    0.92637    0.02752    0.60180    0.01870
     72.00000    0.95227    0.02782    0.60722    0.01872
     73.00000    0.93604    0.02811    0.64213    0.01903
     74.00000    0.96063    0.02806    0.62190    0.01921
     75.00000    0.96907    0.02816    0.65692    0.01924
     76.00000    0.97043    0.02836    0.63388    0.01921
     77.00000    0.97326    0.02836    0.66206    0.01934
     78.00000    0.96849    0.02865    0.63907    0.01958
     79.00000    0.97908    0.02872    0.65400    0.01956
     80.00000    0.96700    0.02890    0.68154    0.01978
     81.00000    0.94098    0.02888    0.64745    0.01981
     82.00000    0.94056    0.02883    0.66484    0.01981
     83.00000    0.99649    0.02863    0.65325    0.01975
     84.00000    0.99771    0.02860    0.64169    0.01974
     85.00000    0.96946    0.02899    0.64765    0.01970
     86.00000    0.97094    0.02909    0.62113    0.01960
     87.00000    0.95508    0.02893    0.65351    0.01995
     88.00000    0.94006    0.02895    0.70203    0.01995
     89.00000    1.02488    0.02900    0.64399    0.01970
     90.00000    0.92691    0.02886    0.64553    0.01982
     91.00000    0.96732    0.02868    0.64324    0.01988
     92.00000    0.97806    0.02880    0.65284    0.01963
     93.00000    0.95290    0.02849    0.66645    0.01981
     94.00000    0.92706    0.02859    0.65943    0.01959
     95.00000    0.90820    0.02844    0.65523    0.01952
     96.00000    0.91708    0.02834    0.68576    0.01959
     97.00000    0.91275    0.02837    0.62976    0.01954
     98.00000    1.00144    0.02812    0.63431    0.01936
     99.00000    0.91630    0.02821    0.64961    0.01941
    100.00000    0.97116    0.02835    0.66644    0.01931
    101.00000    0.96126    0.02849    0.66941    0.01932
    102.00000    0.96167    0.02839    0.67115    0.01949
    103.00000    0.99462    0.02844    0.63507    0.01950
    104.00000    0.91958    0.02865    0.64509    0.01950
    105.00000    0.91626    0.02837    0.64903    0.01950
    106.00000    0.95146    0.02827    0.63098    0.01967
    107.00000    0.91928    0.02820    0.63196    0.01945
    108.00000    0.93020    0.02816    0.67588    0.01938
    109.00000    0.93799    0.02809    0.64027    0.01938
    110.00000    0.96374    0.02805    0.64760    0.01928
    111.00000    0.90374    0.02807    0.65361    0.01928
    112.00000    0.94525    0.02792    0.64496    0.01921
    113.00000    0.94398    0.02825    0.62403    0.01912
    114.00000    0.92817    0.02797    0.66051    0.01924
    115.00000    0.94546    0.02829    0.63765    0.01928
    116.00000    0.94262    0.02856    0.66075    0.01934
    117.00000    0.97900    0.02868    0.65179    0.01952
    118.00000    0.96207    0.02876    0.66511    0.01951
    119.00000    0.92942    0.02865    0.60558    0.01963
    365.00000    0.92968    0.02729    0.59321    0.01869
    366.00000    0.89214    0.02727    0.62939    0.01868
    367.00000    0.90941    0.02742    0.63215    0.01873
    368.00000    0.88972    0.02749    0.62189    0.01873
    369.00000    0.93260    0.02753    0.60275    0.01877
    370.00000    0.92145    0.02749    0.62433    0.01883
    371.00000    0.92406    0.02728    0.61986    0.01886
    372.00000    0.91519    0.02710    0.62924    0.01882
    373.00000    0.94281    0.02697    0.63799    0.01860
    374.00000    0.92517    0.02703    0.57941    0.01864
    375.00000    0.93230    0.02711    0.63014    0.01852
    376.00000    0.93627    0.02722    0.65438    0.01864
    377.00000    0.93072    0.02726    0.65780    0.01859
    378.00000    0.84897    0.02741    0.59095    0.01857
    379.00000    0.94131    0.02790    0.62045    0.01863
    380.00000    0.92482    0.02823    0.63629    0.01885
    381.00000    0.94831    0.02862    0.60795    0.01916
    382.00000    0.95520    0.02836    0.64208    0.01936
    383.00000    0.92956    0.02836    0.65680    0.01951
    384.00000    0.99290    0.02841    0.63682    0.01939
    385.00000    0.96476    0.02834    0.65237    0.01949
    386.00000    0.92300    0.02796    0.66016    0.01944
    387.00000    0.95517    0.02804    0.60963    0.01937
    388.00000    0.94387    0.02813    0.62625    0.01922
    389.00000    0.95923    0.02821    0.63867    0.01931
    390.00000    0.89732    0.02808    0.64467    0.01921
    391.00000    0.92532    0.02821    0.59733    0.01926
    392.00000    0.94071    0.02793    0.65180    0.01930
    393.00000    0.92248    0.02818    0.62209    0.01927
    394.00000    0.92240    0.02812    0.65118    0.01921
    395.00000    0.91274    0.02812    0.62020    0.01942
    396.00000    0.93884    0.02779    0.65286    0.01932
    397.00000    0.89776    0.02776    0.64574    0.01914
    398.00000    0.88222    0.02784    0.63732    0.01905
    399.00000    0.91260    0.02798    0.64522    0.01903
    400.00000    0.87790    0.02788    0.64960    0.01909
    401.00000    0.92325    0.02789    0.64370    0.01910
    402.00000    0.91584    0.02816    0.62356    0.01904
    403.00000    0.93297    0.02781    0.62882    0.01913
    404.00000    0.92425    0.02792    0.62967    0.01925
    405.00000    0.89581    0.02796    0.64342    0.01914
    406.00000    0.91972    0.02786    0.66025    0.01921
    407.00000    0.97112    0.02828    0.61180    0.01918
    408.00000    0.96254    0.02847    0.63547    0.01918
    409.00000    0.91430    0.02842    0.63027    0.01958
    410.00000    0.94471    0.02837    0.67133    0.01953
    411.00000    0.95466    0.02840    0.63549    0.01956
    412.00000    0.93541    0.02837    0.65245    0.01949
    413.00000    0.98425    0.02872    0.63591    0.01951
    414.00000    1.03305    0.02855    0.65405    0.01951
    415.00000    0.96201    0.02825    0.63809    0.01968
    416.00000    0.93398    0.02826    0.63669    0.01951
    417.00000    0.89929    0.02811    0.62884    0.01946
    418.00000    0.92562    0.02795    0.60650    0.01931
    419.00000    0.98400    0.02801    0.63702    0.01929
    420.00000    0.94350    0.02814    0.64172    0.01922
    421.00000    0.90720    0.02821    0.65310    0.01924
    422.00000    0.92925    0.02833    0.63018    0.01925
    423.00000    0.95484    0.02847    0.62551    0.01928
    424.00000    0.95068    0.02843    0.63615    0.01946
    425.00000    0.97933    0.02861    0.65052    0.01940
    426.00000    0.97922    0.02853    0.65223    0.01955
    427.00000    0.96669    0.02896    0.66246    0.01963
    428.00000    0.95973    0.02919    0.64300    0.01979
    429.00000    0.93987    0.02854    0.67666    0.01987
    430.00000    0.94901    0.02890    0.65877    0.01977
    431.00000    0.92290    0.02925    0.64493    0.01961
    432.00000    0.96149    0.02882    0.67101    0.01993
    433.00000    0.97455    0.02892    0.63008    0.01997
    434.00000    0.98076    0.02926    0.63684    0.01987
    435.00000    1.00827    0.02958    0.63540    0.01981
    436.00000    0.98862    0.02938    0.69410    0.02024
    437.00000    1.00860    0.02926    0.68134    0.02019
    438.00000    0.97587    0.02968    0.67858    0.02005
    439.00000    0.97708    0.02951    0.66005    0.02009
    440.00000    1.01186    0.02977    0.65477    0.02021
    441.00000    1.00559    0.02958    0.70189    0.02041
    442.00000    0.93723    0.02960    0.70235    0.02043
    443.00000    0.97217    0.02976    0.69224    0.02029
    444.00000    0.97929    0.02992    0.65755    0.02036
    445.00000    1.00428    0.02979    0.65514    0.02055
    446.00000    1.03789    0.03007    0.66866    0.02047
    447.00000    0.90637    0.03008    0.66696    0.02051
    448.00000    1.04154    0.02997    0.71432    0.02075
    449.00000    1.01606    0.02953    0.67403    0.02057
    450.00000    0.99019    0.02975    0.69675    0.02049
    451.00000    0.96575    0.02954    0.68373    0.02032
    452.00000    1.07464    0.02959    0.70931    0.02038
    453.00000    1.04895    0.02998    0.68539    0.02023
    454.00000    1.01451    0.03046    0.66205    0.02028
    455.00000    0.99140    0.03031    0.69583    0.02072
    456.00000    0.96851    0.03020    0.68070    0.02071
    457.00000    0.97363    0.03008    0.69489    0.02073
    458.00000    1.01901    0.03008    0.70702    0.02062
    459.00000    0.93277    0.02972    0.67702    0.02060
    460.00000    0.97110    0.02964    0.67685    0.02044
    461.00000    1.00157    0.02958    0.70841    0.02046
    462.00000    1.00246    0.02966    0.68382    0.02016
    463.00000    0.98104    0.02981    0.67359    0.02028
    464.00000    0.99954    0.02962    0.69887    0.02038
    465.00000    1.00850    0.02965    0.69714    0.02044
    466.00000    1.02512    0.02997    0.69617    0.02049
    467.00000    0.94700    0.03001    0.68053    0.02047
    468.00000    1.01105    0.03001    0.66384    0.02063
    469.00000    0.99482    0.03001    0.68393    0.02058
    470.00000    1.02591    0.02999    0.67881    0.02064
    471.00000    1.01001    0.03011    0.71833    0.02066
    472.00000    0.99169    0.03010    0.66919    0.02048
    473.00000    1.00491    0.03009    0.67235    0.02063
    474.00000    1.02099    0.03031    0.66413    0.02069
    475.00000    1.01483    0.02983    0.69187    0.02060
    476.00000    0.96009    0.03004    0.68197    0.02065
    477.00000    0.96061    0.03012    0.66134    0.02049
    478.00000    1.02047    0.03028    0.68958    0.02070
    479.00000    0.95647    0.03029    0.68680    0.02062
    480.00000    1.02080    0.03038    0.68310    0.02081
    481.00000    1.04390    0.03002    0.70147    0.02079
    482.00000    0.97911    0.03019    0.69694    0.02075
    483.00000    0.99233    0.02966    0.69673    0.02063
    484.00000    0.95343    0.02979    0.71937    0.02048
    730.00000    0.93577    0.02887    0.65811    0.01996
    731.00000    0.98055    0.02896    0.66544    0.01984
    732.00000    0.99229    0.02898    0.68085    0.01982
    733.00000    1.00305    0.02921    0.64261    0.01982
    734.00000    0.94570    0.02949    0.62599    0.01999
    735.00000    1.00519    0.02953    0.66897    0.02016
    736.00000    1.01655    0.02948    0.67163    0.02032
    737.00000    0.94117    0.02939    0.68838    0.02030
    738.00000    0.97362    0.02935    0.67676    0.02010
    739.00000    0.93069    0.02957    0.65350    0.02002
    740.00000    0.98195    0.02936    0.67690    0.02014
    741.00000    0.98228    0.02930    0.66054    0.02037
    742.00000    0.94790    0.02937    0.64793    0.02013
    743.00000    0.98716    0.02963    0.64867    0.02009
    744.00000    1.00683    0.02984    0.68178    0.02021
    745.00000    0.97332    0.02976    0.68227    0.02042
    746.00000    0.97976    0.02965    0.68235    0.02041
    747.00000    0.99700    0.02953    0.67284    0.02038
    748.00000    0.96338    0.02957    0.70354    0.02026
    749.00000    0.99255    0.02940    0.69424    0.02028
    750.00000    0.98492    0.02940    0.65386    0.02016
    751.00000    1.04181    0.02938    0.65501    0.02011
    752.00000    0.99597    0.02934    0.64184    0.02015
    753.00000    0.96286    0.02927    0.67572    0.02025
    754.00000    1.02480    0.02934    0.64693    0.01997
    755.00000    1.00081    0.02958    0.69292    0.02000
    756.00000    0.99817    0.02985    0.63890    0.02016
    757.00000    1.04504    0.03015    0.65087    0.02034
    758.00000    1.04719    0.03031    0.65135    0.02057
    759.00000    1.02103    0.03041    0.73194    0.02071
    760.00000    0.97672    0.03028    0.70037    0.02084
    761.00000    1.02060    0.03028    0.69448    0.02085
    762.00000    1.02058    0.03041    0.67366    0.02077
    763.00000    1.01885    0.03090    0.68498    0.02088
    764.00000    1.08308    0.03090    0.72254    0.02090
    765.00000    1.06682    0.03063    0.66107    0.02123
    766.00000    0.98329    0.03067    0.67756    0.02115
    767.00000    1.04537    0.03082    0.70932    0.02101
    768.00000    1.06757    0.03104    0.68007    0.02106
    769.00000    1.01692    0.03095    0.70376    0.02122
    770.00000    0.99098    0.03062    0.69450    0.02137
    771.00000    1.06752    0.03086    0.72048    0.02104
    772.00000    1.10032    0.03103    0.68955    0.02109
    773.00000    1.05292    0.03086    0.73223    0.02125
    774.00000    0.99190    0.03090    0.70775    0.02129
    775.00000    0.98306    0.03066    0.67490    0.02123
    776.00000    1.02335    0.03066    0.71599    0.02116
    777.00000    1.05698    0.03106    0.68381    0.02105
    778.00000    1.03725    0.03101    0.68387    0.02116
    779.00000    1.01889    0.03085    0.68903    0.02121
    780.00000    1.02722    0.03073    0.71270    0.02124
    781.00000    0.96073    0.03060    0.71532    0.02116
    782.00000    1.05464    0.03060    0.73598    0.02109
    783.00000    1.04185    0.03078    0.69667    0.02098
    784.00000    1.07269    0.03093    0.74474    0.02094
    785.00000    1.04224    0.03104    0.71623    0.02117
    786.00000    1.04530    0.03073    0.68733    0.02130
    787.00000    0.96782    0.03063    0.71724    0.02130
    788.00000    1.01929    0.03076    0.72162    0.02119
    789.00000    1.07374    0.03076    0.69952    0.02110
    790.00000    1.04757    0.03077    0.71676    0.02102
    791.00000    1.01985    0.03083    0.71050    0.02116
    792.00000    1.03676    0.03095    0.68719    0.02118
    793.00000    1.05637    0.03118    0.71330    0.02110
    794.00000    1.00505    0.03087    0.71303    0.02120
    795.00000    1.03780    0.03082    0.73825    0.02123
    796.00000    1.05890    0.03092    0.67658    0.02116
    797.00000    1.04707    0.03120    0.71798    0.02122
    798.00000    1.01887    0.03088    0.69178    0.02131
    799.00000    1.04013    0.03097    0.69238    0.02141
    800.00000    0.98651    0.03114    0.70936    0.02120
    801.00000    1.05417    0.03065    0.70814    0.02127
    802.00000    1.02190    0.03063    0.70589    0.02121
    803.00000    0.98162    0.03045    0.67583    0.02101
    804.00000    1.05611    0.03050    0.67274    0.02091
    805.00000    0.95018    0.03057    0.71459    0.02091
    806.00000    1.03853    0.03064    0.69861    0.02095
    807.00000    1.02279    0.03075    0.70984    0.02100
    808.00000    1.03564    0.03076    0.70664    0.02100
    809.00000    1.07993    0.03072    0.69911    0.02110
    810.00000    1.00440    0.03046    0.67566    0.02112
    811.00000    1.04731    0.03065    0.72199    0.02103
    812.00000    1.02167    0.03050    0.71665    0.02095
    813.00000    0.98196    0.03060    0.69496    0.02096
    814.00000    1.06303    0.03059    0.71074    0.02091
    815.00000    0.96639    0.03058    0.71075    0.02100
    816.00000    1.04093    0.03028    0.71195    0.02095
    817.00000    1.06737    0.03040    0.68159    0.02086
    818.00000    0.99811    0.03033    0.66363    0.02082
    819.00000    1.01436    0.03012    0.68520    0.02081
    820.00000    1.02183    0.02989    0.67573    0.02068
    821.00000    0.96926    0.02946    0.71098    0.02050
    822.00000    0.99335    0.02950    0.68100    0.02043
    823.00000    1.01006    0.02958    0.68879    0.02021
    824.00000    0.99145    0.02954    0.71489    0.02013
    825.00000    1.01482    0.02981    0.67654    0.02025
    826.00000    0.99783    0.02987    0.64472    0.02040
    827.00000    1.02319    0.02994    0.72375    0.02045
    828.00000    0.96770    0.03013    0.68076    0.02049
    829.00000    1.01241    0.03036    0.69015    0.02053
    830.00000    1.06591    0.03048    0.73375    0.02069
    831.00000    0.98749    0.03040    0.65470    0.02096
    832.00000    1.00997    0.03066    0.70219    0.02089
    833.00000    1.02516    0.03053    0.68162    0.02089
    834.00000    1.01489    0.03022    0.71106    0.02091
    835.00000    0.99462    0.02987    0.71923    0.02094
    836.00000    1.01316    0.03009    0.69931    0.02056
    837.00000    0.99968    0.03021    0.66370    0.02057
    838.00000    1.01326    0.03026    0.66301    0.02074
    839.00000    0.99391    0.03012    0.74750    0.02071
    840.00000    1.06886    0.03012    0.69079    0.02071
    841.00000    0.96855    0.02966    0.69767    0.02063
    842.00000    1.01908    0.02981    0.67302    0.02048
    843.00000    1.02856    0.02983    0.69015    0.02037
    844.00000    1.02904    0.02998    0.68514    0.02050
    845.00000    1.01820    0.02980    0.68546    0.02044
    846.00000    1.04096    0.03008    0.68265    0.02055
    847.00000    0.99196    0.02997    0.67026    0.02051
    848.00000    1.07070    0.03000    0.69932    0.02068
    849.00000    1.01536    0.03011    0.67658    0.02053
   1095.00000    0.91831    0.02822    0.67118    0.01935
   1096.00000    0.92674    0.02815    0.66591    0.01938
   1097.00000    0.92717    0.02816    0.63542    0.01921
   1098.00000    0.99026    0.02796    0.64473    0.01929
   1099.00000    0.95909    0.02778    0.64836    0.01928
   1100.00000    0.95262    0.02779    0.64172    0.01920
   1101.00000    0.94917    0.02744    0.64727    0.01908
   1102.00000    0.89301    0.02723    0.65614    0.01896
   1103.00000    0.92781    0.02724    0.63507    0.01873
   1104.00000    0.86829    0.02728    0.64112    0.01873
   1105.00000    0.86857    0.02719    0.64834    0.01863
   1106.00000    0.93954    0.02744    0.61291    0.01861
   1107.00000    0.91407    0.02716    0.65527    0.01876
   1108.00000    0.87167    0.02686    0.62452    0.01875
   1109.00000    0.88300    0.02681    0.62021    0.01845
   1110.00000    0.84398    0.02654    0.66051    0.01845
   1111.00000    0.91838    0.02677    0.63237    0.01831
   1112.00000    0.90323    0.02690    0.60827    0.01824
   1113.00000    0.91091    0.02682    0.57916    0.01828
   1114.00000    0.94490    0.02678    0.60874    0.01848
   1115.00000    0.89742    0.02683    0.61410    0.01836
   1116.00000    0.89112    0.02677    0.57324    0.01842
   1117.00000    0.88465    0.02664    0.62920    0.01842
   1118.00000    0.88496    0.02646    0.61249    0.01832
   1119.00000    0.89131    0.02642    0.63515    0.01824
   1120.00000    0.85946    0.02629    0.59710    0.01822
   1121.00000    0.84696    0.02621    0.61893    0.01809
   1122.00000    0.88993    0.02610    0.59864    0.01796
   1123.00000    0.89086    0.02622    0.63581    0.01802
   1124.00000    0.85632    0.02618    0.59806    0.01784
   1125.00000    0.88258    0.02636    0.56889    0.01794
   1126.00000    0.89359    0.02673    0.59681    0.01794
   1127.00000    0.90658    0.02668    0.61583    0.01819
   1128.00000    0.84369    0.02687    0.64198    0.01836
   1129.00000    0.89003    0.02671    0.62202    0.01832
   1130.00000    0.95547    0.02670    0.61813    0.01843
   1131.00000    0.88562    0.02661    0.62402    0.01830
   1132.00000    0.89681    0.02665    0.59426    0.01838
   1133.00000    0.93586    0.02707    0.60944    0.01827
   1134.00000    0.94596    0.02714    0.58247    0.01842
   1135.00000    0.90017    0.02720    0.61196    0.01858
   1136.00000    0.90632    0.02715    0.61255    0.01863
   1137.00000    0.89040    0.02727    0.62365    0.01864
   1138.00000    0.87480    0.02728    0.61012    0.01855
   1139.00000    0.88476    0.02719    0.63607    0.01864
   1140.00000    0.93836    0.02704    0.63291    0.01862
   1141.00000    0.88158    0.02669    0.60567    0.01853
   1142.00000    0.93436    0.02687    0.61718    0.01842
   1143.00000    0.82845    0.02668    0.61644    0.01839
   1144.00000    0.86302    0.02659    0.55752    0.01843
   1145.00000    0.88495    0.02635    0.58678    0.01824
   1146.00000    0.84855    0.02651    0.60101    0.01819
   1147.00000    0.86774    0.02632    0.59183    0.01804
   1148.00000    0.87883    0.02624    0.61407    0.01815
   1149.00000    0.90573    0.02597    0.55088    0.01799
   1150.00000    0.85557    0.02587    0.64243    0.01800
   1151.00000    0.88537    0.02572    0.61584    0.01774
   1152.00000    0.91898    0.02571    0.60589    0.01771
   1153.00000    0.88680    0.02576    0.59381    0.01770
   1154.00000    0.81136    0.02566    0.59804    0.01767
   1155.00000    0.83494    0.02529    0.59174    0.01766
   1156.00000    0.79648    0.02523    0.62800    0.01747
   1157.00000    0.82527    0.02520    0.59914    0.01734
   1158.00000    0.85264    0.02539    0.56758    0.01738
   1159.00000    0.84527    0.02511    0.59040    0.01728
   1160.00000    0.82335    0.02521    0.60005    0.01726
   1161.00000    0.83090    0.02530    0.57614    0.01723
   1162.00000    0.82234    0.02546    0.61226    0.01729
   1163.00000    0.85467    0.02546    0.56112    0.01734
   1164.00000    0.81808    0.02545    0.59422    0.01743
   1165.00000    0.86501    0.02533    0.63406    0.01751
   1166.00000    0.86762    0.02528    0.56848    0.01743
   1167.00000    0.83370    0.02540    0.59354    0.01734
   1168.00000    0.84469    0.02533    0.56719    0.01731
   1169.00000    0.84760    0.02531    0.58590    0.01735
   1170.00000    0.80731    0.02494    0.55718    0.01735
   1171.00000    0.81652    0.02508    0.58008    0.01725
   1172.00000    0.83332    0.02537    0.53283    0.01712
   1173.00000    0.83794    0.02538    0.60902    0.01734
   1174.00000    0.82984    0.02573    0.58654    0.01742
   1175.00000    0.86687    0.02593    0.59983    0.01752
   1176.00000    0.87888    0.02621    0.60874    0.01782
   1177.00000    0.90508    0.02653    0.59277    0.01785
   1178.00000    0.83254    0.02653    0.57540    0.01809
   1179.00000    0.86334    0.02660    0.62826    0.01815
   1180.00000    0.85156    0.02645    0.58123    0.01822
   1181.00000    0.86251    0.02670    0.58578    0.01825
   1182.00000    0.85955    0.02685    0.60020    0.01813
   1183.00000    0.88506    0.02663    0.59616    0.01839
   1184.00000    0.87165    0.02686    0.62385    0.01833
   1185.00000    0.87450    0.02688    0.61125    0.01830
   1186.00000    0.90015    0.02688    0.58988    0.01853
   1187.00000    0.92345    0.02679    0.62310    0.01838
   1188.00000    0.91883    0.02687    0.58959    0.01837
   1189.00000    0.89399    0.02671    0.59220    0.01845
   1190.00000    0.89737    0.02665    0.60427    0.01844
   1191.00000    0.84307    0.02666    0.60172    0.01838
   1192.00000    0.88457    0.02682    0.59386    0.01835
   1193.00000    0.83570    0.02670    0.60095    0.01837
   1194.00000    0.89653    0.02697    0.60238    0.01837
   1195.00000    0.84812    0.02695    0.61312    0.01827
   1196.00000    0.91089    0.02698    0.58141    0.01840
   1197.00000    0.88227    0.02707    0.63218    0.01847
   1198.00000    0.92359    0.02679    0.62246    0.01857
   1199.00000    0.89085    0.02675    0.63764    0.01843
   1200.00000    0.91336    0.02678    0.61610    0.01830
   1201.00000    0.87291    0.02672    0.57799    0.01839
   1202.00000    0.87103    0.02674    0.63628    0.01835
   1203.00000    0.93305    0.02708    0.58185    0.01829
   1204.00000    0.92742    0.02724    0.58167    0.01849
   1205.00000    0.95534    0.02724    0.62568    0.01857
   1206.00000    0.91105    0.02713    0.61138    0.01864
   1207.00000    0.90520    0.02712    0.60802    0.01869
   1208.00000    0.91945    0.02720    0.63731    0.01868
   1209.00000    0.91609    0.02739    0.63361    0.01862
   1210.00000    0.86934    0.02742    0.60525    0.01857
   1211.00000    0.92126    0.02742    0.62987    0.01882
   1212.00000    0.89829    0.02752    0.60625    0.01872
   1213.00000    0.93624    0.02765    0.63850    0.01880
   1214.00000    0.92262    0.02774    0.64476    0.01892
   1460.00000    0.92560    0.02799    0.65964    0.01900
   1461.00000    0.96506    0.02796    0.62876    0.01911
   1462.00000    0.88454    0.02802    0.67838    0.01913
   1463.00000    0.95629    0.02827    0.66128    0.01914
   1464.00000    0.86462    0.02802    0.63057    0.01915
   1465.00000    0.88595    0.02783    0.62471    0.01931
   1466.00000    0.95569    0.02767    0.65556    0.01926
   1467.00000    0.88965    0.02752    0.66902    0.01916
   1468.00000    0.88816    0.02739    0.65877    0.01898
   1469.00000    0.95529    0.02746    0.65100    0.01887
   1470.00000    0.91960    0.02780    0.63569    0.01874
   1471.00000    0.91717    0.02766    0.65343    0.01902
   1472.00000    0.93904    0.02750    0.61951    0.01900
   1473.00000    0.94557    0.02776    0.65332    0.01889
   1474.00000    0.88345    0.02784    0.64365    0.01886
   1475.00000    0.92823    0.02778    0.60350    0.01903
   1476.00000    0.96257    0.02776    0.65932    0.01907
   1477.00000    0.93251    0.02781    0.65143    0.01906
   1478.00000    0.94804    0.02753    0.65103    0.01898
   1479.00000    0.91335    0.02775    0.61168    0.01918
   1480.00000    0.89303    0.02749    0.65812    0.01906
   1481.00000    0.92271    0.02751    0.66456    0.01897
   1482.00000    0.91039    0.02766    0.63382    0.01877
   1483.00000    0.91269    0.02745    0.60429    0.01887
   1484.00000    0.93301    0.02748    0.61698    0.01900
   1485.00000    0.87179    0.02758    0.61519    0.01884
   1486.00000    0.98327    0.02794    0.60834    0.01900
   1487.00000    0.94194    0.02810    0.64626    0.01907
   1488.00000    0.96639    0.02798    0.61152    0.01910
   1489.00000    0.92228    0.02795    0.64616    0.01911
   1490.00000    0.93157    0.02775    0.63622    0.01918
   1491.00000    0.95908    0.02768    0.64466    0.01926
   1492.00000    0.92390    0.02781    0.62115    0.01893
   1493.00000    0.90310    0.02762    0.61585    0.01902
   1494.00000    0.93706    0.02757    0.66219    0.01906
   1495.00000    0.90189    0.02738    0.65956    0.01891
   1496.00000    0.88881    0.02729    0.62769    0.01879
   1497.00000    0.91241    0.02746    0.62801    0.01872
   1498.00000    0.93684    0.02711    0.61196    0.01881
   1499.00000    0.88383    0.02676    0.64187    0.01874
   1500.00000    0.91540    0.02678    0.63181    0.01846
   1501.00000    0.94346    0.02687    0.63785    0.01840
   1502.00000    0.83729    0.02687    0.60270    0.01839
   1503.00000    0.88800    0.02721    0.64680    0.01854
   1504.00000    0.88963    0.02722    0.62632    0.01850
   1505.00000    0.89372    0.02714    0.63246    0.01864
   1506.00000    0.93815    0.02728    0.65157    0.01865
   1507.00000    0.92757    0.02718    0.63302    0.01863
   1508.00000    0.94036    0.02718    0.59395    0.01858
   1509.00000    0.92555    0.02731    0.66301    0.01861
   1510.00000    0.92959    0.02716    0.63929    0.01872
   1511.00000    0.89577    0.02717    0.65317    0.01873
   1512.00000    0.90236    0.02724    0.60216    0.01856
   1513.00000    0.87375    0.02708    0.60544    0.01867
   1514.00000    0.88020    0.02682    0.64154    0.01860
   1515.00000    0.86607    0.02669    0.62971    0.01845
   1516.00000    0.87548    0.02718    0.58423    0.01836
   1517.00000    0.94042    0.02684    0.63495    0.01835
   1518.00000    0.92174    0.02709    0.59249    0.01858
   1519.00000    0.90373    0.02701    0.60767    0.01849
   1520.00000    0.90279    0.02716    0.64411    0.01857
   1521.00000    0.94028    0.02730    0.62087    0.01855
   1522.00000    0.91900    0.02767    0.60719    0.01857
   1523.00000    0.93422    0.02779    0.66760    0.01876
   1524.00000    0.92812    0.02746    0.61490    0.01899
   1525.00000    0.92963    0.02749    0.61150    0.01892
   1526.00000    0.95553    0.02766    0.64656    0.01883
   1527.00000    0.92259    0.02763    0.62839    0.01890
   1528.00000    0.91629    0.02779    0.61299    0.01896
   1529.00000    0.91610    0.02778    0.62606    0.01895
   1530.00000    0.97161    0.02787    0.63451    0.01894
   1531.00000    0.90019    0.02791    0.62053    0.01909
   1532.00000    0.94852    0.02809    0.65618    0.01907
   1533.00000    0.92512    0.02788    0.64065    0.01924
   1534.00000    0.92822    0.02787    0.63604    0.01920
   1535.00000    0.97478    0.02789    0.67197    0.01914
   1536.00000    0.95741    0.02809    0.65138    0.01907
   1537.00000    0.91318    0.02808    0.64897    0.01924
   1538.00000    0.95428    0.02813    0.65736    0.01926
   1539.00000    0.92285    0.02815    0.65868    0.01939
   1540.00000    0.88902    0.02783    0.64961    0.01926
   1541.00000    0.95774    0.02796    0.62531    0.01921
   1542.00000    0.91641    0.02790    0.63191    0.01901
   1543.00000    0.96118    0.02802    0.63350    0.01909
   1544.00000    0.93485    0.02768    0.66967    0.01914
   1545.00000    0.94174    0.02774    0.63621    0.01905
   1546.00000    0.93177    0.02785    0.64960    0.01892
   1547.00000    0.87678    0.02807    0.63926    0.01899
   1548.00000    0.90776    0.02782    0.63020    0.01911
   1549.00000    0.89128    0.02767    0.64161    0.01917
   1550.00000    0.90812    0.02744    0.67704    0.01923
   1551.00000    0.96130    0.02756    0.62153    0.01895
   1552.00000    0.92332    0.02757    0.60464    0.01891
   1553.00000    0.90645    0.02763    0.62491    0.01877
   1554.00000    0.88680    0.02756    0.64269    0.01892
   1555.00000    0.91649    0.02732    0.63874    0.01904
   1556.00000    0.88056    0.02755    0.62977    0.01885
   1557.00000    0.95116    0.02764    0.62848    0.01877
   1558.00000    0.94497    0.02783    0.63359    0.01900
   1559.00000    0.93102    0.02796    0.62435    0.01891
   1560.00000    0.89448    0.02790    0.61881    0.01926
   1561.00000    0.91038    0.02785    0.61245    0.01924
   1562.00000    0.91040    0.02808    0.67107    0.01911
   1563.00000    0.90488    0.02787    0.64122    0.01921
   1564.00000    0.91944    0.02781    0.69823    0.01922
   1565.00000    0.95250    0.02808    0.64262    0.01911
   1566.00000    0.94252    0.02823    0.65005    0.01919
   1567.00000    0.89301    0.02812    0.65033    0.01934
   1568.00000    0.97759    0.02804    0.62699    0.01925
   1569.00000    0.94395    0.02812    0.66616    0.01931
   1570.00000    0.97274    0.02863    0.62864    0.01930
   1571.00000    0.95958    0.02846    0.64583    0.01937
   1572.00000    0.92986    0.02851    0.68465    0.01964
   1573.00000    0.93417    0.02836    0.66366    0.01951
   1574.00000    0.89079    0.02808    0.64000    0.01953
   1575.00000    0.92024    0.02779    0.65839    0.01941
   1576.00000    0.91458    0.02787    0.67213    0.01916
   1577.00000    0.93840    0.02777    0.63585    0.01918
   1578.00000    0.91595    0.02760    0.64074    0.01898
   1579.00000    0.95404    0.02784    0.63619    0.01896
   1825.00000    1.06434    0.03090    0.69372    0.02129
   1826.00000    1.11294    0.03120    0.71711    0.02115
   1827.00000    1.00872    0.03120    0.70312    0.02132
   1828.00000    1.07467    0.03158    0.71543    0.02145
   1829.00000    1.05960    0.03182    0.69800    0.02155
   1830.00000    1.09297    0.03175    0.72212    0.02175
   1831.00000    1.03049    0.03181    0.74184    0.02180
   1832.00000    1.07596    0.03189    0.74573    0.02188
   1833.00000    1.08735    0.03175    0.74234    0.02184
   1834.00000    1.03524    0.03162    0.72395    0.02184
   1835.00000    1.05594    0.03163    0.72866    0.02169
   1836.00000    1.06006    0.03194    0.72762    0.02176
   1837.00000    1.08422    0.03195    0.72550    0.02193
   1838.00000    1.06762    0.03176    0.75252    0.02194
   1839.00000    1.05899    0.03190    0.71659    0.02191
   1840.00000    1.11196    0.03156    0.71894    0.02172
   1841.00000    1.11330    0.03171    0.70588    0.02171
   1842.00000    1.05099    0.03162    0.67792    0.02163
   1843.00000    1.03497    0.03154    0.70321    0.02178
   1844.00000    1.10706    0.03176    0.74627    0.02176
   1845.00000    1.09705    0.03144    0.71641    0.02172
   1846.00000    0.99694    0.03160    0.69050    0.02166
   1847.00000    1.05768    0.03163    0.71047    0.02156
   1848.00000    1.02522    0.03149    0.70625    0.02154
   1849.00000    1.06997    0.03168    0.75846    0.02167
   1850.00000    1.03327    0.03170    0.72841    0.02169
   1851.00000    1.02280    0.03174    0.71576    0.02170
   1852.00000    1.05350    0.03197    0.73952    0.02165
   1853.00000    1.04619    0.03188    0.77905    0.02187
   1854.00000    1.07157    0.03177    0.72695    0.02197
   1855.00000    1.13245    0.03218    0.75947    0.02184
   1856.00000    1.03070    0.03230    0.71951    0.02194
   1857.00000    1.02454    0.03239    0.73632    0.02204
   1858.00000    1.03322    0.03182    0.75936    0.02225
   1859.00000    1.08895    0.03172    0.70814    0.02204
   1860.00000    1.05399    0.03125    0.75448    0.02180
   1861.00000    1.05309    0.03149    0.73105    0.02159
   1862.00000    1.09119    0.03145    0.69197    0.02151
   1863.00000    1.05461    0.03168    0.73350    0.02158
   1864.00000    1.02186    0.03161    0.68549    0.02165
   1865.00000    1.11560    0.03181    0.75415    0.02168
   1866.00000    1.03990    0.03185    0.76842    0.02190
   1867.00000    1.05123    0.03197    0.76072    0.02177
   1868.00000    1.07161    0.03194    0.74308    0.02191
   1869.00000    1.09317    0.03193    0.74796    0.02203
   1870.00000    1.02937    0.03200    0.72612    0.02184
   1871.00000    1.01172    0.03199    0.66666    0.02173
   1872.00000    1.07636    0.03210    0.71165    0.02182
   1873.00000    1.04517    0.03210    0.73927    0.02190
   1874.00000    1.09595    0.03219    0.72515    0.02201
   1875.00000    1.07367    0.03195    0.72533    0.02203
   1876.00000    1.06509    0.03163    0.74561    0.02211
   1877.00000    1.02714    0.03141    0.73310    0.02174
   1878.00000    1.01261    0.03127    0.72395    0.02170
   1879.00000    1.03603    0.03118    0.68333    0.02141
   1880.00000    1.03672    0.03114    0.71457    0.02137
   1881.00000    1.06342    0.03157    0.71169    0.02143
   1882.00000    1.07351    0.03130    0.71777    0.02152
   1883.00000    1.05079    0.03131    0.71941    0.02161
   1884.00000    1.06363    0.03131    0.70856    0.02134
   1885.00000    1.04970    0.03122    0.73554    0.02143
   1886.00000    1.06088    0.03117    0.71763    0.02141
   1887.00000    1.07565    0.03121    0.69621    0.02157
   1888.00000    1.10946    0.03135    0.70059    0.02139
   1889.00000    1.05106    0.03132    0.69611    0.02144
   1890.00000    1.03771    0.03155    0.70060    0.02150
   1891.00000    1.01501    0.03172    0.73624    0.02154
   1892.00000    1.06826    0.03199    0.70185    0.02165
   1893.00000    1.09323    0.03194    0.73644    0.02191
   1894.00000    1.11248    0.03202    0.67819    0.02190
   1895.00000    1.04212    0.03181    0.71394    0.02203
   1896.00000    1.04928    0.03185    0.69991    0.02179
   1897.00000    1.11095    0.03202    0.70919    0.02180
   1898.00000    1.09337    0.03204    0.74236    0.02187
   1899.00000    1.07096    0.03230    0.73461    0.02201
   1900.00000    1.07697    0.03226    0.69048    0.02196
   1901.00000    1.08567    0.03229    0.73931    0.02217
   1902.00000    1.05610    0.03232    0.75527    0.02224
   1903.00000    1.07384    0.03209    0.76589    0.02218
   1904.00000    1.06367    0.03202    0.72555    0.02214
   1905.00000    1.04265    0.03181    0.72153    0.02199
   1906.00000    1.08909    0.03190    0.71274    0.02201
   1907.00000    1.05448    0.03179    0.73690    0.02194
   1908.00000    1.06259    0.03193    0.69048    0.02181
   1909.00000    1.06671    0.03196    0.73438    0.02182
   1910.00000    1.05022    0.03213    0.70656    0.02187
   1911.00000    1.05008    0.03231    0.69601    0.02203
   1912.00000    1.08752    0.03219    0.74026    0.02209
   1913.00000    1.08971    0.03183    0.73327    0.02219
   1914.00000    1.00654    0.03192    0.77720    0.02204
   1915.00000    1.04472    0.03203    0.74314    0.02195
   1916.00000    1.07851    0.03193    0.73685    0.02190
   1917.00000    1.05205    0.03189    0.71598    0.02184
   1918.00000    1.12831    0.03163    0.72295    0.02189
   1919.00000    1.08016    0.03147    0.73473    0.02177
   1920.00000    1.07876    0.03112    0.75073    0.02166
   1921.00000    1.07255    0.03120    0.72841    0.02137
   1922.00000    1.06086    0.03136    0.74110    0.02144
   1923.00000    1.09281    0.03163    0.75659    0.02130
   1924.00000    1.08123    0.03153    0.68101    0.02158
   1925.00000    1.06536    0.03144    0.70803    0.02153
   1926.00000    1.06166    0.03146    0.70598    0.02160
   1927.00000    1.07535    0.03157    0.70312    0.02163
   1928.00000    1.12350    0.03135    0.70804    0.02159
   1929.00000    1.08249    0.03151    0.72469    0.02161
   1930.00000    1.06242    0.03152    0.71682    0.02150
   1931.00000    1.04681    0.03113    0.71517    0.02174
   1932.00000    1.04759    0.03071    0.74093    0.02145
   1933.00000    0.97725    0.03023    0.68276    0.02122
   1934.00000    1.04738    0.03015    0.68411    0.02096
   1935.00000    1.06864    0.03022    0.69818    0.02072
   1936.00000    1.01434    0.03022    0.70644    0.02072
   1937.00000    0.98069    0.03036    0.68664    0.02071
   1938.00000    1.01487    0.03049    0.68567    0.02076
   1939.00000    0.95498    0.03040    0.69323    0.02077
   1940.00000    1.07456    0.03066    0.70492    0.02089
   1941.00000    0.99984    0.03073    0.66584    0.02098
   1942.00000    1.02888    0.03078    0.70500    0.02110
   1943.00000    1.01400    0.03099    0.70986    0.02115
   1944.00000    1.02088    0.03085    0.72771    0.02110
   2190.00000    0.93266    0.02775    0.62415    0.01910
   2191.00000    0.87981    0.02764    0.64510    0.01917
   2192.00000    0.90546    0.02754    0.67123    0.01905
   2193.00000    0.82611    0.02740    0.62085    0.01878
   2194.00000    0.90606    0.02749    0.59693    0.01893
   2195.00000    0.95541    0.02751    0.58428    0.01887
   2196.00000    0.89362    0.02757    0.62259    0.01890
   2197.00000    0.94920    0.02767    0.60681    0.01888
   2198.00000    0.90589    0.02762    0.60316    0.01892
   2199.00000    0.91095    0.02792    0.60676    0.01884
   2200.00000    0.95502    0.02821    0.63462    0.01903
   2201.00000    0.94968    0.02825    0.62570    0.01929
   2202.00000    0.92911    0.02819    0.61783    0.01936
   2203.00000    0.98924    0.02852    0.62878    0.01929
   2204.00000    0.95892    0.02854    0.63875    0.01946
   2205.00000    0.95600    0.02875    0.66084    0.01953
   2206.00000    0.99544    0.02866    0.69351    0.01970
   2207.00000    0.92841    0.02864    0.66391    0.01963
   2208.00000    0.95031    0.02846    0.65358    0.01974
   2209.00000    0.89294    0.02832    0.64521    0.01954
   2210.00000    0.94702    0.02813    0.63011    0.01945
   2211.00000    0.96220    0.02792    0.68032    0.01943
   2212.00000    0.93215    0.02786    0.61009    0.01917
   2213.00000    0.99229    0.02832    0.61882    0.01924
   2214.00000    0.97835    0.02829    0.63675    0.01921
   2215.00000    0.92848    0.02861    0.67248    0.01945
   2216.00000    0.94287    0.02852    0.69192    0.01943
   2217.00000    0.98025    0.02862    0.65799    0.01959
   2218.00000    0.90509    0.02887    0.66135    0.01954
   2219.00000    0.94073    0.02873    0.67409    0.01975
   2220.00000    0.97905    0.02887    0.67534    0.01969
   2221.00000    0.92179    0.02877    0.65598    0.01966
   2222.00000    0.95720    0.02862    0.63227    0.01978
   2223.00000    0.97664    0.02819    0.68692    0.01969
   2224.00000    0.92756    0.02838    0.64966    0.01961
   2225.00000    0.90828    0.02830    0.64959    0.01941
   2226.00000    0.94062    0.02838    0.62413    0.01943
   2227.00000    0.90050    0.02842    0.64851    0.01948
   2228.00000    0.92855    0.02829    0.65797    0.01954
   2229.00000    0.94191    0.02873    0.67425    0.01944
   2230.00000    0.95999    0.02869    0.68544    0.01947
   2231.00000    0.92117    0.02833    0.66183    0.01964
   2232.00000    0.91041    0.02798    0.66033    0.01959
   2233.00000    0.93843    0.02800    0.61374    0.01937
   2234.00000    0.95749    0.02818    0.65885    0.01924
   2235.00000    0.90896    0.02794    0.67894    0.01923
   2236.00000    0.91584    0.02800    0.64723    0.01922
   2237.00000    0.88073    0.02833    0.63419    0.01927
   2238.00000    0.99809    0.02849    0.64434    0.01909
   2239.00000    0.97520    0.02853    0.64059    0.01942
   2240.00000    0.93947    0.02828    0.66076    0.01948
   2241.00000    0.89712    0.02848    0.67523    0.01950
   2242.00000    0.94224    0.02862    0.63268    0.01948
   2243.00000    0.95928    0.02902    0.68642    0.01955
   2244.00000    0.94800    0.02912    0.68425    0.01983
   2245.00000    1.00558    0.02884    0.67623    0.01994
   2246.00000    0.94618    0.02884    0.66646    0.01991
   2247.00000    0.96782    0.02877    0.67387    0.01984
   2248.00000    0.95639    0.02895    0.63733    0.01974
   2249.00000    0.99595    0.02948    0.65330    0.01965
   2250.00000    0.97676    0.02950    0.68056    0.01987
   2251.00000    0.95692    0.02931    0.68343    0.02022
   2252.00000    0.94013    0.02918    0.69477    0.02019
   2253.00000    1.01254    0.02932    0.65304    0.02002
   2254.00000    0.98965    0.02928    0.70419    0.02003
   2255.00000    0.96971    0.02935    0.65992    0.02007
   2256.00000    0.95550    0.02916    0.61415    0.02006
   2257.00000    0.99754    0.02906    0.71235    0.02011
   2258.00000    0.91428    0.02892    0.64938    0.01994
   2259.00000    0.88756    0.02898    0.66223    0.01978
   2260.00000    0.98471    0.02900    0.62455    0.01977
   2261.00000    0.99087    0.02942    0.66022    0.01984
   2262.00000    0.99419    0.02960    0.69845    0.02003
   2263.00000    0.99745    0.02982    0.65791    0.02016
   2264.00000    0.93856    0.02964    0.69080    0.02046
   2265.00000    0.99394    0.02981    0.65278    0.02040
   2266.00000    1.00992    0.02958    0.67782    0.02029
   2267.00000    1.01684    0.02933    0.69711    0.02046
   2268.00000    0.98090    0.02933    0.67036    0.02019
   2269.00000    0.96733    0.02933    0.66797    0.01997
   2270.00000    0.97360    0.02927    0.65359    0.02015
   2271.00000    1.01126    0.02922    0.64762    0.02006
   2272.00000    0.97093    0.02930    0.66165    0.02010
   2273.00000    0.97844    0.02934    0.65354    0.01997
   2274.00000    0.96744    0.02955    0.68832    0.02012
   2275.00000    0.97971    0.02932    0.69764    0.02022
   2276.00000    0.94568    0.02898    0.65175    0.02024
   2277.00000    0.99856    0.02903    0.63412    0.01991
   2278.00000    0.95895    0.02923    0.72423    0.01998
   2279.00000    0.91359    0.02888    0.65462    0.01989
   2280.00000    0.95627    0.02898    0.62425    0.01997
   2281.00000    0.96457    0.02881    0.64484    0.01987
   2282.00000    0.96789    0.02870    0.64562    0.01982
   2283.00000    0.91960    0.02872    0.61458    0.01971
   2284.00000    0.92949    0.02888    0.66888    0.01980
   2285.00000    0.92916    0.02908    0.71614    0.01985
   2286.00000    0.92899    0.02920    0.65743    0.01981
   2287.00000    0.96010    0.02904    0.66975    0.01997
   2288.00000    0.96987    0.02878    0.64713    0.01990
   2289.00000    1.00876    0.02862    0.70875    0.01981
   2290.00000    0.92117    0.02853    0.67356    0.01976
   2291.00000    1.03738    0.02843    0.65962    0.01964
   2292.00000    0.96400    0.02844    0.68605    0.01959
   2293.00000    0.99270    0.02839    0.61810    0.01947
   2294.00000    0.93756    0.02846    0.62674    0.01946
   2295.00000    0.95047    0.02865    0.65964    0.01952
   2296.00000    0.97481    0.02854    0.65940    0.01967
   2297.00000    0.92874    0.02861    0.61677    0.01958
   2298.00000    0.93876    0.02905    0.64972    0.01962
   2299.00000    0.96988    0.02913    0.65704    0.01977
   2300.00000    1.00919    0.02917    0.62478    0.01988
   2301.00000    0.91296    0.02896    0.65277    0.01998
   2302.00000    0.93835    0.02849    0.67192    0.01996
   2303.00000    0.93911    0.02850    0.67123    0.01974
   2304.00000    0.96652    0.02841    0.65954    0.01961
   2305.00000    1.00939    0.02846    0.64305    0.01951
   2306.00000    0.92598    0.02823    0.64407    0.01946
   2307.00000    0.94958    0.02829    0.63961    0.01937
   2308.00000    0.94373    0.02806    0.63341    0.01925
   2309.00000    0.93642    0.02806    0.64071    0.01949
   2555.00000    0.86160    0.02638    0.65064    0.01847
   2556.00000    0.90053    0.02658    0.61542    0.01822
   2557.00000    0.88311    0.02637    0.59472    0.01819
   2558.00000    0.84842    0.02628    0.60790    0.01817
   2559.00000    0.92453    0.02631    0.61765    0.01794
   2560.00000    0.82265    0.02644    0.58029    0.01802
   2561.00000    0.86892    0.02678    0.60874    0.01816
   2562.00000    0.92793    0.02648    0.61354    0.01821
   2563.00000    0.84536    0.02621    0.61387    0.01824
   2564.00000    0.87484    0.02631    0.58978    0.01806
   2565.00000    0.89696    0.02598    0.58970    0.01794
   2566.00000    0.85638    0.02628    0.61598    0.01795
   2567.00000    0.88583    0.02634    0.59827    0.01792
   2568.00000    0.89596    0.02645    0.59127    0.01805
   2569.00000    0.92046    0.02673    0.60172    0.01809
   2570.00000    0.89652    0.02707    0.60808    0.01828
   2571.00000    0.90791    0.02710    0.60972    0.01846
   2572.00000    0.89560    0.02717    0.59853    0.01867
   2573.00000    0.89570    0.02754    0.62349    0.01852
   2574.00000    0.94210    0.02770    0.60802    0.01864
   2575.00000    0.90207    0.02786    0.59751    0.01898
   2576.00000    0.91571    0.02764    0.61964    0.01913
   2577.00000    0.94656    0.02776    0.65344    0.01898
   2578.00000    0.91232    0.02788    0.66488    0.01900
   2579.00000    0.97109    0.02767    0.62879    0.01903
   2580.00000    0.94382    0.02777    0.67869    0.01901
   2581.00000    0.92908    0.02765    0.65307    0.01912
   2582.00000    0.92935    0.02759    0.60863    0.01907
   2583.00000    0.97653    0.02785    0.63930    0.01897
   2584.00000    0.93058    0.02798    0.61913    0.01905
   2585.00000    0.96629    0.02800    0.63647    0.01911
   2586.00000    0.94532    0.02804    0.62016    0.01919
   2587.00000    0.99613    0.02814    0.66120    0.01921
   2588.00000    0.92209    0.02847    0.65988    0.01928
   2589.00000    0.95551    0.02840    0.65550    0.01936
   2590.00000    0.93851    0.02846    0.64578    0.01964
   2591.00000    0.98380    0.02887    0.64889    0.01949
   2592.00000    0.98885    0.02865    0.67124    0.01967
   2593.00000    0.94507    0.02835    0.64868    0.01964
   2594.00000    0.95415    0.02826    0.67491    0.01954
   2595.00000    0.89513    0.02822    0.67802    0.01945
   2596.00000    0.91341    0.02796    0.65459    0.01934
   2597.00000    0.93239    0.02822    0.63573    0.01942
   2598.00000    0.96633    0.02832    0.59999    0.01920
   2599.00000    0.94026    0.02775    0.65423    0.01927
   2600.00000    0.94740    0.02776    0.67279    0.01917
   2601.00000    0.95928    0.02757    0.61693    0.01903
   2602.00000    0.97912    0.02770    0.63764    0.01890
   2603.00000    0.92920    0.02747    0.61731    0.01902
   2604.00000    0.88880    0.02738    0.64679    0.01891
   2605.00000    0.88793    0.02720    0.59884    0.01883
   2606.00000    0.92429    0.02740    0.64428    0.01876
   2607.00000    0.95992    0.02768    0.63915    0.01872
   2608.00000    0.95598    0.02767    0.62384    0.01889
   2609.00000    0.89847    0.02776    0.60281    0.01898
   2610.00000    0.95125    0.02780    0.63563    0.01895
   2611.00000    0.90604    0.02794    0.62047    0.01908
   2612.00000    0.91204    0.02790    0.63554    0.01917
   2613.00000    0.92508    0.02797    0.65355    0.01919
   2614.00000    0.90410    0.02795    0.63256    0.01914
   2615.00000    0.90978    0.02802    0.65002    0.01916
   2616.00000    0.90013    0.02802    0.62453    0.01927
   2617.00000    0.89947    0.02789    0.62643    0.01919
   2618.00000    0.94229    0.02778    0.65315    0.01915
   2619.00000    0.93850    0.02752    0.63996    0.01907
   2620.00000    0.97126    0.02750    0.63561    0.01903
   2621.00000    0.88100    0.02759    0.62774    0.01889
   2622.00000    0.92260    0.02751    0.64484    0.01891
   2623.00000    0.95931    0.02805    0.65380    0.01894
   2624.00000    0.94744    0.02793    0.62644    0.01897
   2625.00000    0.92859    0.02777    0.60762    0.01918
   2626.00000    0.93718    0.02808    0.62940    0.01903
   2627.00000    0.92831    0.02808    0.61624    0.01923
   2628.00000    0.95530    0.02806    0.67646    0.01930
   2629.00000    0.90960    0.02778    0.65825    0.01913
   2630.00000    0.90942    0.02790    0.64941    0.01923
   2631.00000    0.92445    0.02793    0.62190    0.01900
   2632.00000    0.92689    0.02819    0.64229    0.01915
   2633.00000    0.96636    0.02843    0.63881    0.01919
   2634.00000    0.95325    0.02857    0.67767    0.01940
   2635.00000    0.96835    0.02865    0.64107    0.01956
   2636.00000    0.94282    0.02838    0.66034    0.01955
   2637.00000    1.00306    0.02880    0.64922    0.01958
   2638.00000    0.95557    0.02861    0.64725    0.01954
   2639.00000    0.98743    0.02870    0.67813    0.01964
   2640.00000    0.96613    0.02862    0.65759    0.01967
   2641.00000    1.00139    0.02875    0.63196    0.01951
   2642.00000    1.00103    0.02863    0.68519    0.01970
   2643.00000    0.99419    0.02881    0.63911    0.01957
   2644.00000    0.98035    0.02909    0.66502    0.01969
   2645.00000    0.93922    0.02917    0.66093    0.01971
   2646.00000    0.93082    0.02912    0.67302    0.01998
   2647.00000    0.95484    0.02898    0.64768    0.01989
   2648.00000    0.95216    0.02897    0.65490    0.02001
   2649.00000    0.98377    0.02884    0.68480    0.01978
   2650.00000    0.94775    0.02901    0.64843    0.01983
   2651.00000    0.95516    0.02911    0.64569    0.01974
   2652.00000    0.98762    0.02925    0.68484    0.01995
   2653.00000    0.97319    0.02966    0.64786    0.01999
   2654.00000    1.02065    0.02965    0.66801    0.02014
   2655.00000    0.98030    0.02973    0.68010    0.02034
   2656.00000    0.98093    0.02970    0.70191    0.02041
   2657.00000    1.05375    0.02984    0.64200    0.02045
   2658.00000    0.95451    0.02991    0.67653    0.02031
   2659.00000    0.96340    0.02986    0.68182    0.02061
   2660.00000    0.97858    0.02994    0.64232    0.02051
   2661.00000    1.02981    0.02978    0.68521    0.02052
   2662.00000    0.99752    0.02938    0.67628    0.02048
   2663.00000    0.94818    0.02918    0.64525    0.02033
   2664.00000    0.99498    0.02910    0.66144    0.02019
   2665.00000    1.00597    0.02918    0.66528    0.01993
   2666.00000    0.95231    0.02905    0.68908    0.01988
   2667.00000    0.96235    0.02904    0.68666    0.01995
   2668.00000    0.95320    0.02903    0.63753    0.01991
   2669.00000    0.99235    0.02896    0.67399    0.01984
   2670.00000    0.99101    0.02910    0.64821    0.01987
   2671.00000    0.95211    0.02922    0.64411    0.01998
   2672.00000    1.02599    0.02940    0.65098    0.02003
   2673.00000    1.00084    0.02949    0.67849    0.02019
   2674.00000    1.00958    0.02957    0.69254    0.02011
   2920.00000    0.93170    0.02857    0.64197    0.01959
   2921.00000    0.97990    0.02861    0.63001    0.01954
   2922.00000    0.96008    0.02817    0.66619    0.01967
   2923.00000    0.96887    0.02823    0.61641    0.01942
   2924.00000    0.90755    0.02822    0.64729    0.01927
   2925.00000    0.94153    0.02838    0.65473    0.01937
   2926.00000    0.98412    0.02876    0.62755    0.01948
   2927.00000    0.93813    0.02855    0.62952    0.01962
   2928.00000    0.95846    0.02875    0.63702    0.01969
   2929.00000    0.96627    0.02853    0.65565    0.01970
   2930.00000    0.89718    0.02833    0.65804    0.01967
   2931.00000    0.92916    0.02822    0.65329    0.01942
   2932.00000    0.90780    0.02811    0.63368    0.01940
   2933.00000    0.95051    0.02822    0.59991    0.01927
   2934.00000    0.98309    0.02841    0.63295    0.01939
   2935.00000    0.91998    0.02832    0.68440    0.01948
   2936.00000    0.96511    0.02829    0.64141    0.01957
   2937.00000    0.96485    0.02846    0.66750    0.01937
   2938.00000    0.93404    0.02832    0.67038    0.01946
   2939.00000    0.97504    0.02831    0.60449    0.01940
   2940.00000    0.94357    0.02854    0.66307    0.01944
   2941.00000    0.97870    0.02873    0.62129    0.01949
   2942.00000    1.02487    0.02881    0.65338    0.01960
   2943.00000    0.94562    0.02840    0.64692    0.01970
   2944.00000    1.01844    0.02869    0.67193    0.01961
   2945.00000    0.92576    0.02863    0.63576    0.01965
   2946.00000    0.94249    0.02861    0.64823    0.01964
   2947.00000    0.94259    0.02831    0.66596    0.01970
   2948.00000    0.85933    0.02821    0.62703    0.01944
   2949.00000    0.93625    0.02838    0.67210    0.01945
   2950.00000    1.01200    0.02867    0.66635    0.01937
   2951.00000    0.95557    0.02860    0.62694    0.01940
   2952.00000    0.94830    0.02866    0.63776    0.01966
   2953.00000    0.90877    0.02854    0.61791    0.01969
   2954.00000    0.99998    0.02842    0.64703    0.01961
   2955.00000    0.90485    0.02860    0.61123    0.01961
   2956.00000    0.95081    0.02834    0.67613    0.01949
   2957.00000    0.92680    0.02850    0.64132    0.01957
   2958.00000    0.95701    0.02863    0.64841    0.01944
   2959.00000    0.99212    0.02832    0.65551    0.01958
   2960.00000    0.92249    0.02835    0.66701    0.01958
   2961.00000    0.96644    0.02833    0.67861    0.01947
   2962.00000    0.97026    0.02858    0.64935    0.01956
   2963.00000    0.91890    0.02863    0.67552    0.01946
   2964.00000    0.93864    0.02881    0.66718    0.01964
   2965.00000    0.95260    0.02900    0.63783    0.01965
   2966.00000    0.98489    0.02902    0.63217    0.01976
   2967.00000    1.01505    0.02879    0.63631    0.01979
   2968.00000    0.97584    0.02878    0.66314    0.01981
   2969.00000    0.96332    0.02877    0.67834    0.01976
   2970.00000    0.98027    0.02866    0.62627    0.01970
   2971.00000    0.94936    0.02849    0.64226    0.01972
   2972.00000    0.92173    0.02889    0.67631    0.01972
   2973.00000    0.95411    0.02885    0.65643    0.01957
   2974.00000    0.98580    0.02874    0.67325    0.01978
   2975.00000    0.98320    0.02898    0.66981    0.01991
   2976.00000    0.91610    0.02918    0.68590    0.01977
   2977.00000    0.99388    0.02940    0.67262    0.01990
   2978.00000    1.02887    0.02952    0.66712    0.01999
   2979.00000    0.98936    0.02940    0.67730    0.02017
   2980.00000    0.95639    0.02963    0.65939    0.02009
   2981.00000    0.91608    0.02918    0.67297    0.02028
   2982.00000    0.97545    0.02946    0.69103    0.02017
   2983.00000    0.99743    0.02933    0.68158    0.02007
   2984.00000    1.00269    0.02916    0.66921    0.02013
   2985.00000    0.94737    0.02927    0.64129    0.01998
   2986.00000    0.90658    0.02952    0.71675    0.01995
   2987.00000    1.03632    0.02954    0.65918    0.02011
   2988.00000    1.02242    0.02926    0.70203    0.02031
   2989.00000    0.93954    0.02916    0.66986    0.02014
   2990.00000    0.98927    0.02944    0.65155    0.01998
   2991.00000    0.93020    0.02938    0.67523    0.02009
   2992.00000    0.95963    0.02944    0.68696    0.02016
   2993.00000    1.02442    0.02964    0.66474    0.02013
   2994.00000    1.02499    0.02967    0.69053    0.02022
   2995.00000    0.98205    0.02973    0.66825    0.02035
   2996.00000    1.01386    0.02997    0.67307    0.02039
   2997.00000    1.01081    0.03006    0.67097    0.02035
   2998.00000    0.94533    0.02993    0.69602    0.02062
   2999.00000    1.01062    0.03010    0.65537    0.02057
   3000.00000    1.03716    0.03019    0.69862    0.02058
   3001.00000    1.00651    0.03040    0.71278    0.02066
   3002.00000    1.03372    0.03065    0.67564    0.02083
   3003.00000    1.01325    0.03072    0.69825    0.02086
   3004.00000    1.02965    0.03065    0.71552    0.02094
   3005.00000    1.03997    0.03089    0.71592    0.02102
   3006.00000    0.99885    0.03096    0.65579    0.02098
   3007.00000    1.03892    0.03098    0.72176    0.02123
   3008.00000    1.01436    0.03082    0.70743    0.02122
   3009.00000    1.04937    0.03097    0.73169    0.02111
   3010.00000    1.02880    0.03055    0.73387    0.02106
   3011.00000    1.00767    0.03063    0.74520    0.02114
   3012.00000    0.98714    0.03104    0.72524    0.02101
   3013.00000    1.05052    0.03109    0.68388    0.02103
   3014.00000    1.04965    0.03136    0.71893    0.02129
   3015.00000    1.06090    0.03152    0.69552    0.02137
   3016.00000    1.01137    0.03112    0.74912    0.02159
   3017.00000    1.01629    0.03115    0.71440    0.02150
   3018.00000    1.02379    0.03143    0.70977    0.02146
   3019.00000    1.07490    0.03129    0.69114    0.02147
   3020.00000    1.04795    0.03155    0.70447    0.02156
   3021.00000    1.06777    0.03147    0.78188    0.02154
   3022.00000    1.08527    0.03137    0.73054    0.02162
   3023.00000    1.03771    0.03118    0.74767    0.02148
   3024.00000    1.01586    0.03143    0.68799    0.02142
   3025.00000    0.98343    0.03128    0.72308    0.02143
   3026.00000    1.06326    0.03096    0.73302    0.02154
   3027.00000    1.02560    0.03083    0.72699    0.02140
   3028.00000    1.08596    0.03113    0.66575    0.02120
   3029.00000    1.04238    0.03083    0.72111    0.02119
   3030.00000    0.97767    0.03045    0.71319    0.02130
   3031.00000    1.03639    0.03083    0.74280    0.02103
   3032.00000    1.06116    0.03069    0.70559    0.02110
   3033.00000    0.96173    0.03072    0.70400    0.02112
   3034.00000    1.01261    0.03075    0.72087    0.02106
   3035.00000    1.05217    0.03088    0.67144    0.02103
   3036.00000    1.02445    0.03080    0.67719    0.02115
   3037.00000    1.06442    0.03093    0.71148    0.02110
   3038.00000    1.05048    0.03113    0.69011    0.02110
   3039.00000    1.07466    0.03102    0.68795    0.02119
   3285.00000    0.96149    0.02837    0.64407    0.01946
   3286.00000    0.91244    0.02846    0.63200    0.01940
   3287.00000    0.88879    0.02861    0.63992    0.01952
   3288.00000    0.91752    0.02826    0.66075    0.01951
   3289.00000    0.89112    0.02826    0.66230    0.01945
   3290.00000    0.96794    0.02827    0.62370    0.01948
   3291.00000    0.94653    0.02831    0.63929    0.01947
   3292.00000    0.94155    0.02858    0.63977    0.01934
   3293.00000    0.95524    0.02875    0.62270    0.01955
   3294.00000    0.91384    0.02849    0.62987    0.01965
   3295.00000    0.95475    0.02841    0.69184    0.01970
   3296.00000    0.96610    0.02830    0.63655    0.01957
   3297.00000    0.89794    0.02833    0.69162    0.01950
   3298.00000    0.89005    0.02815    0.64077    0.01937
   3299.00000    0.95061    0.02824    0.59839    0.01940
   3300.00000    0.92005    0.02798    0.63969    0.01933
   3301.00000    0.96806    0.02755    0.65268    0.01938
   3302.00000    0.95199    0.02777    0.61445    0.01905
   3303.00000    0.88866    0.02735    0.66486    0.01906
   3304.00000    0.86957    0.02744    0.61403    0.01899
   3305.00000    0.91707    0.02739    0.61376    0.01873
   3306.00000    0.96268    0.02729    0.61604    0.01888
   3307.00000    0.94931    0.02732    0.60152    0.01869
   3308.00000    0.89083    0.02719    0.63384    0.01866
   3309.00000    0.94236    0.02737    0.63516    0.01873
   3310.00000    0.90985    0.02742    0.60774    0.01861
   3311.00000    0.87690    0.02708    0.63697    0.01879
   3312.00000    0.93604    0.02680    0.60556    0.01869
   3313.00000    0.91173    0.02674    0.61849    0.01856
   3314.00000    0.94725    0.02716    0.64664    0.01844
   3315.00000    0.86266    0.02705    0.61919    0.01854
   3316.00000    0.90765    0.02686    0.58154    0.01851
   3317.00000    0.87542    0.02649    0.64171    0.01850
   3318.00000    0.90531    0.02666    0.61382    0.01836
   3319.00000    0.87715    0.02684    0.60923    0.01817
   3320.00000    0.88620    0.02668    0.61077    0.01831
   3321.00000    0.86645    0.02668    0.61856    0.01831
   3322.00000    0.86850    0.02666    0.60211    0.01839
   3323.00000    0.87568    0.02672    0.62028    0.01827
   3324.00000    0.88266    0.02684    0.61999    0.01823
   3325.00000    0.92078    0.02709    0.64522    0.01835
   3326.00000    0.88313    0.02732    0.62505    0.01852
   3327.00000    0.91726    0.02713    0.60679    0.01867
   3328.00000    0.93290    0.02745    0.64202    0.01868
   3329.00000    0.95886    0.02753    0.62186    0.01872
   3330.00000    0.94530    0.02770    0.63726    0.01890
   3331.00000    0.93955    0.02768    0.64532    0.01881
   3332.00000    0.85804    0.02755    0.64401    0.01896
   3333.00000    0.88256    0.02739    0.58807    0.01897
   3334.00000    0.88627    0.02732    0.62123    0.01884
   3335.00000    0.89449    0.02716    0.64493    0.01873
   3336.00000    0.90462    0.02735    0.62053    0.01860
   3337.00000    0.93344    0.02746    0.64096    0.01870
   3338.00000    0.94139    0.02748    0.64045    0.01877
   3339.00000    0.89465    0.02755    0.64661    0.01893
   3340.00000    0.90106    0.02772    0.63902    0.01899
   3341.00000    0.93912    0.02782    0.62217    0.01888
   3342.00000    0.91098    0.02778    0.62666    0.01904
   3343.00000    0.95335    0.02804    0.65237    0.01905
   3344.00000    0.92516    0.02791    0.63800    0.01904
   3345.00000    0.92991    0.02784    0.64425    0.01914
   3346.00000    0.93684    0.02763    0.63924    0.01916
   3347.00000    0.86856    0.02801    0.66134    0.01901
   3348.00000    0.90736    0.02794    0.64665    0.01896
   3349.00000    0.91157    0.02806    0.64518    0.01922
   3350.00000    0.96007    0.02787    0.60398    0.01919
   3351.00000    0.90750    0.02819    0.66623    0.01931
   3352.00000    0.96748    0.02821    0.63251    0.01925
   3353.00000    0.94835    0.02827    0.62555    0.01928
   3354.00000    0.83805    0.02850    0.64801    0.01949
   3355.00000    0.95460    0.02862    0.68279    0.01946
   3356.00000    0.95805    0.02860    0.65730    0.01949
   3357.00000    0.97459    0.02854    0.64465    0.01956
   3358.00000    0.95451    0.02851    0.62644    0.01951
   3359.00000    0.91629    0.02840    0.63797    0.01943
   3360.00000    1.01884    0.02847    0.64689    0.01952
   3361.00000    0.97425    0.02805    0.62123    0.01951
   3362.00000    0.93160    0.02814    0.61721    0.01943
   3363.00000    0.89929    0.02835    0.67950    0.01926
   3364.00000    0.95319    0.02837    0.65904    0.01932
   3365.00000    0.95785    0.02854    0.64504    0.01945
   3366.00000    0.94745    0.02859    0.67127    0.01952
   3367.00000    0.94135    0.02870    0.65789    0.01968
   3368.00000    0.89709    0.02863    0.67856    0.01965
   3369.00000    0.96051    0.02863    0.65862    0.01966
   3370.00000    0.97733    0.02865    0.66521    0.01965
   3371.00000    0.97593    0.02838    0.65190    0.01969
   3372.00000    0.98681    0.02858    0.64385    0.01959
   3373.00000    0.95747    0.02832    0.66297    0.01951
   3374.00000    0.94720    0.02819    0.64649    0.01949
   3375.00000    0.94466    0.02806    0.60432    0.01941
   3376.00000    0.94165    0.02788    0.62074    0.01932
   3377.00000    0.90356    0.02816    0.64835    0.01911
   3378.00000    0.94684    0.02787    0.64483    0.01925
   3379.00000    0.90901    0.02777    0.61171    0.01916
   3380.00000    0.92814    0.02778    0.60573    0.01905
   3381.00000    0.87546    0.02797    0.63821    0.01902
   3382.00000    0.94339    0.02817    0.66060    0.01915
   3383.00000    0.91876    0.02811    0.66221    0.01921
   3384.00000    0.99653    0.02862    0.64642    0.01921
   3385.00000    0.92809    0.02887    0.62171    0.01937
   3386.00000    0.93315    0.02842    0.67127    0.01963
   3387.00000    0.87867    0.02827    0.65495    0.01966
   3388.00000    0.94264    0.02834    0.64508    0.01936
   3389.00000    0.97169    0.02858    0.67505    0.01949
   3390.00000    0.96443    0.02850    0.66073    0.01954
   3391.00000    0.94504    0.02885    0.64129    0.01950
   3392.00000    0.97785    0.02879    0.63877    0.01961
   3393.00000    0.93133    0.02889    0.69539    0.01974
   3394.00000    0.96806    0.02869    0.63958    0.01963
   3395.00000    0.92173    0.02871    0.69482    0.01976
   3396.00000    0.98231    0.02875    0.67261    0.01969
   3397.00000    0.95450    0.02877    0.64387    0.01971
   3398.00000    0.94015    0.02890    0.64677    0.01973
   3399.00000    0.97502    0.02892    0.68545    0.01978
   3400.00000    0.94385    0.02902    0.67324    0.01997
   3401.00000    0.99743    0.02889    0.65301    0.01982
   3402.00000    0.98755    0.02869    0.62190    0.01985
   3403.00000    0.95398    0.02889    0.68301    0.01971
   3404.00000    0.87108    0.02871    0.65520    0.01958
