## Time Delay Challenge light curves
##
## [time]=days, [lc]=[err]=flux in nanomaggies
##
##       time       lc_A      err_A       lc_B      err_B
##-------------------------------------------------------
      0.00000   39.26902    1.16561   17.90340    0.54992
      1.00000   38.61273    1.15294   18.36650    0.55292
      2.00000   39.44670    1.14759   17.87016    0.55356
      3.00000   38.96938    1.14958   19.07924    0.55613
      4.00000   40.18754    1.16760   18.97166    0.55110
      5.00000   39.94638    1.17460   19.02201    0.54966
      6.00000   42.80939    1.18089   19.00281    0.55522
      7.00000   39.26976    1.17384   18.87465    0.54678
      8.00000   40.64613    1.16663   18.33069    0.54404
      9.00000   39.64621    1.16315   18.80152    0.54263
     10.00000   38.94909    1.15855   17.67423    0.53211
     11.00000   37.76282    1.15984   18.51794    0.54158
     12.00000   36.41994    1.14760   18.35324    0.54293
     13.00000   39.90859    1.15134   17.04856    0.53444
     14.00000   37.80579    1.15458   17.13856    0.52354
     15.00000   39.14058    1.17100   17.39864    0.52456
     16.00000   37.41422    1.15854   17.78749    0.52569
     17.00000   39.12432    1.15299   17.86523    0.52343
     18.00000   38.84894    1.15926   17.78070    0.52544
     19.00000   39.08944    1.15810   17.83232    0.51951
     20.00000   40.17588    1.18030   17.27904    0.51576
     21.00000   39.31863    1.18651   16.37257    0.51988
     22.00000   37.90401    1.17058   17.31550    0.51760
     23.00000   38.89391    1.17167   17.28426    0.51291
     24.00000   37.37897    1.15501   17.33239    0.50575
     25.00000   37.67846    1.13861   16.54815    0.49982
     26.00000   39.24134    1.12445   15.92199    0.49129
     27.00000   35.72373    1.13741   16.41544    0.49802
     28.00000   36.35748    1.12867   16.81355    0.50634
     29.00000   38.15501    1.13056   17.42925    0.51196
     30.00000   38.02167    1.12694   16.63188    0.50462
     31.00000   39.99950    1.10514   16.06101    0.50464
     32.00000   36.11062    1.07506   16.36971    0.50385
     33.00000   35.12825    1.08065   16.50868    0.49822
     34.00000   33.40777    1.07970   17.03754    0.49503
     35.00000   36.98026    1.08055   15.98123    0.49707
     36.00000   38.20834    1.08560   16.89593    0.50017
     37.00000   34.79075    1.08114   16.99497    0.50198
     38.00000   36.73734    1.07733   16.44359    0.49858
     39.00000   37.80293    1.08678   16.93047    0.49864
     40.00000   37.40007    1.07682   17.10400    0.49632
     41.00000   35.16422    1.08111   17.20008    0.50011
     42.00000   33.24598    1.07376   18.08335    0.50331
     43.00000   35.85855    1.07710   16.63771    0.50442
     44.00000   35.43182    1.06359   16.10692    0.49766
     45.00000   37.73983    1.05518   15.80397    0.50479
     46.00000   35.05430    1.05528   17.20715    0.50416
     47.00000   34.93503    1.03776   16.61039    0.49990
     48.00000   34.07096    1.03132   17.21822    0.50294
     49.00000   33.73111    1.00703   15.86206    0.49944
     50.00000   32.80462    0.99533   16.73896    0.49806
     51.00000   32.71251    0.98513   16.97614    0.50071
     52.00000   32.07846    0.96749   16.41532    0.49667
     53.00000   32.55645    0.96655   16.96044    0.49630
     54.00000   31.02301    0.95700   16.89357    0.50018
     55.00000   32.93534    0.95564   15.61036    0.49454
     56.00000   31.31101    0.95205   15.63725    0.48928
     57.00000   29.51809    0.94275   16.54069    0.49262
     58.00000   30.40620    0.92827   16.42910    0.50507
     59.00000   30.59537    0.93367   17.09051    0.50895
     60.00000   30.19344    0.94170   17.40810    0.51333
     61.00000   31.78973    0.93776   16.89270    0.50698
     62.00000   29.32928    0.92503   16.47897    0.51283
     63.00000   30.74481    0.92080   17.53405    0.51349
     64.00000   30.91005    0.92373   17.24802    0.51765
     65.00000   28.10076    0.91710   17.26126    0.51395
     66.00000   31.48038    0.92186   17.11985    0.51772
     67.00000   31.35060    0.92329   17.14438    0.52174
     68.00000   30.91944    0.91244   17.77799    0.51803
     69.00000   28.66630    0.91520   17.26357    0.52417
     70.00000   29.91409    0.91773   18.52011    0.52073
     71.00000   28.22766    0.91846   16.98458    0.52691
     72.00000   30.93127    0.92418   18.48411    0.53262
     73.00000   31.29605    0.94502   16.91693    0.52604
     74.00000   32.24976    0.94502   17.84240    0.52202
     75.00000   30.80526    0.95050   16.26001    0.52519
     76.00000   30.36937    0.95032   17.95539    0.51906
     77.00000   32.57825    0.96868   18.48128    0.52594
     78.00000   31.25005    0.95413   18.56585    0.52864
     79.00000   32.69137    0.95362   17.14418    0.53825
     80.00000   32.23430    0.95355   18.24886    0.52188
     81.00000   32.51148    0.95622   17.16552    0.52467
     82.00000   33.44929    0.96688   18.59439    0.53489
     83.00000   30.83528    0.95414   18.11114    0.53486
     84.00000   32.22794    0.95352   17.61639    0.54525
     85.00000   31.94040    0.96310   18.09129    0.54589
     86.00000   33.25558    0.96751   18.12246    0.54428
     87.00000   31.72552    0.98374   18.42745    0.53903
     88.00000   32.47770    0.97678   17.76848    0.54310
     89.00000   33.26156    0.97684   17.60831    0.55080
     90.00000   34.88328    0.99696   18.30927    0.54632
     91.00000   31.49878    1.01046   18.36461    0.54946
     92.00000   31.02102    0.99563   18.49055    0.53988
     93.00000   34.80342    0.98194   18.25480    0.54500
     94.00000   32.76304    0.98999   17.72179    0.55024
     95.00000   33.33604    0.98547   17.59335    0.54833
     96.00000   32.87810    0.99657   18.21700    0.55531
     97.00000   32.61153    1.00428   18.80725    0.55028
     98.00000   32.39030    0.99716   18.29146    0.55662
     99.00000   35.44536    1.01456   17.78412    0.55302
    100.00000   32.81431    1.00707   18.23473    0.55121
    101.00000   32.62050    1.01576   18.70499    0.54992
    102.00000   32.64210    1.02128   17.88040    0.54424
    103.00000   33.94062    1.02040   17.47300    0.53550
    104.00000   34.19797    1.01441   18.15377    0.53226
    105.00000   33.07914    1.01348   17.76942    0.53175
    106.00000   33.56358    1.00733   17.75460    0.53349
    107.00000   34.64527    1.00282   17.42822    0.53009
    108.00000   32.26798    1.02051   17.26784    0.53566
    109.00000   34.11537    1.03499   16.62082    0.52110
    110.00000   32.81882    1.03360   16.84312    0.51500
    111.00000   34.57736    1.00611   18.06105    0.52346
    112.00000   34.12360    1.00958   18.22613    0.52915
    113.00000   33.43738    0.99971   18.07531    0.53098
    114.00000   36.02657    1.01059   17.04415    0.52984
    115.00000   33.88706    1.02007   18.74858    0.53070
    116.00000   34.17843    1.01325   17.42947    0.52213
    117.00000   34.74109    1.03078   17.44311    0.51322
    118.00000   33.55168    1.03264   17.82162    0.51757
    119.00000   32.99226    1.02334   18.09155    0.52141
    365.00000   40.69556    1.20653   16.58328    0.50097
    366.00000   41.13619    1.21256   17.00526    0.50857
    367.00000   40.22657    1.19558   16.97613    0.50753
    368.00000   41.84283    1.20840   16.57579    0.49709
    369.00000   39.67755    1.19840   16.60120    0.49597
    370.00000   39.50999    1.19361   16.46314    0.50186
    371.00000   34.99245    1.15744   16.63423    0.49943
    372.00000   39.82994    1.16495   16.40762    0.49795
    373.00000   37.36555    1.15437   15.85654    0.49478
    374.00000   38.30109    1.15100   17.53820    0.50378
    375.00000   35.61803    1.14351   16.47178    0.50580
    376.00000   39.25049    1.15126   17.02284    0.51068
    377.00000   38.79687    1.14334   17.82273    0.51204
    378.00000   38.88462    1.14141   16.23402    0.51551
    379.00000   37.52583    1.14039   17.79881    0.50710
    380.00000   39.51032    1.16901   16.67234    0.50755
    381.00000   37.94333    1.17021   17.36167    0.51864
    382.00000   40.25083    1.16383   17.78308    0.52285
    383.00000   38.28749    1.16015   17.29499    0.51925
    384.00000   39.99567    1.16632   17.45322    0.52589
    385.00000   37.06778    1.15257   18.20346    0.52920
    386.00000   41.49379    1.16744   17.75189    0.53161
    387.00000   39.99883    1.16899   18.68101    0.52511
    388.00000   39.11305    1.17583   17.68345    0.53153
    389.00000   38.56260    1.16834   18.10245    0.53046
    390.00000   39.80835    1.16269   17.54566    0.53555
    391.00000   38.03245    1.17181   18.39012    0.53801
    392.00000   38.00794    1.16845   18.18061    0.53946
    393.00000   39.65651    1.16185   17.65763    0.54092
    394.00000   37.79244    1.16925   18.73729    0.54591
    395.00000   39.27262    1.18210   18.23016    0.55867
    396.00000   37.70084    1.17564   19.05359    0.56085
    397.00000   39.12591    1.16672   19.09466    0.56915
    398.00000   38.44469    1.16587   19.67676    0.58222
    399.00000   39.88531    1.18249   20.23053    0.58823
    400.00000   41.41342    1.18988   19.13804    0.58972
    401.00000   40.40029    1.21030   19.29384    0.59966
    402.00000   39.71973    1.20070   19.66860    0.58378
    403.00000   40.55959    1.19803   19.19343    0.59502
    404.00000   39.28686    1.19961   18.79948    0.59024
    405.00000   37.64782    1.19511   19.60781    0.59531
    406.00000   40.39788    1.20356   19.45875    0.58690
    407.00000   44.07082    1.22317   19.36595    0.57625
    408.00000   41.22606    1.24657   19.59886    0.57374
    409.00000   40.52355    1.24336   19.75122    0.57814
    410.00000   40.21010    1.24058   18.47733    0.57974
    411.00000   42.18559    1.22608   18.83616    0.58625
    412.00000   41.76141    1.20927   19.73009    0.58976
    413.00000   38.04340    1.21068   20.04202    0.58505
    414.00000   39.52137    1.18411   19.32314    0.58833
    415.00000   41.42072    1.18485   19.62826    0.59208
    416.00000   38.58773    1.20070   21.52591    0.59432
    417.00000   42.74109    1.20978   19.57080    0.59759
    418.00000   41.70133    1.22032   20.45482    0.60132
    419.00000   38.97593    1.21298   20.84389    0.59860
    420.00000   39.84089    1.18797   19.62111    0.59811
    421.00000   40.50181    1.18220   20.86430    0.60686
    422.00000   40.14414    1.18122   19.80223    0.59834
    423.00000   38.14652    1.18951   19.62630    0.59354
    424.00000   40.91845    1.20263   20.52859    0.59110
    425.00000   40.09697    1.20180   18.93745    0.59422
    426.00000   41.41111    1.19406   20.27084    0.59881
    427.00000   39.17888    1.18596   20.29328    0.59961
    428.00000   38.34631    1.19298   19.01021    0.59594
    429.00000   38.71035    1.18637   19.54503    0.59492
    430.00000   42.79329    1.17809   19.73731    0.58426
    431.00000   39.48188    1.18001   20.37035    0.59556
    432.00000   40.25240    1.19215   19.81250    0.60327
    433.00000   39.58810    1.21349   19.91472    0.59959
    434.00000   41.88048    1.20237   19.53978    0.59857
    435.00000   39.68432    1.18630   20.56992    0.60902
    436.00000   38.70128    1.17881   22.54893    0.61932
    437.00000   40.53244    1.17951   19.07391    0.61675
    438.00000   37.55218    1.17349   20.15160    0.61723
    439.00000   37.22395    1.16972   21.88986    0.62433
    440.00000   38.72297    1.15829   20.96969    0.61334
    441.00000   39.17942    1.14175   20.84510    0.61552
    442.00000   40.53496    1.13681   20.45237    0.62514
    443.00000   36.95762    1.13903   20.04856    0.62230
    444.00000   38.62912    1.15701   21.75471    0.63059
    445.00000   38.26021    1.15557   20.84517    0.63045
    446.00000   42.77936    1.17510   21.21901    0.63104
    447.00000   38.78140    1.16219   21.23896    0.62582
    448.00000   38.00571    1.15215   21.64690    0.62844
    449.00000   38.58681    1.15635   19.77960    0.62499
    450.00000   38.06082    1.16051   22.15103    0.62842
    451.00000   38.34311    1.16655   20.53549    0.62822
    452.00000   38.05622    1.15085   21.72157    0.63930
    453.00000   38.64248    1.14911   20.22819    0.62929
    454.00000   39.45001    1.13490   19.97561    0.61970
    455.00000   37.22269    1.12484   19.55477    0.61111
    456.00000   37.38457    1.12937   20.07107    0.61047
    457.00000   37.84661    1.12230   21.81609    0.62011
    458.00000   38.12592    1.13231   23.01582    0.62190
    459.00000   38.32672    1.13084   20.09202    0.61050
    460.00000   38.17685    1.12474   20.28435    0.61382
    461.00000   35.53991    1.12130   19.60762    0.60716
    462.00000   37.53521    1.10869   20.48427    0.60969
    463.00000   37.51966    1.10525   20.45305    0.60716
    464.00000   38.41869    1.11808   19.56674    0.59784
    465.00000   38.98955    1.12403   20.71499    0.59131
    466.00000   36.95048    1.12332   19.41402    0.59916
    467.00000   37.72037    1.10673   19.58592    0.59583
    468.00000   37.26588    1.11157   18.96246    0.60295
    469.00000   37.31090    1.11832   20.64476    0.60195
    470.00000   39.37326    1.12326   19.75475    0.59189
    471.00000   38.20880    1.15845   20.36812    0.59152
    472.00000   39.10318    1.14132   20.97814    0.60315
    473.00000   38.54384    1.14351   20.82674    0.60322
    474.00000   36.57404    1.14915   21.30661    0.59904
    475.00000   38.21822    1.15087   20.09692    0.60009
    476.00000   39.12463    1.15023   19.66933    0.59347
    477.00000   35.65620    1.12979   21.09298    0.60318
    478.00000   38.51625    1.15509   21.20817    0.61168
    479.00000   39.11272    1.15563   20.22255    0.60996
    480.00000   38.70659    1.13398   20.89919    0.61775
    481.00000   36.52311    1.12922   20.92313    0.61651
    482.00000   38.80920    1.12190   20.21961    0.62045
    483.00000   37.87936    1.13185   19.76382    0.61574
    484.00000   40.57675    1.11871   20.41611    0.60643
    730.00000   29.63067    0.86223   17.92453    0.54033
    731.00000   28.75014    0.86749   18.71243    0.54686
    732.00000   30.04101    0.87240   18.97643    0.54711
    733.00000   30.81704    0.87594   18.11834    0.55534
    734.00000   30.82289    0.86813   19.62369    0.56583
    735.00000   28.08518    0.85888   19.85104    0.56722
    736.00000   28.65496    0.87364   19.19170    0.56818
    737.00000   29.82908    0.88008   19.91007    0.56286
    738.00000   28.73941    0.88773   19.82968    0.56264
    739.00000   29.89805    0.88861   19.00323    0.55797
    740.00000   29.40109    0.89623   18.02239    0.55240
    741.00000   29.83054    0.89759   18.34035    0.56005
    742.00000   30.52241    0.89836   17.98938    0.55612
    743.00000   29.01135    0.88094   18.41379    0.55820
    744.00000   29.30942    0.89374   18.41829    0.55940
    745.00000   29.98787    0.90413   18.71582    0.56494
    746.00000   30.96327    0.92241   18.64395    0.57239
    747.00000   30.23628    0.91858   17.93601    0.55227
    748.00000   31.36112    0.92327   17.71178    0.55005
    749.00000   30.31238    0.90806   17.99427    0.54808
    750.00000   29.73064    0.91072   20.09193    0.55234
    751.00000   31.00156    0.91846   18.48496    0.55898
    752.00000   29.84442    0.91275   18.90994    0.56089
    753.00000   30.61802    0.91540   19.07336    0.56600
    754.00000   32.38959    0.91677   19.62367    0.56359
    755.00000   28.55960    0.90890   18.57264    0.56829
    756.00000   29.85993    0.89910   18.47453    0.55769
    757.00000   29.22882    0.90065   19.38852    0.55165
    758.00000   30.95028    0.90085   19.08045    0.54524
    759.00000   30.02019    0.90107   17.70862    0.55047
    760.00000   30.25481    0.90642   17.90870    0.54659
    761.00000   30.01521    0.91206   18.69436    0.54613
    762.00000   30.13215    0.90465   17.64789    0.54365
    763.00000   29.97456    0.90627   18.10411    0.54262
    764.00000   29.10961    0.91121   17.83261    0.53275
    765.00000   30.07247    0.89715   17.33440    0.53066
    766.00000   29.47931    0.90703   18.15830    0.53709
    767.00000   30.46716    0.91475   18.60611    0.53856
    768.00000   30.56290    0.90706   17.54904    0.54526
    769.00000   29.90804    0.90159   18.01036    0.54748
    770.00000   30.75403    0.91244   19.05282    0.56023
    771.00000   29.64542    0.91359   18.84150    0.56685
    772.00000   29.43998    0.92439   19.20764    0.56878
    773.00000   28.77872    0.91964   19.38489    0.57208
    774.00000   30.83528    0.91588   18.98118    0.56832
    775.00000   30.55056    0.93779   19.27601    0.55765
    776.00000   31.02465    0.92563   17.59593    0.55377
    777.00000   30.93353    0.93249   19.34187    0.54586
    778.00000   29.44966    0.91954   17.75064    0.53976
    779.00000   31.49995    0.92454   18.40714    0.54461
    780.00000   32.24705    0.92012   18.22185    0.54108
    781.00000   30.76539    0.90987   17.60209    0.54121
    782.00000   30.49069    0.91759   18.45380    0.54089
    783.00000   29.97503    0.90866   17.92905    0.53375
    784.00000   28.34690    0.91670   18.27735    0.53332
    785.00000   29.77979    0.91674   17.69907    0.53552
    786.00000   30.11396    0.92174   17.68043    0.52866
    787.00000   32.24335    0.92140   18.09882    0.52636
    788.00000   29.55810    0.91884   18.31016    0.52973
    789.00000   31.10783    0.92181   17.92946    0.52869
    790.00000   30.54918    0.92661   17.34702    0.52750
    791.00000   32.81506    0.94184   18.43018    0.52638
    792.00000   31.43496    0.94359   16.66698    0.52615
    793.00000   31.63375    0.95030   18.53927    0.52679
    794.00000   30.33298    0.94468   18.35390    0.52614
    795.00000   29.98423    0.92466   17.39885    0.52040
    796.00000   31.58035    0.93919   16.62476    0.51649
    797.00000   31.26095    0.94158   17.33238    0.52277
    798.00000   32.00403    0.96698   18.83949    0.52392
    799.00000   30.67057    0.96473   16.98035    0.51835
    800.00000   31.88311    0.94851   17.57119    0.52031
    801.00000   32.39589    0.94691   17.37683    0.52478
    802.00000   33.13213    0.96137   17.86384    0.52155
    803.00000   31.03891    0.94733   17.01175    0.51589
    804.00000   30.28390    0.91338   17.29177    0.51688
    805.00000   30.92433    0.93979   16.28226    0.51455
    806.00000   32.55810    0.93103   18.90514    0.52307
    807.00000   30.43040    0.91846   18.14388    0.53420
    808.00000   29.77223    0.92953   16.96647    0.52885
    809.00000   30.39595    0.93464   16.94962    0.52498
    810.00000   31.67741    0.92989   18.10801    0.52910
    811.00000   31.92547    0.94762   17.92710    0.53071
    812.00000   31.99295    0.95768   17.52200    0.52557
    813.00000   33.27705    0.95407   17.44798    0.53279
    814.00000   31.18820    0.94586   17.58425    0.53684
    815.00000   30.64058    0.96630   17.30553    0.53512
    816.00000   33.92432    0.98376   16.91810    0.52678
    817.00000   32.80055    1.00029   18.17506    0.53431
    818.00000   32.82331    0.98091   17.11815    0.53596
    819.00000   31.75033    0.97951   18.55779    0.53930
    820.00000   32.04783    0.97166   18.96517    0.54489
    821.00000   34.00762    0.97551   17.57199    0.53618
    822.00000   31.68166    0.97984   17.35809    0.53252
    823.00000   31.00942    0.98695   17.43109    0.52666
    824.00000   34.64028    0.99875   16.54974    0.51951
    825.00000   34.28527    1.01659   17.55003    0.50783
    826.00000   31.56871    1.00898   16.75418    0.51412
    827.00000   34.11537    1.01384   17.70527    0.52032
    828.00000   32.92527    0.99333   17.82552    0.51571
    829.00000   32.33561    0.99415   16.48709    0.50405
    830.00000   32.98191    0.98139   16.35925    0.49406
    831.00000   32.79727    0.96624   16.00719    0.48968
    832.00000   31.40714    0.97034   16.26042    0.48976
    833.00000   33.15123    0.97700   16.73754    0.48435
    834.00000   32.01153    0.96782   16.41706    0.48367
    835.00000   29.79940    0.95031   15.04670    0.47897
    836.00000   30.49837    0.94745   16.23905    0.48061
    837.00000   31.79128    0.94568   15.41094    0.46944
    838.00000   32.36777    0.94871   16.47755    0.47669
    839.00000   31.14170    0.93026   16.69208    0.47654
    840.00000   32.04250    0.94762   16.50895    0.48111
    841.00000   32.23172    0.95798   15.67699    0.47107
    842.00000   32.49430    0.96324   15.85946    0.46704
    843.00000   31.81843    0.96832   15.10724    0.46130
    844.00000   34.28168    0.98154   15.66242    0.45944
    845.00000   31.69372    0.99251   14.49736    0.45717
    846.00000   33.69026    0.99923   15.14318    0.45899
    847.00000   32.35797    1.00346   15.60694    0.45933
    848.00000   34.91601    1.01557   15.01457    0.45584
    849.00000   34.84233    1.01711   15.28713    0.45915
   1095.00000   31.19353    0.92140   13.87858    0.44471
   1096.00000   31.41392    0.91658   14.81091    0.44305
   1097.00000   29.62308    0.92425   15.25274    0.44989
   1098.00000   28.40181    0.91572   14.61647    0.44016
   1099.00000   28.84322    0.90943   14.95039    0.44910
   1100.00000   28.70973    0.90107   14.94353    0.45310
   1101.00000   30.47947    0.90877   14.81460    0.44677
   1102.00000   29.45602    0.90123   15.42280    0.45357
   1103.00000   29.24598    0.90478   14.86028    0.45173
   1104.00000   31.02131    0.88966   15.71832    0.44867
   1105.00000   29.48342    0.89776   14.55884    0.45283
   1106.00000   30.09643    0.89968   14.33971    0.44716
   1107.00000   31.22867    0.90759   14.72895    0.45357
   1108.00000   30.43493    0.91790   15.11637    0.44879
   1109.00000   31.26598    0.92312   15.11267    0.45303
   1110.00000   31.05414    0.91367   15.13122    0.45992
   1111.00000   29.51593    0.92753   15.22151    0.46277
   1112.00000   30.15640    0.92456   15.72831    0.46479
   1113.00000   29.06722    0.91968   15.56222    0.45966
   1114.00000   30.63474    0.93404   16.66287    0.46049
   1115.00000   29.86182    0.92923   14.61196    0.46338
   1116.00000   32.24928    0.91782   15.32951    0.46582
   1117.00000   30.90397    0.90629   16.45648    0.46766
   1118.00000   30.17831    0.90264   16.40601    0.47187
   1119.00000   31.91317    0.92719   15.22758    0.46776
   1120.00000   31.47676    0.92134   16.44562    0.46973
   1121.00000   31.85089    0.92304   15.77981    0.48201
   1122.00000   32.00081    0.94572   15.86744    0.48275
   1123.00000   30.29567    0.95631   16.12219    0.47788
   1124.00000   32.69146    0.97168   16.54342    0.47857
   1125.00000   32.75146    0.96659   16.03740    0.48663
   1126.00000   31.69373    0.96961   16.80156    0.48343
   1127.00000   32.65747    0.97689   15.69343    0.48009
   1128.00000   33.03013    0.96469   16.47840    0.49285
   1129.00000   33.19377    0.96426   17.39525    0.49351
   1130.00000   33.63266    0.96499   16.33723    0.49318
   1131.00000   34.43115    0.96905   15.86890    0.49290
   1132.00000   31.88894    0.96836   16.01560    0.48891
   1133.00000   32.79651    0.96307   16.27102    0.48007
   1134.00000   32.62487    0.95677   15.99917    0.47778
   1135.00000   33.26297    0.97083   15.90093    0.48256
   1136.00000   32.03622    0.96721   16.58678    0.48496
   1137.00000   32.15123    0.96482   15.88844    0.48457
   1138.00000   32.08680    0.94758   16.21468    0.48295
   1139.00000   30.40401    0.95607   16.14256    0.48676
   1140.00000   30.86703    0.97621   16.11022    0.48476
   1141.00000   31.84847    0.96708   15.63057    0.47626
   1142.00000   32.60803    0.96281   15.59055    0.46682
   1143.00000   32.54926    0.96278   14.93742    0.46046
   1144.00000   30.29050    0.94851   15.56044    0.46899
   1145.00000   33.12848    0.95819   16.27705    0.47227
   1146.00000   30.38121    0.96324   15.22737    0.47143
   1147.00000   32.59098    0.95729   15.03404    0.46964
   1148.00000   33.29581    0.96684   15.62646    0.47081
   1149.00000   33.16766    0.97755   15.11939    0.46768
   1150.00000   32.31595    0.98731   17.17271    0.47396
   1151.00000   32.93946    0.96920   15.40379    0.47122
   1152.00000   29.87619    0.96183   16.18832    0.47204
   1153.00000   31.71455    0.97251   16.62166    0.47625
   1154.00000   32.50041    0.96681   15.72784    0.47096
   1155.00000   31.95550    0.96861   16.08932    0.47103
   1156.00000   31.88068    0.95678   16.67688    0.47440
   1157.00000   31.26101    0.95383   16.20291    0.47476
   1158.00000   31.92871    0.95171   15.68006    0.46676
   1159.00000   31.96441    0.93626   15.52443    0.46753
   1160.00000   29.97819    0.92617   15.60379    0.47548
   1161.00000   30.04702    0.92015   16.15196    0.47539
   1162.00000   31.05238    0.90977   15.66139    0.47609
   1163.00000   30.36283    0.92073   16.18475    0.46896
   1164.00000   28.88463    0.91324   14.65799    0.45807
   1165.00000   29.81228    0.90547   14.85391    0.45343
   1166.00000   31.01810    0.91338   15.21002    0.45341
   1167.00000   30.90841    0.91123   16.43536    0.45907
   1168.00000   30.46976    0.91047   15.76571    0.46438
   1169.00000   31.77963    0.90972   15.22690    0.46575
   1170.00000   30.63556    0.90073   14.98539    0.46179
   1171.00000   28.18558    0.91160   15.60546    0.46585
   1172.00000   29.74266    0.91316   15.52147    0.46863
   1173.00000   30.37324    0.91290   15.52572    0.46513
   1174.00000   29.45239    0.90299   15.93625    0.46086
   1175.00000   28.48223    0.89754   15.48357    0.45621
   1176.00000   31.01531    0.90772   14.88325    0.45092
   1177.00000   30.40759    0.92451   15.80356    0.44634
   1178.00000   32.03509    0.94790   14.92944    0.45092
   1179.00000   31.84982    0.96228   15.07418    0.45478
   1180.00000   32.50370    0.98264   15.46296    0.45302
   1181.00000   33.34654    0.97267   15.14555    0.44377
   1182.00000   33.16180    0.96975   14.56141    0.44091
   1183.00000   33.74753    0.96950   14.08005    0.43397
   1184.00000   30.75665    0.94936   14.77420    0.43195
   1185.00000   29.99788    0.94149   14.47316    0.42876
   1186.00000   32.84684    0.95443   14.38542    0.43194
   1187.00000   32.48917    0.95510   14.63936    0.43437
   1188.00000   31.89705    0.94763   13.96939    0.43491
   1189.00000   33.72474    0.96555   13.95359    0.43841
   1190.00000   32.87156    0.94138   14.16092    0.43193
   1191.00000   32.33346    0.94634   14.42797    0.43293
   1192.00000   29.29634    0.93163   14.46420    0.43216
   1193.00000   31.20759    0.93221   14.20077    0.42844
   1194.00000   30.76113    0.95147   14.48782    0.42742
   1195.00000   32.58091    0.95881   14.15869    0.44207
   1196.00000   31.71836    0.95755   14.01539    0.44208
   1197.00000   30.49986    0.95144   14.73202    0.43709
   1198.00000   32.65456    0.96364   15.25462    0.42820
   1199.00000   30.38129    0.95076   14.38500    0.42399
   1200.00000   32.05865    0.94186   14.29344    0.41910
   1201.00000   31.40180    0.94581   13.50451    0.42395
   1202.00000   31.68446    0.94705   14.24605    0.42302
   1203.00000   31.31675    0.95200   12.77521    0.41512
   1204.00000   31.11465    0.95640   14.01327    0.41853
   1205.00000   32.30503    0.95141   14.55043    0.42406
   1206.00000   32.11181    0.95303   13.28760    0.41790
   1207.00000   31.47821    0.95312   15.00271    0.41389
   1208.00000   32.03383    0.95111   12.80546    0.41434
   1209.00000   31.26943    0.96088   14.11301    0.42266
   1210.00000   32.21858    0.96567   13.50775    0.42308
   1211.00000   33.20051    0.96368   13.46833    0.41931
   1212.00000   32.21813    0.95805   14.07849    0.41469
   1213.00000   31.78177    0.97677   14.28739    0.42177
   1214.00000   31.87785    0.96262   13.73343    0.42097
   1460.00000   36.00256    1.07241   15.43430    0.47014
   1461.00000   34.44714    1.06732   14.96519    0.46232
   1462.00000   33.55407    1.06697   15.98559    0.46710
   1463.00000   34.59282    1.06750   16.08959    0.46652
   1464.00000   34.52090    1.04814   14.71563    0.46148
   1465.00000   35.29791    1.04934   14.50215    0.46361
   1466.00000   34.34415    1.04681   14.45622    0.46723
   1467.00000   35.20609    1.04488   15.44873    0.46453
   1468.00000   34.18621    1.06138   15.08546    0.46347
   1469.00000   35.61452    1.06820   15.33252    0.46442
   1470.00000   36.53914    1.04853   15.76399    0.46642
   1471.00000   35.59904    1.06918   15.80883    0.47069
   1472.00000   36.74863    1.08315   15.63552    0.46772
   1473.00000   36.77473    1.09127   14.76712    0.46473
   1474.00000   35.40479    1.09104   15.73315    0.46929
   1475.00000   36.06770    1.08464   15.19772    0.47208
   1476.00000   37.30899    1.09226   16.28801    0.47642
   1477.00000   36.58544    1.11263   16.02957    0.48076
   1478.00000   36.39984    1.10448   16.64320    0.48435
   1479.00000   37.34598    1.10542   16.84356    0.49556
   1480.00000   36.02960    1.10089   15.86901    0.48568
   1481.00000   36.64280    1.11609   16.56231    0.49334
   1482.00000   34.69900    1.11483   16.49990    0.48928
   1483.00000   35.94804    1.09626   16.06885    0.48833
   1484.00000   37.26226    1.10164   16.82990    0.49071
   1485.00000   38.69931    1.09694   16.48376    0.49411
   1486.00000   36.14454    1.11134   16.31379    0.50090
   1487.00000   37.94541    1.11307   16.70674    0.49582
   1488.00000   36.84105    1.11033   16.14384    0.49433
   1489.00000   35.87714    1.11659   15.76203    0.49203
   1490.00000   36.13989    1.11055   16.82718    0.49754
   1491.00000   38.54963    1.10840   15.68210    0.49110
   1492.00000   37.07729    1.11515   16.36365    0.49554
   1493.00000   39.01620    1.13054   16.43302    0.49579
   1494.00000   38.97140    1.12447   17.26702    0.50129
   1495.00000   38.18352    1.11561   16.73089    0.49483
   1496.00000   36.93724    1.12989   17.09301    0.49679
   1497.00000   37.82984    1.14376   16.43794    0.49443
   1498.00000   38.38451    1.12508   16.59024    0.49701
   1499.00000   37.05514    1.11792   17.36826    0.49844
   1500.00000   36.18429    1.10266   16.64058    0.50407
   1501.00000   37.41780    1.06855   16.50733    0.50015
   1502.00000   37.30971    1.09025   17.31581    0.50059
   1503.00000   36.01635    1.08155   16.24233    0.49654
   1504.00000   33.43442    1.08268   17.26598    0.49779
   1505.00000   36.61323    1.08382   16.21552    0.49722
   1506.00000   36.31503    1.09570   16.06557    0.48712
   1507.00000   36.24320    1.11268   16.43536    0.49400
   1508.00000   35.95649    1.10297   16.33297    0.49160
   1509.00000   34.23616    1.09688   15.95532    0.47664
   1510.00000   35.01612    1.09558   16.11623    0.47368
   1511.00000   37.11398    1.09279   15.62394    0.47087
   1512.00000   38.46347    1.11051   15.76630    0.47423
   1513.00000   39.36563    1.11717   15.58417    0.47174
   1514.00000   37.69134    1.12808   15.85016    0.47684
   1515.00000   39.32785    1.12826   16.40209    0.46860
   1516.00000   37.83819    1.12490   15.92251    0.47672
   1517.00000   37.90748    1.12325   15.63927    0.48365
   1518.00000   36.83393    1.11486   15.78047    0.48455
   1519.00000   36.00709    1.09022   16.25612    0.48910
   1520.00000   35.15221    1.09951   16.45244    0.48859
   1521.00000   38.31185    1.10477   16.63414    0.49976
   1522.00000   37.37093    1.11550   16.71252    0.49771
   1523.00000   36.20562    1.11261   15.66237    0.49639
   1524.00000   37.77636    1.11108   16.37810    0.49409
   1525.00000   36.51897    1.10437   17.19279    0.49033
   1526.00000   34.52416    1.09620   15.73401    0.49188
   1527.00000   35.31016    1.10450   16.00789    0.48759
   1528.00000   35.91468    1.10726   16.01655    0.48099
   1529.00000   38.46001    1.10487   16.29800    0.48055
   1530.00000   38.14552    1.08698   16.36894    0.48128
   1531.00000   35.55702    1.06480   16.59771    0.48414
   1532.00000   35.83931    1.07060   16.74486    0.49492
   1533.00000   33.90171    1.05684   15.96102    0.48259
   1534.00000   34.20071    1.05727   16.01331    0.47914
   1535.00000   35.46131    1.05526   15.62809    0.47458
   1536.00000   35.21880    1.04613   16.16376    0.47360
   1537.00000   35.46335    1.05111   15.75050    0.47398
   1538.00000   34.54674    1.04633   15.87566    0.46473
   1539.00000   35.13949    1.03151   15.90604    0.47390
   1540.00000   34.76126    1.03264   14.99313    0.46994
   1541.00000   33.18618    1.03440   15.69077    0.47131
   1542.00000   35.31335    1.03072   15.63588    0.47451
   1543.00000   33.95441    1.03109   15.98504    0.46903
   1544.00000   34.87894    1.02185   15.38073    0.47868
   1545.00000   35.68190    1.02034   15.79742    0.48597
   1546.00000   35.22678    1.00800   16.41803    0.48618
   1547.00000   32.95677    1.01234   16.88266    0.49450
   1548.00000   35.66231    1.00895   16.16335    0.49623
   1549.00000   33.04394    0.99432   16.42802    0.50771
   1550.00000   32.95521    1.00055   17.05462    0.50961
   1551.00000   33.21584    0.99809   16.77890    0.51839
   1552.00000   31.43120    1.00452   17.20279    0.52174
   1553.00000   34.00713    0.99919   17.66292    0.52158
   1554.00000   33.30990    0.97971   17.84085    0.51343
   1555.00000   32.11352    0.97999   16.44100    0.51066
   1556.00000   33.58242    0.96302   16.64589    0.51976
   1557.00000   32.72992    0.96977   16.86263    0.51877
   1558.00000   32.88178    0.98169   17.75630    0.52012
   1559.00000   32.56778    0.99722   17.58409    0.51988
   1560.00000   32.91811    0.98821   17.40512    0.52204
   1561.00000   33.17333    0.99158   16.04574    0.52125
   1562.00000   33.31767    0.97989   17.98240    0.51577
   1563.00000   31.68908    0.98978   17.15470    0.51669
   1564.00000   32.55867    0.98002   16.88687    0.51434
   1565.00000   34.19783    0.98452   16.82263    0.50089
   1566.00000   33.37682    0.96169   16.72468    0.49529
   1567.00000   33.66711    0.95853   16.28789    0.50088
   1568.00000   31.35881    0.96009   16.39916    0.49895
   1569.00000   30.99449    0.94799   16.72945    0.50293
   1570.00000   31.42422    0.93400   16.83497    0.51258
   1571.00000   30.81564    0.93406   16.69008    0.51260
   1572.00000   30.95042    0.92709   16.48078    0.51115
   1573.00000   30.07485    0.93903   17.17767    0.50762
   1574.00000   30.88062    0.93485   16.30662    0.49713
   1575.00000   30.81171    0.93571   16.43494    0.49341
   1576.00000   30.42930    0.92049   16.08162    0.50268
   1577.00000   30.85519    0.90581   17.61269    0.50479
   1578.00000   30.51018    0.90614   16.47701    0.50136
   1579.00000   30.80688    0.91150   17.15245    0.51088
   1825.00000   39.08141    1.17462   16.87749    0.51686
   1826.00000   39.98162    1.19304   16.71034    0.51485
   1827.00000   40.83354    1.18582   16.92034    0.51659
   1828.00000   39.97820    1.19687   17.69500    0.52554
   1829.00000   40.12976    1.20142   17.40097    0.52576
   1830.00000   40.05892    1.21114   17.34204    0.53038
   1831.00000   39.90479    1.20693   17.11251    0.53232
   1832.00000   40.18476    1.20366   18.09115    0.53489
   1833.00000   38.54407    1.20196   17.46670    0.52916
   1834.00000   39.02037    1.19173   17.44173    0.51670
   1835.00000   40.15591    1.21283   17.49729    0.51943
   1836.00000   38.70193    1.20954   17.78546    0.51992
   1837.00000   40.85532    1.21143   18.03033    0.52111
   1838.00000   42.23124    1.20572   18.43793    0.52056
   1839.00000   42.03550    1.19764   17.73653    0.51375
   1840.00000   37.90687    1.20209   17.74917    0.51831
   1841.00000   40.18802    1.20568   16.48867    0.52319
   1842.00000   39.73663    1.19828   17.24327    0.53630
   1843.00000   37.58777    1.20235   18.32840    0.52872
   1844.00000   41.14622    1.19818   17.44120    0.52300
   1845.00000   38.51031    1.20028   17.51232    0.52286
   1846.00000   41.11813    1.20739   17.08452    0.52133
   1847.00000   38.28809    1.19169   18.54917    0.52606
   1848.00000   39.29209    1.18508   17.28763    0.52688
   1849.00000   38.80849    1.17894   17.27470    0.52761
   1850.00000   38.04979    1.16168   18.38003    0.52659
   1851.00000   40.37471    1.15762   17.72685    0.52337
   1852.00000   38.45387    1.16169   18.21522    0.53068
   1853.00000   36.79743    1.15379   17.17113    0.53211
   1854.00000   35.87243    1.15878   17.42059    0.53655
   1855.00000   40.89762    1.15961   16.39889    0.52766
   1856.00000   39.81739    1.17733   17.19152    0.52955
   1857.00000   40.31059    1.18060   17.90643    0.53173
   1858.00000   38.42424    1.17129   18.41109    0.53039
   1859.00000   39.07275    1.16013   17.74970    0.53360
   1860.00000   38.32931    1.14716   18.07102    0.54044
   1861.00000   36.88711    1.13077   18.76716    0.54493
   1862.00000   36.84023    1.13954   18.13766    0.53942
   1863.00000   38.26657    1.11453   17.97695    0.53764
   1864.00000   40.35138    1.13739   18.15981    0.53760
   1865.00000   38.12841    1.14665   19.19622    0.53954
   1866.00000   37.91950    1.16198   17.65647    0.54373
   1867.00000   39.03206    1.14556   18.30662    0.53747
   1868.00000   37.58855    1.14415   17.96172    0.54538
   1869.00000   36.67278    1.15048   18.56826    0.55580
   1870.00000   39.43492    1.13590   18.38883    0.55322
   1871.00000   40.08766    1.14085   18.70668    0.55491
   1872.00000   38.31826    1.13015   18.03222    0.55454
   1873.00000   38.00293    1.11754   17.74619    0.54113
   1874.00000   37.68297    1.10634   19.17147    0.53903
   1875.00000   36.99344    1.11181   18.90283    0.53732
   1876.00000   37.54810    1.12041   19.09958    0.53852
   1877.00000   36.63535    1.10262   17.92568    0.53567
   1878.00000   36.19067    1.09470   18.32701    0.54128
   1879.00000   35.04226    1.08989   18.77139    0.54501
   1880.00000   39.03761    1.09639   17.70572    0.54205
   1881.00000   38.30259    1.10844   17.67732    0.54452
   1882.00000   36.45212    1.09993   18.66682    0.55117
   1883.00000   35.20150    1.08174   18.30591    0.55347
   1884.00000   37.26403    1.08970   18.24672    0.56113
   1885.00000   36.81764    1.08379   18.56166    0.56372
   1886.00000   34.28679    1.07516   18.99574    0.56955
   1887.00000   36.39625    1.07759   18.50845    0.56744
   1888.00000   35.09866    1.07650   18.53479    0.56812
   1889.00000   35.64207    1.07910   17.53589    0.55770
   1890.00000   37.00270    1.08276   19.64679    0.55516
   1891.00000   36.74251    1.09074   19.89133    0.56154
   1892.00000   35.89762    1.07129   18.06404    0.55643
   1893.00000   34.85701    1.07061   17.94958    0.55328
   1894.00000   35.98151    1.06738   18.25465    0.55746
   1895.00000   34.39712    1.07598   19.56169    0.55844
   1896.00000   34.26114    1.06893   18.86937    0.55509
   1897.00000   36.86318    1.05898   18.52429    0.55528
   1898.00000   34.27892    1.07738   18.68974    0.55131
   1899.00000   34.93358    1.06292   18.23086    0.54789
   1900.00000   35.58846    1.07364   17.99700    0.55008
   1901.00000   34.62548    1.07722   17.95416    0.55819
   1902.00000   37.04346    1.08485   18.45015    0.55765
   1903.00000   34.45550    1.07282   18.45875    0.55944
   1904.00000   38.26110    1.07425   17.70030    0.56758
   1905.00000   36.26755    1.08963   18.45395    0.55988
   1906.00000   36.30050    1.09364   18.98065    0.56241
   1907.00000   37.85408    1.09860   18.49120    0.54953
   1908.00000   35.19482    1.09333   18.39719    0.54462
   1909.00000   36.12951    1.08723   18.59985    0.55142
   1910.00000   36.66729    1.07947   18.47149    0.54788
   1911.00000   35.78169    1.07276   19.07997    0.55664
   1912.00000   35.72255    1.08743   17.92285    0.55821
   1913.00000   37.56119    1.08982   18.53761    0.56117
   1914.00000   37.63176    1.10480   19.36215    0.56645
   1915.00000   35.70043    1.09846   18.95813    0.56153
   1916.00000   35.26834    1.09592   18.73054    0.54952
   1917.00000   37.44016    1.11011   18.52679    0.54909
   1918.00000   37.53852    1.11823   18.22560    0.55292
   1919.00000   38.74271    1.12461   19.44796    0.56156
   1920.00000   36.87541    1.09884   18.81773    0.56865
   1921.00000   38.22545    1.10776   19.41200    0.56233
   1922.00000   37.79629    1.10458   17.88090    0.56152
   1923.00000   37.88988    1.10961   17.73226    0.55382
   1924.00000   36.83311    1.11706   18.79779    0.55795
   1925.00000   38.11350    1.11967   18.74852    0.57104
   1926.00000   37.62800    1.13782   19.03731    0.56318
   1927.00000   37.09994    1.13012   18.13955    0.56801
   1928.00000   38.71450    1.14027   19.34292    0.57050
   1929.00000   38.02728    1.15696   19.32748    0.56555
   1930.00000   38.27250    1.16973   19.21071    0.57028
   1931.00000   40.75319    1.17952   18.87605    0.56937
   1932.00000   43.09100    1.19310   18.44149    0.55536
   1933.00000   39.62069    1.18891   18.31663    0.55871
   1934.00000   39.72394    1.17686   19.82692    0.57847
   1935.00000   38.86081    1.17878   19.76332    0.57702
   1936.00000   40.58509    1.17919   19.93351    0.57544
   1937.00000   39.92707    1.18594   18.93925    0.57027
   1938.00000   37.68785    1.18459   18.66223    0.56579
   1939.00000   39.79063    1.17169   20.23862    0.56299
   1940.00000   37.88142    1.15387   18.93938    0.56209
   1941.00000   39.00928    1.15005   18.33408    0.55211
   1942.00000   39.04968    1.15610   18.74493    0.55748
   1943.00000   38.62340    1.17337   19.12834    0.56402
   1944.00000   38.90990    1.16375   18.68091    0.55846
   2190.00000   32.20364    1.01956   19.07807    0.55843
   2191.00000   34.84458    1.02507   17.77757    0.55958
   2192.00000   33.04643    1.01880   16.64653    0.54814
   2193.00000   32.96270    1.02014   18.18422    0.54850
   2194.00000   34.88611    1.01416   18.97052    0.55400
   2195.00000   33.26303    1.01241   18.48350    0.55264
   2196.00000   31.98361    1.00815   18.28382    0.54575
   2197.00000   34.61062    0.99352   17.49111    0.54855
   2198.00000   32.36374    0.99027   17.35815    0.53623
   2199.00000   33.10535    0.98557   17.77495    0.53598
   2200.00000   32.85452    1.00769   18.01000    0.53483
   2201.00000   35.11769    1.00898   17.36121    0.53325
   2202.00000   33.15017    1.00891   17.52822    0.53355
   2203.00000   33.18483    1.00371   18.18705    0.54030
   2204.00000   33.64744    1.01072   18.33447    0.55223
   2205.00000   33.47429    1.01732   17.57699    0.55587
   2206.00000   34.45476    1.00757   18.21412    0.55842
   2207.00000   33.01899    0.98681   18.81894    0.56052
   2208.00000   33.45341    0.99126   18.06287    0.54849
   2209.00000   32.89641    0.99249   18.02505    0.54984
   2210.00000   32.94196    0.98069   18.49241    0.54312
   2211.00000   31.80452    0.98930   17.46907    0.53978
   2212.00000   33.67325    0.97003   18.16166    0.54318
   2213.00000   31.49789    0.95635   18.18074    0.54991
   2214.00000   34.41914    0.96726   17.99907    0.54333
   2215.00000   31.72739    0.97072   18.68189    0.54410
   2216.00000   32.88295    0.97123   18.15608    0.54009
   2217.00000   32.38600    0.96617   17.59147    0.53707
   2218.00000   32.04887    0.97549   18.90615    0.54407
   2219.00000   32.53496    0.95653   16.95776    0.54325
   2220.00000   33.49149    0.95946   17.25401    0.54255
   2221.00000   31.76897    0.95929   17.92364    0.53699
   2222.00000   32.21151    0.97092   17.43893    0.53808
   2223.00000   33.49789    0.97240   17.65804    0.53379
   2224.00000   31.25099    0.95785   18.06214    0.54187
   2225.00000   31.29346    0.95132   18.24025    0.54452
   2226.00000   33.52858    0.95441   18.65306    0.54859
   2227.00000   32.22852    0.94600   18.07813    0.54246
   2228.00000   31.35549    0.94012   18.33845    0.53667
   2229.00000   31.04290    0.93757   19.06823    0.53356
   2230.00000   31.68758    0.93977   17.62222    0.53076
   2231.00000   32.11376    0.95501   17.39833    0.53282
   2232.00000   32.14171    0.95911   17.66663    0.53410
   2233.00000   31.35430    0.96097   17.49046    0.53019
   2234.00000   31.13242    0.97546   16.90574    0.52880
   2235.00000   30.26082    0.98012   18.90452    0.52757
   2236.00000   32.23609    0.97080   17.49609    0.52403
   2237.00000   30.29411    0.96281   17.15613    0.53208
   2238.00000   32.41918    0.94151   18.38466    0.53468
   2239.00000   33.21682    0.94771   17.14962    0.53136
   2240.00000   31.30861    0.93823   18.39793    0.53331
   2241.00000   31.12062    0.94123   17.62363    0.53189
   2242.00000   30.03246    0.93223   17.91660    0.53187
   2243.00000   30.41380    0.93747   17.85421    0.53016
   2244.00000   29.89950    0.94525   17.83215    0.54218
   2245.00000   30.73260    0.95253   17.53563    0.53746
   2246.00000   33.11157    0.94359   17.32854    0.53256
   2247.00000   32.08886    0.94491   18.10653    0.53997
   2248.00000   31.81620    0.94252   18.45909    0.55470
   2249.00000   31.73269    0.92454   17.89812    0.54751
   2250.00000   31.25831    0.91310   18.34749    0.55282
   2251.00000   30.66307    0.90969   18.09446    0.54980
   2252.00000   30.63096    0.90241   18.01934    0.55755
   2253.00000   31.34693    0.91162   18.49515    0.56016
   2254.00000   30.68869    0.91481   19.10988    0.56482
   2255.00000   31.54553    0.91052   18.04023    0.55301
   2256.00000   30.21692    0.92100   17.61821    0.54964
   2257.00000   30.72647    0.93118   18.44361    0.54351
   2258.00000   31.78067    0.92761   18.97075    0.54724
   2259.00000   31.31037    0.92004   17.73005    0.54400
   2260.00000   30.13908    0.92941   18.64407    0.54489
   2261.00000   29.73367    0.92773   18.04232    0.55038
   2262.00000   30.06212    0.91920   17.32480    0.52913
   2263.00000   30.91459    0.91298   18.84263    0.53370
   2264.00000   30.02685    0.89765   18.17434    0.53332
   2265.00000   29.15930    0.89598   17.37388    0.54021
   2266.00000   30.02637    0.88612   17.68777    0.53282
   2267.00000   29.84373    0.89654   17.91948    0.53205
   2268.00000   28.58956    0.89867   17.23004    0.52729
   2269.00000   30.11541    0.90201   17.59774    0.52754
   2270.00000   29.94066    0.90034   17.02821    0.52576
   2271.00000   31.02103    0.89640   18.15571    0.52288
   2272.00000   30.27391    0.90183   17.39591    0.52605
   2273.00000   30.96969    0.91668   16.49601    0.51958
   2274.00000   29.49029    0.91101   18.41044    0.51618
   2275.00000   29.54421    0.90600   16.63127    0.51043
   2276.00000   30.38692    0.90717   17.93458    0.52158
   2277.00000   30.89686    0.90142   17.46327    0.51214
   2278.00000   29.76488    0.89807   16.77601    0.50749
   2279.00000   29.82303    0.88659   17.05302    0.50281
   2280.00000   29.72653    0.87155   17.87720    0.50843
   2281.00000   28.79382    0.87242   17.07125    0.51133
   2282.00000   28.55713    0.85831   16.64717    0.50873
   2283.00000   27.96896    0.86166   17.32233    0.50745
   2284.00000   28.63873    0.84484   17.29156    0.51266
   2285.00000   27.41311    0.85097   17.46598    0.52580
   2286.00000   28.04742    0.84727   17.69833    0.52701
   2287.00000   30.11398    0.85768   17.49953    0.52878
   2288.00000   29.76240    0.86849   17.20369    0.53611
   2289.00000   29.27837    0.86618   18.24594    0.53793
   2290.00000   29.53770    0.87304   17.33757    0.53555
   2291.00000   29.08832    0.86451   17.85130    0.53622
   2292.00000   28.86346    0.86092   16.75966    0.53137
   2293.00000   28.33880    0.85873   17.73057    0.52853
   2294.00000   30.19779    0.86489   16.86191    0.52742
   2295.00000   27.93259    0.86360   18.23730    0.52757
   2296.00000   28.61778    0.86784   17.21777    0.52430
   2297.00000   29.81357    0.87425   16.91285    0.52482
   2298.00000   29.70128    0.87476   17.20994    0.52996
   2299.00000   29.73243    0.88126   17.56412    0.53492
   2300.00000   30.26368    0.87142   18.76791    0.54462
   2301.00000   28.97863    0.86347   17.77486    0.53957
   2302.00000   28.42356    0.87645   18.51462    0.54852
   2303.00000   30.24621    0.87237   18.07911    0.54748
   2304.00000   29.30551    0.88691   18.06869    0.54991
   2305.00000   29.94962    0.87849   18.37260    0.54748
   2306.00000   29.59471    0.87450   18.04525    0.54332
   2307.00000   28.27146    0.86966   18.38464    0.54888
   2308.00000   28.51400    0.88100   19.31552    0.54957
   2309.00000   29.29612    0.88366   19.09549    0.55693
   2555.00000   31.52506    0.93415   13.99383    0.43711
   2556.00000   31.42846    0.95069   15.20654    0.44121
   2557.00000   31.39151    0.95393   14.83796    0.43679
   2558.00000   31.26839    0.94817   14.72481    0.43278
   2559.00000   30.66653    0.94898   14.11633    0.42919
   2560.00000   31.39781    0.95442   14.86902    0.43069
   2561.00000   30.28584    0.94617   15.12666    0.43787
   2562.00000   30.10247    0.94450   14.29294    0.43904
   2563.00000   30.97289    0.94078   14.00879    0.43669
   2564.00000   31.67438    0.93320   14.80508    0.43563
   2565.00000   30.63166    0.93184   14.47699    0.43457
   2566.00000   30.23444    0.92032   14.89020    0.43388
   2567.00000   30.29215    0.91881   14.17526    0.43468
   2568.00000   30.39838    0.91152   15.39770    0.44184
   2569.00000   30.61979    0.90204   14.35041    0.43528
   2570.00000   28.89476    0.92308   14.14592    0.43529
   2571.00000   30.59568    0.90220   14.75315    0.43326
   2572.00000   31.04234    0.91336   14.30042    0.43321
   2573.00000   30.43658    0.92404   14.05457    0.43514
   2574.00000   30.37729    0.91745   14.21453    0.43559
   2575.00000   29.41021    0.91440   14.23199    0.43181
   2576.00000   31.16328    0.92422   13.95667    0.42662
   2577.00000   31.00899    0.91792   14.24786    0.42767
   2578.00000   28.93315    0.90750   14.15157    0.42558
   2579.00000   29.80248    0.90040   14.48853    0.43481
   2580.00000   29.79613    0.87892   15.52383    0.44725
   2581.00000   30.79949    0.88229   14.90864    0.43721
   2582.00000   27.96286    0.88165   14.88088    0.44072
   2583.00000   29.80632    0.87630   15.23098    0.43370
   2584.00000   29.15596    0.87147   13.17857    0.42640
   2585.00000   28.68073    0.87360   14.75132    0.42493
   2586.00000   28.01025    0.86900   14.12088    0.42286
   2587.00000   30.07548    0.86594   14.32460    0.42179
   2588.00000   28.18787    0.85226   14.90125    0.42579
   2589.00000   28.21517    0.85842   14.54882    0.43129
   2590.00000   28.18638    0.86844   13.73126    0.43566
   2591.00000   28.75033    0.86842   14.34718    0.43533
   2592.00000   27.93372    0.86491   14.44821    0.42978
   2593.00000   29.05483    0.84393   13.61348    0.43113
   2594.00000   28.67977    0.84133   14.79361    0.43256
   2595.00000   26.78918    0.84657   13.59869    0.43490
   2596.00000   29.51926    0.84703   14.85138    0.43765
   2597.00000   28.48173    0.86689   14.27060    0.42608
   2598.00000   31.25824    0.89132   14.18523    0.42746
   2599.00000   29.87702    0.88524   14.06245    0.43376
   2600.00000   28.46978    0.88237   14.00955    0.43000
   2601.00000   29.48324    0.88306   14.43679    0.43946
   2602.00000   28.95334    0.87881   14.64971    0.43913
   2603.00000   31.52331    0.89939   14.28994    0.43845
   2604.00000   29.91979    0.91210   13.66631    0.44100
   2605.00000   30.32130    0.92561   14.89456    0.43761
   2606.00000   29.82335    0.93332   14.93927    0.43537
   2607.00000   30.34961    0.92691   14.85834    0.43821
   2608.00000   30.83111    0.92564   14.92282    0.43836
   2609.00000   30.67852    0.93583   13.76103    0.43389
   2610.00000   30.30452    0.94095   14.52754    0.43015
   2611.00000   32.59988    0.92616   13.57226    0.42612
   2612.00000   32.49539    0.93960   13.47708    0.41270
   2613.00000   30.37262    0.93089   14.66261    0.41908
   2614.00000   31.56086    0.93494   14.17094    0.42108
   2615.00000   32.86578    0.94700   13.92437    0.42408
   2616.00000   30.10379    0.94348   14.20565    0.42662
   2617.00000   31.57068    0.94665   14.33292    0.42508
   2618.00000   32.77241    0.94079   14.14232    0.42249
   2619.00000   30.50340    0.93137   14.22891    0.41870
   2620.00000   32.05215    0.92611   13.64169    0.41335
   2621.00000   30.81159    0.91501   13.96396    0.41639
   2622.00000   29.15937    0.91575   13.30943    0.41367
   2623.00000   29.93247    0.90161   14.15611    0.41083
   2624.00000   29.97416    0.89358   13.46352    0.40387
   2625.00000   29.49216    0.90594   13.60004    0.41096
   2626.00000   30.08905    0.90945   13.20957    0.41486
   2627.00000   30.51820    0.91265   13.87273    0.41390
   2628.00000   31.56773    0.91819   14.52337    0.40650
   2629.00000   29.87567    0.93869   13.61553    0.41047
   2630.00000   31.47889    0.94677   13.23191    0.40667
   2631.00000   31.48566    0.94906   13.88231    0.41552
   2632.00000   30.38285    0.93971   13.95706    0.40931
   2633.00000   31.80978    0.94546   13.44347    0.41159
   2634.00000   32.33945    0.96524   13.73674    0.41070
   2635.00000   31.42740    0.94117   13.60020    0.40880
   2636.00000   32.94826    0.94886   13.77664    0.40708
   2637.00000   35.00725    0.95546   13.72871    0.40546
   2638.00000   30.54471    0.96216   13.86252    0.40330
   2639.00000   30.78754    0.95987   13.22190    0.40386
   2640.00000   32.75991    0.97394   13.39857    0.40127
   2641.00000   32.28592    0.97764   12.95941    0.39928
   2642.00000   30.90925    0.96969   13.59303    0.40657
   2643.00000   32.21385    0.97320   13.88472    0.40444
   2644.00000   30.53821    0.96369   12.87180    0.39886
   2645.00000   32.06444    0.97659   13.40896    0.40282
   2646.00000   31.37261    0.97635   13.49118    0.41109
   2647.00000   31.98744    0.97140   14.23012    0.41341
   2648.00000   31.08976    0.97170   13.87386    0.42417
   2649.00000   31.84500    0.96067   13.67285    0.41549
   2650.00000   32.56144    0.97430   13.20994    0.42059
   2651.00000   31.84824    0.97693   14.57213    0.42386
   2652.00000   32.49217    0.96576   14.23984    0.42162
   2653.00000   31.02927    0.97557   13.61811    0.41751
   2654.00000   31.34986    0.94875   13.36378    0.41624
   2655.00000   30.51575    0.96562   14.03540    0.41532
   2656.00000   33.40350    0.96545   14.26234    0.42297
   2657.00000   32.93833    0.95492   14.44790    0.42453
   2658.00000   33.02633    0.95237   13.98380    0.42059
   2659.00000   32.09084    0.95411   14.27459    0.42107
   2660.00000   31.89305    0.94618   13.36447    0.41700
   2661.00000   33.25767    0.94533   14.92161    0.42196
   2662.00000   31.99155    0.97228   14.05193    0.42781
   2663.00000   32.18827    0.97947   15.18975    0.42972
   2664.00000   32.21902    0.99018   14.50950    0.43293
   2665.00000   32.87658    0.99316   14.59083    0.43461
   2666.00000   32.67312    0.99908   14.65892    0.43247
   2667.00000   33.25235    1.02069   14.51975    0.43936
   2668.00000   33.97511    1.03964   15.38655    0.43830
   2669.00000   34.91481    1.02572   14.87951    0.43662
   2670.00000   33.75280    1.02748   14.11650    0.43883
   2671.00000   36.17513    1.03752   13.76506    0.44585
   2672.00000   33.99578    1.05602   16.16509    0.45036
   2673.00000   35.13720    1.07361   15.63568    0.45711
   2674.00000   35.08036    1.08584   15.63142    0.45762
   2920.00000   36.36465    1.02148   17.33256    0.54106
   2921.00000   33.52538    1.02817   18.78798    0.53892
   2922.00000   33.91814    1.02246   18.05999    0.53779
   2923.00000   35.69447    1.04179   18.96165    0.54000
   2924.00000   34.34810    1.03806   18.10365    0.53541
   2925.00000   33.91096    1.03828   18.16959    0.54097
   2926.00000   34.92880    1.02872   17.32927    0.53876
   2927.00000   34.23086    1.01404   18.45316    0.53467
   2928.00000   33.41874    1.00543   18.05364    0.53419
   2929.00000   33.56052    1.02225   18.27524    0.52991
   2930.00000   32.79022    1.03468   18.05523    0.53136
   2931.00000   34.59113    1.03059   17.11925    0.53899
   2932.00000   33.28221    1.04154   17.42659    0.53510
   2933.00000   35.86264    1.04792   17.32916    0.53890
   2934.00000   34.51474    1.06310   17.14723    0.54079
   2935.00000   35.30208    1.05568   17.80277    0.54949
   2936.00000   37.04900    1.05757   18.92190    0.55700
   2937.00000   36.67871    1.07349   19.11313    0.56821
   2938.00000   35.82872    1.06768   19.98673    0.56639
   2939.00000   35.46339    1.06681   18.23319    0.56090
   2940.00000   33.88334    1.04018   19.09937    0.55702
   2941.00000   36.32549    1.04951   17.43149    0.55145
   2942.00000   34.96442    1.05538   18.42231    0.54179
   2943.00000   34.96417    1.06482   17.53605    0.53157
   2944.00000   35.58086    1.06426   16.17933    0.53231
   2945.00000   36.06807    1.06422   17.74933    0.53465
   2946.00000   34.85680    1.07259   17.91034    0.53307
   2947.00000   32.92180    1.05471   18.23411    0.54799
   2948.00000   35.71734    1.05301   18.92558    0.55308
   2949.00000   35.27492    1.04884   18.64778    0.54262
   2950.00000   35.75409    1.04293   18.35546    0.53725
   2951.00000   34.76138    1.05499   17.53271    0.53079
   2952.00000   34.61338    1.04405   17.50790    0.52548
   2953.00000   36.12004    1.04732   18.81277    0.52903
   2954.00000   36.26442    1.03419   17.97613    0.52977
   2955.00000   33.86710    1.03170   17.46077    0.53188
   2956.00000   36.39900    1.05187   17.27457    0.52646
   2957.00000   35.70176    1.05378   17.58242    0.52982
   2958.00000   36.69508    1.06754   17.46502    0.53315
   2959.00000   34.88259    1.05150   17.68462    0.52848
   2960.00000   35.07069    1.04708   17.11629    0.52370
   2961.00000   33.83451    1.03103   17.82352    0.51799
   2962.00000   35.31480    1.03102   17.15175    0.52306
   2963.00000   34.33266    1.03572   17.95430    0.52472
   2964.00000   33.12882    1.02810   18.52258    0.52361
   2965.00000   34.68313    1.02609   16.31074    0.52060
   2966.00000   34.15873    1.03986   17.19213    0.51428
   2967.00000   33.98766    1.05248   16.86440    0.49900
   2968.00000   34.53678    1.05596   17.66329    0.49560
   2969.00000   35.20030    1.06034   16.96521    0.49932
   2970.00000   33.77133    1.05891   16.80917    0.50223
   2971.00000   38.62945    1.06946   17.18506    0.51185
   2972.00000   37.94497    1.08224   16.82871    0.50881
   2973.00000   36.35763    1.08100   16.97978    0.50651
   2974.00000   36.29693    1.09534   17.18176    0.50758
   2975.00000   35.60309    1.08156   16.97451    0.51400
   2976.00000   34.73715    1.07675   18.52437    0.52450
   2977.00000   35.08756    1.07021   16.43565    0.51339
   2978.00000   37.96957    1.08301   16.92437    0.50771
   2979.00000   37.33489    1.07769   16.20679    0.50804
   2980.00000   38.37065    1.10755   17.10711    0.51310
   2981.00000   35.26560    1.08962   16.95725    0.52450
   2982.00000   37.60937    1.08964   17.65888    0.52776
   2983.00000   37.22340    1.10180   16.87690    0.52798
   2984.00000   33.72882    1.08647   17.08837    0.52327
   2985.00000   34.96280    1.08510   18.41360    0.52690
   2986.00000   36.26853    1.06992   17.50967    0.52842
   2987.00000   35.39976    1.07633   18.44994    0.52858
   2988.00000   35.16989    1.07594   18.10452    0.53376
   2989.00000   37.47246    1.07478   18.04225    0.53248
   2990.00000   34.61879    1.06561   16.43225    0.51362
   2991.00000   34.73894    1.05660   16.72365    0.51872
   2992.00000   35.65489    1.04942   16.89825    0.50973
   2993.00000   33.66848    1.03582   17.80619    0.51682
   2994.00000   35.15125    1.04183   16.09466    0.51157
   2995.00000   34.46017    1.03990   17.06402    0.51192
   2996.00000   36.60734    1.04212   18.79731    0.51989
   2997.00000   34.99347    1.06589   17.24062    0.52307
   2998.00000   36.69529    1.06643   17.86259    0.52307
   2999.00000   35.25474    1.07417   17.52317    0.51984
   3000.00000   36.45931    1.08073   17.80529    0.52658
   3001.00000   34.32989    1.08996   17.77364    0.52599
   3002.00000   37.95268    1.08665   17.08692    0.51652
   3003.00000   38.75703    1.10564   17.00641    0.50794
   3004.00000   35.17540    1.08093   17.06548    0.51316
   3005.00000   34.86403    1.08901   16.84600    0.51556
   3006.00000   35.95106    1.08087   17.98438    0.51779
   3007.00000   37.72268    1.07815   16.89412    0.52098
   3008.00000   35.83565    1.08765   16.91976    0.52495
   3009.00000   36.46335    1.08259   17.47845    0.52244
   3010.00000   36.23241    1.08829   17.12142    0.52945
   3011.00000   35.29300    1.09353   17.35043    0.52708
   3012.00000   34.91649    1.08265   17.86206    0.51946
   3013.00000   36.05633    1.10070   17.30125    0.50955
   3014.00000   37.79896    1.11520   15.87068    0.50598
   3015.00000   38.48452    1.13281   17.04978    0.50678
   3016.00000   36.61879    1.12486   16.77985    0.50394
   3017.00000   36.73780    1.10931   16.38375    0.50413
   3018.00000   37.42520    1.11392   16.81979    0.50637
   3019.00000   37.40086    1.10330   15.95179    0.50390
   3020.00000   36.83145    1.09148   16.96798    0.50500
   3021.00000   35.87050    1.08336   16.41477    0.50177
   3022.00000   34.90223    1.07710   17.07656    0.50007
   3023.00000   34.43435    1.05983   16.75117    0.49815
   3024.00000   35.14222    1.07240   16.52904    0.49715
   3025.00000   37.35338    1.06553   16.63868    0.49823
   3026.00000   35.18436    1.06795   16.40721    0.49026
   3027.00000   35.12369    1.06162   15.67238    0.48595
   3028.00000   36.09542    1.07825   16.56236    0.48287
   3029.00000   37.87805    1.08840   16.50162    0.49064
   3030.00000   36.00671    1.08355   16.28287    0.49309
   3031.00000   38.88719    1.10515   16.97868    0.50227
   3032.00000   36.79892    1.10239   17.52828    0.50027
   3033.00000   36.68878    1.10672   16.45317    0.49379
   3034.00000   36.22492    1.11150   16.84618    0.49712
   3035.00000   36.66786    1.10645   16.83925    0.50248
   3036.00000   36.63008    1.10430   17.18668    0.50134
   3037.00000   36.72447    1.11960   15.88645    0.50280
   3038.00000   36.77272    1.11499   16.86153    0.51429
   3039.00000   38.16364    1.13000   17.67150    0.51879
   3285.00000   38.76171    1.12947   17.74373    0.52798
   3286.00000   35.10486    1.11280   17.56757    0.52547
   3287.00000   34.99940    1.10784   16.97696    0.52317
   3288.00000   35.23285    1.10736   16.94239    0.51819
   3289.00000   38.73828    1.10796   16.63165    0.51481
   3290.00000   36.65092    1.08409   17.65322    0.52596
   3291.00000   34.00945    1.08998   17.30111    0.52404
   3292.00000   39.85847    1.11859   16.62608    0.52035
   3293.00000   38.22546    1.12668   17.03213    0.51966
   3294.00000   36.18698    1.11149   17.84969    0.51862
   3295.00000   39.73001    1.12637   17.60706    0.51784
   3296.00000   37.92827    1.12374   17.07847    0.51910
   3297.00000   36.98613    1.11646   18.28396    0.51547
   3298.00000   36.90618    1.13359   17.28614    0.51253
   3299.00000   38.35388    1.14946   17.32791    0.51410
   3300.00000   38.91803    1.14860   17.31491    0.51320
   3301.00000   36.20307    1.13508   17.55249    0.51815
   3302.00000   37.81439    1.11940   18.16448    0.52395
   3303.00000   38.09235    1.12115   17.21589    0.52719
   3304.00000   35.45874    1.11386   17.51228    0.51856
   3305.00000   37.04723    1.11328   17.26034    0.51134
   3306.00000   35.47237    1.11557   17.85377    0.52358
   3307.00000   36.06323    1.12748   17.72863    0.51693
   3308.00000   39.06157    1.12937   17.16341    0.50970
   3309.00000   37.99756    1.12385   17.38368    0.50945
   3310.00000   38.26003    1.12329   17.46806    0.51977
   3311.00000   38.95110    1.14062   17.64794    0.52479
   3312.00000   38.08038    1.14922   18.36455    0.52579
   3313.00000   37.67047    1.16086   17.91747    0.52688
   3314.00000   39.16770    1.14925   17.75925    0.53075
   3315.00000   37.42735    1.15656   18.59262    0.53859
   3316.00000   39.02729    1.17139   16.54654    0.53836
   3317.00000   40.59452    1.17517   16.79867    0.54022
   3318.00000   41.00199    1.18167   17.47763    0.53935
   3319.00000   39.79938    1.19794   17.94603    0.53258
   3320.00000   40.89622    1.18462   17.19977    0.53659
   3321.00000   41.88802    1.21819   17.81500    0.52828
   3322.00000   41.56931    1.23108   17.62422    0.52227
   3323.00000   43.61800    1.23261   17.85823    0.52408
   3324.00000   42.51911    1.22556   17.17651    0.52095
   3325.00000   38.31466    1.22342   17.88492    0.52051
   3326.00000   36.89081    1.21910   16.55596    0.52051
   3327.00000   39.83233    1.20613   17.77181    0.52029
   3328.00000   38.90663    1.18510   16.80748    0.52267
   3329.00000   40.89454    1.19473   17.55574    0.51252
   3330.00000   37.94844    1.21146   16.40135    0.50873
   3331.00000   38.92892    1.20748   16.59709    0.50885
   3332.00000   41.27158    1.21835   17.07465    0.51559
   3333.00000   41.51624    1.22138   17.41692    0.50754
   3334.00000   40.63125    1.22597   17.14419    0.51069
   3335.00000   41.37192    1.22684   17.57429    0.51918
   3336.00000   41.91794    1.21687   17.63348    0.51850
   3337.00000   39.06308    1.18700   18.41228    0.51969
   3338.00000   38.75956    1.18257   16.66730    0.52469
   3339.00000   39.81855    1.19224   18.00523    0.52839
   3340.00000   39.85766    1.19098   18.30992    0.53397
   3341.00000   40.36259    1.19555   18.34407    0.53340
   3342.00000   39.75042    1.18000   17.46164    0.53221
   3343.00000   39.31048    1.20655   16.71454    0.53258
   3344.00000   41.93936    1.20614   17.00486    0.52219
   3345.00000   40.16000    1.22667   17.03021    0.51545
   3346.00000   40.29479    1.20796   16.37495    0.51118
   3347.00000   38.49091    1.20234   17.21446    0.50832
   3348.00000   38.94988    1.20847   16.18527    0.50694
   3349.00000   40.51179    1.21733   17.20340    0.51410
   3350.00000   40.13070    1.22502   16.75983    0.51479
   3351.00000   40.96853    1.23831   17.60721    0.52342
   3352.00000   40.73527    1.23532   17.07239    0.52081
   3353.00000   39.97493    1.20820   17.11379    0.52263
   3354.00000   41.38600    1.21579   17.15543    0.52760
   3355.00000   38.80557    1.20583   18.25157    0.52195
   3356.00000   40.20712    1.20042   17.77461    0.52131
   3357.00000   40.25885    1.18482   17.46135    0.52183
   3358.00000   40.22328    1.20209   18.22119    0.52318
   3359.00000   38.66452    1.20599   17.18992    0.52175
   3360.00000   39.22451    1.19385   17.36805    0.52410
   3361.00000   37.87172    1.18534   16.88117    0.51545
   3362.00000   38.02609    1.17588   17.44428    0.52485
   3363.00000   39.62835    1.17730   17.94328    0.52787
   3364.00000   39.66590    1.17129   16.97343    0.52958
   3365.00000   39.00932    1.18531   17.18727    0.52243
   3366.00000   39.01507    1.19968   16.57505    0.51832
   3367.00000   40.94607    1.19193   17.12608    0.52024
   3368.00000   38.61567    1.19166   18.57720    0.53099
   3369.00000   38.42924    1.16503   16.98249    0.52296
   3370.00000   38.50129    1.16082   18.23836    0.53102
   3371.00000   37.75064    1.16343   17.85411    0.53041
   3372.00000   39.21343    1.17278   17.67923    0.52586
   3373.00000   38.42991    1.19416   17.73825    0.53340
   3374.00000   41.41167    1.20469   18.08820    0.54023
   3375.00000   39.11083    1.19635   17.14345    0.53546
   3376.00000   39.69241    1.19012   19.29731    0.53893
   3377.00000   39.34247    1.17507   18.34650    0.53754
   3378.00000   38.60357    1.18849   17.21162    0.53279
   3379.00000   38.33028    1.18070   18.47112    0.54110
   3380.00000   39.22044    1.20570   18.28216    0.54861
   3381.00000   42.03177    1.23511   17.89404    0.54009
   3382.00000   40.42248    1.21238   18.15322    0.54279
   3383.00000   41.03841    1.22066   18.58251    0.54111
   3384.00000   40.04238    1.22334   17.76323    0.54686
   3385.00000   40.32360    1.24884   17.95337    0.54514
   3386.00000   41.43134    1.24794   19.11433    0.55134
   3387.00000   40.65437    1.24973   18.33059    0.54788
   3388.00000   41.26152    1.25060   18.09370    0.54068
   3389.00000   43.56623    1.25976   17.59114    0.54153
   3390.00000   41.51166    1.25897   17.17971    0.54802
   3391.00000   42.33691    1.23962   18.20802    0.54376
   3392.00000   38.80085    1.22897   18.44459    0.54191
   3393.00000   42.54846    1.25160   18.62515    0.53051
   3394.00000   41.85798    1.24731   17.26058    0.53034
   3395.00000   41.82766    1.24202   17.26765    0.53613
   3396.00000   42.14487    1.24180   18.25420    0.53009
   3397.00000   41.64724    1.24471   18.74825    0.53218
   3398.00000   41.61328    1.23458   17.36110    0.52685
   3399.00000   42.58371    1.24743   17.99481    0.52683
   3400.00000   43.04145    1.24029   18.13178    0.53286
   3401.00000   41.57081    1.23108   18.29242    0.53737
   3402.00000   39.73858    1.21162   17.98917    0.54163
   3403.00000   38.80363    1.21744   17.54291    0.53903
   3404.00000   42.08521    1.19403   17.79554    0.54586
