## Time Delay Challenge light curves
##
## [time]=days, [lc]=[err]=flux in nanomaggies
##
##       time       lc_A      err_A       lc_B      err_B
##-------------------------------------------------------
      0.00000    0.90821    0.02611    0.59744    0.01735
      1.00000    0.90300    0.02605    0.56663    0.01726
      2.00000    0.87985    0.02608    0.57168    0.01736
      3.00000    0.85553    0.02608    0.56620    0.01756
      4.00000    0.80050    0.02599    0.54578    0.01738
      5.00000    0.91711    0.02612    0.58706    0.01713
      6.00000    0.86116    0.02588    0.54891    0.01709
      7.00000    0.82060    0.02559    0.56244    0.01706
      8.00000    0.86657    0.02575    0.56523    0.01699
      9.00000    0.82217    0.02561    0.54036    0.01696
     10.00000    0.85930    0.02546    0.56341    0.01701
     11.00000    0.84275    0.02587    0.59457    0.01694
     12.00000    0.84784    0.02580    0.57681    0.01697
     13.00000    0.87710    0.02601    0.54069    0.01691
     14.00000    0.86131    0.02594    0.57683    0.01669
     15.00000    0.86603    0.02630    0.59171    0.01675
     16.00000    0.83457    0.02645    0.57941    0.01670
     17.00000    0.87276    0.02664    0.57706    0.01661
     18.00000    0.86002    0.02656    0.57564    0.01686
     19.00000    0.88113    0.02660    0.54914    0.01682
     20.00000    0.91734    0.02651    0.57006    0.01699
     21.00000    0.85916    0.02638    0.55127    0.01692
     22.00000    0.89310    0.02666    0.53890    0.01714
     23.00000    0.87234    0.02650    0.60250    0.01723
     24.00000    0.90593    0.02660    0.58517    0.01733
     25.00000    0.93931    0.02669    0.58883    0.01731
     26.00000    0.85101    0.02673    0.54597    0.01737
     27.00000    0.87354    0.02671    0.57791    0.01731
     28.00000    0.91943    0.02683    0.56618    0.01720
     29.00000    0.88940    0.02662    0.57719    0.01739
     30.00000    0.91007    0.02660    0.60465    0.01725
     31.00000    0.89089    0.02679    0.56744    0.01735
     32.00000    0.88121    0.02681    0.56643    0.01740
     33.00000    0.86697    0.02692    0.54286    0.01742
     34.00000    0.91405    0.02697    0.56658    0.01737
     35.00000    0.88806    0.02712    0.60392    0.01748
     36.00000    0.92441    0.02732    0.54093    0.01740
     37.00000    0.88771    0.02702    0.59377    0.01730
     38.00000    0.90573    0.02695    0.55776    0.01744
     39.00000    0.89630    0.02700    0.56899    0.01750
     40.00000    0.90615    0.02696    0.56124    0.01751
     41.00000    0.87727    0.02704    0.57866    0.01754
     42.00000    0.91538    0.02697    0.54278    0.01768
     43.00000    0.91691    0.02659    0.60721    0.01776
     44.00000    0.94513    0.02647    0.60559    0.01755
     45.00000    0.85895    0.02635    0.59679    0.01751
     46.00000    0.86034    0.02640    0.57241    0.01758
     47.00000    0.89221    0.02610    0.57924    0.01755
     48.00000    0.86133    0.02596    0.60424    0.01765
     49.00000    0.86383    0.02621    0.58211    0.01757
     50.00000    0.80866    0.02611    0.57848    0.01736
     51.00000    0.86262    0.02600    0.56862    0.01718
     52.00000    0.85942    0.02568    0.56564    0.01714
     53.00000    0.86143    0.02568    0.59323    0.01719
     54.00000    0.90788    0.02573    0.54170    0.01700
     55.00000    0.83224    0.02580    0.56580    0.01695
     56.00000    0.80794    0.02590    0.57567    0.01705
     57.00000    0.83880    0.02547    0.54371    0.01698
     58.00000    0.81610    0.02524    0.57015    0.01694
     59.00000    0.86959    0.02510    0.55168    0.01671
     60.00000    0.85582    0.02517    0.56712    0.01675
     61.00000    0.83125    0.02505    0.53828    0.01679
     62.00000    0.80625    0.02491    0.57603    0.01677
     63.00000    0.87986    0.02493    0.55380    0.01687
     64.00000    0.86141    0.02472    0.55323    0.01660
     65.00000    0.82672    0.02450    0.56829    0.01645
     66.00000    0.86785    0.02466    0.51929    0.01637
     67.00000    0.82002    0.02449    0.52188    0.01641
     68.00000    0.85267    0.02495    0.54045    0.01634
     69.00000    0.86450    0.02520    0.53070    0.01623
     70.00000    0.87613    0.02541    0.56196    0.01624
     71.00000    0.82071    0.02540    0.54867    0.01609
     72.00000    0.80159    0.02526    0.52899    0.01597
     73.00000    0.82090    0.02509    0.51033    0.01605
     74.00000    0.84238    0.02496    0.51545    0.01599
     75.00000    0.83605    0.02461    0.55077    0.01626
     76.00000    0.83342    0.02465    0.53038    0.01639
     77.00000    0.81484    0.02479    0.52068    0.01650
     78.00000    0.78835    0.02502    0.56099    0.01648
     79.00000    0.81806    0.02521    0.53007    0.01648
     80.00000    0.89313    0.02547    0.55316    0.01635
     81.00000    0.83670    0.02530    0.57316    0.01628
     82.00000    0.88866    0.02546    0.52828    0.01607
     83.00000    0.87261    0.02563    0.53391    0.01605
     84.00000    0.82831    0.02552    0.56216    0.01618
     85.00000    0.82750    0.02539    0.53299    0.01629
     86.00000    0.86895    0.02528    0.54615    0.01647
     87.00000    0.86751    0.02538    0.55457    0.01658
     88.00000    0.85107    0.02524    0.54134    0.01645
     89.00000    0.82730    0.02547    0.54874    0.01663
     90.00000    0.85142    0.02525    0.56508    0.01669
     91.00000    0.80378    0.02518    0.56356    0.01664
     92.00000    0.82998    0.02530    0.53982    0.01652
     93.00000    0.79866    0.02525    0.58095    0.01647
     94.00000    0.84313    0.02515    0.54791    0.01655
     95.00000    0.83306    0.02532    0.55304    0.01649
     96.00000    0.86158    0.02534    0.54359    0.01660
     97.00000    0.80411    0.02524    0.54376    0.01647
     98.00000    0.84558    0.02539    0.54762    0.01639
     99.00000    0.85405    0.02557    0.53652    0.01647
    100.00000    0.79110    0.02524    0.55389    0.01644
    101.00000    0.85225    0.02523    0.53939    0.01637
    102.00000    0.86017    0.02519    0.52662    0.01651
    103.00000    0.88716    0.02507    0.56007    0.01646
    104.00000    0.87655    0.02485    0.55492    0.01644
    105.00000    0.83584    0.02476    0.55014    0.01647
    106.00000    0.84353    0.02487    0.54128    0.01666
    107.00000    0.79129    0.02472    0.53689    0.01642
    108.00000    0.81144    0.02467    0.53934    0.01639
    109.00000    0.86946    0.02506    0.55658    0.01638
    110.00000    0.83895    0.02493    0.52534    0.01634
    111.00000    0.81745    0.02489    0.56786    0.01620
    112.00000    0.87155    0.02483    0.52752    0.01615
    113.00000    0.82012    0.02481    0.55726    0.01618
    114.00000    0.81087    0.02469    0.53739    0.01611
    115.00000    0.84161    0.02499    0.56116    0.01608
    116.00000    0.89403    0.02517    0.56025    0.01631
    117.00000    0.84980    0.02533    0.54850    0.01625
    118.00000    0.78040    0.02534    0.54027    0.01620
    119.00000    0.86149    0.02544    0.58512    0.01619
    365.00000    0.84549    0.02576    0.58209    0.01727
    366.00000    0.86485    0.02573    0.57246    0.01703
    367.00000    0.84382    0.02563    0.56853    0.01699
    368.00000    0.84347    0.02542    0.55596    0.01681
    369.00000    0.82558    0.02545    0.56121    0.01688
    370.00000    0.84519    0.02525    0.55255    0.01696
    371.00000    0.84419    0.02529    0.54670    0.01704
    372.00000    0.81907    0.02518    0.54269    0.01679
    373.00000    0.79980    0.02500    0.57994    0.01674
    374.00000    0.83287    0.02489    0.53635    0.01670
    375.00000    0.81552    0.02489    0.54714    0.01656
    376.00000    0.85565    0.02486    0.52933    0.01657
    377.00000    0.83340    0.02477    0.53070    0.01641
    378.00000    0.82366    0.02488    0.53844    0.01648
    379.00000    0.87539    0.02508    0.55420    0.01638
    380.00000    0.84644    0.02497    0.56543    0.01634
    381.00000    0.83874    0.02502    0.52596    0.01626
    382.00000    0.82714    0.02518    0.55626    0.01627
    383.00000    0.86702    0.02536    0.53622    0.01619
    384.00000    0.87895    0.02539    0.53990    0.01613
    385.00000    0.82349    0.02508    0.54466    0.01623
    386.00000    0.79166    0.02531    0.51104    0.01632
    387.00000    0.83607    0.02517    0.52666    0.01629
    388.00000    0.83771    0.02530    0.51368    0.01625
    389.00000    0.82941    0.02506    0.54210    0.01636
    390.00000    0.85879    0.02510    0.55779    0.01654
    391.00000    0.86733    0.02510    0.55916    0.01649
    392.00000    0.85892    0.02547    0.54560    0.01633
    393.00000    0.85134    0.02541    0.51571    0.01652
    394.00000    0.77101    0.02546    0.55778    0.01644
    395.00000    0.86567    0.02558    0.54457    0.01645
    396.00000    0.89336    0.02531    0.56015    0.01637
    397.00000    0.84410    0.02545    0.54749    0.01633
    398.00000    0.86954    0.02535    0.55563    0.01635
    399.00000    0.83993    0.02531    0.57857    0.01654
    400.00000    0.86050    0.02550    0.56669    0.01655
    401.00000    0.87325    0.02528    0.54250    0.01660
    402.00000    0.82814    0.02504    0.55772    0.01661
    403.00000    0.81611    0.02521    0.53581    0.01655
    404.00000    0.84029    0.02538    0.58599    0.01656
    405.00000    0.82674    0.02534    0.54090    0.01654
    406.00000    0.83905    0.02568    0.52946    0.01648
    407.00000    0.85552    0.02583    0.55291    0.01659
    408.00000    0.83737    0.02579    0.56633    0.01646
    409.00000    0.88008    0.02576    0.55336    0.01633
    410.00000    0.86542    0.02560    0.51928    0.01643
    411.00000    0.89793    0.02556    0.53948    0.01653
    412.00000    0.84835    0.02527    0.52768    0.01653
    413.00000    0.82978    0.02564    0.56006    0.01671
    414.00000    0.84578    0.02562    0.59384    0.01685
    415.00000    0.87586    0.02534    0.54014    0.01678
    416.00000    0.81463    0.02535    0.58390    0.01677
    417.00000    0.82178    0.02526    0.54294    0.01669
    418.00000    0.83282    0.02499    0.52355    0.01670
    419.00000    0.84506    0.02520    0.56290    0.01648
    420.00000    0.79554    0.02524    0.55781    0.01669
    421.00000    0.80612    0.02503    0.56916    0.01671
    422.00000    0.83870    0.02507    0.53592    0.01657
    423.00000    0.81809    0.02508    0.57257    0.01655
    424.00000    0.83331    0.02484    0.53058    0.01646
    425.00000    0.83283    0.02483    0.53367    0.01634
    426.00000    0.82027    0.02464    0.52285    0.01644
    427.00000    0.81885    0.02465    0.52370    0.01650
    428.00000    0.82855    0.02493    0.53692    0.01636
    429.00000    0.88073    0.02505    0.55637    0.01631
    430.00000    0.83501    0.02492    0.55656    0.01640
    431.00000    0.89864    0.02534    0.56409    0.01616
    432.00000    0.85847    0.02518    0.54783    0.01616
    433.00000    0.85153    0.02494    0.55359    0.01608
    434.00000    0.83745    0.02514    0.53829    0.01605
    435.00000    0.79682    0.02533    0.55212    0.01620
    436.00000    0.84944    0.02525    0.55214    0.01630
    437.00000    0.81673    0.02519    0.50146    0.01622
    438.00000    0.87045    0.02552    0.54717    0.01653
    439.00000    0.82607    0.02559    0.53541    0.01641
    440.00000    0.85443    0.02565    0.51277    0.01628
    441.00000    0.88509    0.02542    0.54484    0.01636
    442.00000    0.82870    0.02540    0.55697    0.01650
    443.00000    0.86152    0.02561    0.55062    0.01648
    444.00000    0.87431    0.02574    0.55342    0.01640
    445.00000    0.84953    0.02567    0.57367    0.01665
    446.00000    0.82693    0.02551    0.55249    0.01669
    447.00000    0.89357    0.02560    0.53754    0.01672
    448.00000    0.87459    0.02591    0.55677    0.01658
    449.00000    0.86556    0.02611    0.54108    0.01651
    450.00000    0.82950    0.02572    0.56834    0.01664
    451.00000    0.87170    0.02575    0.56355    0.01674
    452.00000    0.83470    0.02587    0.54470    0.01672
    453.00000    0.84115    0.02591    0.55208    0.01665
    454.00000    0.87407    0.02592    0.56670    0.01671
    455.00000    0.87207    0.02609    0.57874    0.01683
    456.00000    0.83958    0.02622    0.56520    0.01696
    457.00000    0.90833    0.02637    0.57905    0.01682
    458.00000    0.92211    0.02639    0.56134    0.01681
    459.00000    0.87987    0.02635    0.58302    0.01685
    460.00000    0.85791    0.02626    0.55283    0.01687
    461.00000    0.92474    0.02611    0.56911    0.01690
    462.00000    0.84221    0.02600    0.58689    0.01698
    463.00000    0.92435    0.02618    0.56238    0.01708
    464.00000    0.90531    0.02618    0.60152    0.01720
    465.00000    0.84195    0.02602    0.57149    0.01721
    466.00000    0.90671    0.02625    0.56692    0.01716
    467.00000    0.87350    0.02602    0.56347    0.01706
    468.00000    0.86933    0.02585    0.54354    0.01700
    469.00000    0.78082    0.02565    0.53936    0.01691
    470.00000    0.85663    0.02564    0.56483    0.01703
    471.00000    0.84643    0.02533    0.55839    0.01706
    472.00000    0.85708    0.02550    0.57209    0.01697
    473.00000    0.85565    0.02535    0.55258    0.01709
    474.00000    0.86074    0.02575    0.53446    0.01697
    475.00000    0.86069    0.02578    0.57593    0.01685
    476.00000    0.85359    0.02567    0.54360    0.01670
    477.00000    0.86387    0.02544    0.53856    0.01672
    478.00000    0.84143    0.02543    0.56039    0.01653
    479.00000    0.83545    0.02565    0.57462    0.01661
    480.00000    0.84047    0.02565    0.56536    0.01653
    481.00000    0.89147    0.02562    0.53316    0.01673
    482.00000    0.84165    0.02549    0.53146    0.01683
    483.00000    0.90563    0.02567    0.54793    0.01671
    484.00000    0.86035    0.02570    0.56523    0.01659
    730.00000    0.76452    0.02406    0.51907    0.01581
    731.00000    0.80316    0.02400    0.52425    0.01594
    732.00000    0.80441    0.02383    0.50865    0.01593
    733.00000    0.79450    0.02372    0.53568    0.01601
    734.00000    0.79436    0.02366    0.49904    0.01580
    735.00000    0.75544    0.02353    0.49762    0.01588
    736.00000    0.79158    0.02354    0.54268    0.01581
    737.00000    0.77189    0.02348    0.49780    0.01571
    738.00000    0.75061    0.02332    0.53852    0.01568
    739.00000    0.76982    0.02335    0.48915    0.01553
    740.00000    0.80365    0.02326    0.51899    0.01549
    741.00000    0.84080    0.02346    0.53586    0.01543
    742.00000    0.80592    0.02376    0.51125    0.01529
    743.00000    0.77645    0.02395    0.49168    0.01537
    744.00000    0.79058    0.02416    0.50441    0.01531
    745.00000    0.83073    0.02399    0.52888    0.01521
    746.00000    0.82002    0.02407    0.51401    0.01521
    747.00000    0.82837    0.02404    0.50597    0.01512
    748.00000    0.79581    0.02407    0.51437    0.01526
    749.00000    0.79617    0.02416    0.50266    0.01551
    750.00000    0.78756    0.02424    0.50834    0.01558
    751.00000    0.80640    0.02391    0.52818    0.01575
    752.00000    0.79360    0.02414    0.52162    0.01560
    753.00000    0.80740    0.02398    0.52138    0.01564
    754.00000    0.83616    0.02435    0.54944    0.01568
    755.00000    0.81449    0.02425    0.50628    0.01569
    756.00000    0.81110    0.02409    0.51367    0.01575
    757.00000    0.80604    0.02429    0.50871    0.01577
    758.00000    0.79475    0.02426    0.50927    0.01560
    759.00000    0.82812    0.02410    0.51576    0.01578
    760.00000    0.81426    0.02428    0.50523    0.01563
    761.00000    0.82584    0.02436    0.55631    0.01587
    762.00000    0.80458    0.02447    0.53087    0.01583
    763.00000    0.81923    0.02466    0.54178    0.01573
    764.00000    0.85760    0.02488    0.53290    0.01580
    765.00000    0.83057    0.02498    0.54074    0.01583
    766.00000    0.78519    0.02493    0.52649    0.01574
    767.00000    0.86376    0.02507    0.51059    0.01578
    768.00000    0.87364    0.02519    0.56243    0.01585
    769.00000    0.84380    0.02550    0.51325    0.01597
    770.00000    0.83332    0.02563    0.52599    0.01605
    771.00000    0.87410    0.02557    0.52905    0.01618
    772.00000    0.85148    0.02559    0.56323    0.01624
    773.00000    0.85797    0.02550    0.54423    0.01622
    774.00000    0.85074    0.02552    0.55195    0.01634
    775.00000    0.85511    0.02552    0.53253    0.01641
    776.00000    0.86279    0.02551    0.56524    0.01661
    777.00000    0.91432    0.02570    0.55124    0.01669
    778.00000    0.85827    0.02563    0.56865    0.01665
    779.00000    0.85506    0.02551    0.53910    0.01668
    780.00000    0.89788    0.02570    0.54355    0.01664
    781.00000    0.84821    0.02580    0.54778    0.01659
    782.00000    0.84546    0.02598    0.58209    0.01665
    783.00000    0.87045    0.02589    0.54401    0.01657
    784.00000    0.89578    0.02576    0.56576    0.01675
    785.00000    0.88423    0.02598    0.54960    0.01672
    786.00000    0.86564    0.02584    0.56729    0.01659
    787.00000    0.88959    0.02606    0.55128    0.01676
    788.00000    0.88201    0.02624    0.56473    0.01681
    789.00000    0.86362    0.02620    0.55279    0.01693
    790.00000    0.91798    0.02662    0.59642    0.01689
    791.00000    0.87998    0.02707    0.53626    0.01680
    792.00000    0.84366    0.02703    0.53423    0.01686
    793.00000    0.96409    0.02736    0.55483    0.01680
    794.00000    0.92330    0.02720    0.60262    0.01698
    795.00000    0.96348    0.02730    0.55814    0.01708
    796.00000    0.91592    0.02735    0.54792    0.01709
    797.00000    0.92325    0.02739    0.57762    0.01735
    798.00000    0.89763    0.02721    0.58426    0.01770
    799.00000    0.87663    0.02742    0.57170    0.01757
    800.00000    0.92628    0.02744    0.57348    0.01777
    801.00000    0.89141    0.02727    0.61897    0.01769
    802.00000    0.89603    0.02751    0.57596    0.01778
    803.00000    0.90160    0.02734    0.62778    0.01783
    804.00000    0.92345    0.02720    0.59334    0.01792
    805.00000    0.97437    0.02702    0.61158    0.01773
    806.00000    0.93376    0.02710    0.61110    0.01786
    807.00000    0.88244    0.02714    0.59118    0.01791
    808.00000    0.86388    0.02731    0.61427    0.01781
    809.00000    0.92439    0.02745    0.59927    0.01793
    810.00000    0.87945    0.02750    0.60727    0.01783
    811.00000    0.94714    0.02749    0.58033    0.01772
    812.00000    0.90005    0.02734    0.59367    0.01761
    813.00000    0.87797    0.02720    0.57431    0.01757
    814.00000    0.89638    0.02704    0.58768    0.01766
    815.00000    0.95067    0.02689    0.58645    0.01775
    816.00000    0.84213    0.02676    0.57940    0.01784
    817.00000    0.84436    0.02649    0.63341    0.01789
    818.00000    0.88503    0.02645    0.56907    0.01790
    819.00000    0.83953    0.02623    0.58536    0.01784
    820.00000    0.84631    0.02584    0.58586    0.01772
    821.00000    0.84458    0.02616    0.57195    0.01762
    822.00000    0.82706    0.02603    0.58740    0.01750
    823.00000    0.88405    0.02607    0.59006    0.01745
    824.00000    0.91335    0.02663    0.58328    0.01726
    825.00000    0.90841    0.02686    0.57568    0.01720
    826.00000    0.83070    0.02679    0.57272    0.01707
    827.00000    0.95281    0.02674    0.55228    0.01685
    828.00000    0.88461    0.02658    0.55065    0.01704
    829.00000    0.93687    0.02664    0.54191    0.01699
    830.00000    0.87710    0.02635    0.56895    0.01698
    831.00000    0.88098    0.02632    0.56784    0.01732
    832.00000    0.87837    0.02624    0.59771    0.01747
    833.00000    0.84688    0.02635    0.59166    0.01750
    834.00000    0.89635    0.02616    0.59347    0.01746
    835.00000    0.92471    0.02631    0.55550    0.01731
    836.00000    0.89171    0.02637    0.58995    0.01737
    837.00000    0.85527    0.02643    0.58524    0.01718
    838.00000    0.89013    0.02663    0.56321    0.01716
    839.00000    0.87297    0.02671    0.56508    0.01710
    840.00000    0.85472    0.02658    0.56627    0.01715
    841.00000    0.88202    0.02669    0.55037    0.01702
    842.00000    0.89355    0.02659    0.57214    0.01713
    843.00000    0.88440    0.02633    0.56557    0.01717
    844.00000    0.84570    0.02644    0.57252    0.01723
    845.00000    0.87467    0.02640    0.56752    0.01730
    846.00000    0.90723    0.02619    0.58239    0.01739
    847.00000    0.92645    0.02607    0.58747    0.01727
    848.00000    0.83540    0.02571    0.60297    0.01740
    849.00000    0.85742    0.02555    0.56160    0.01735
   1095.00000    1.13630    0.03167    0.68276    0.02048
   1096.00000    1.08950    0.03133    0.62809    0.02018
   1097.00000    1.04652    0.03098    0.69900    0.02033
   1098.00000    1.08800    0.03137    0.66973    0.02043
   1099.00000    1.00803    0.03141    0.71879    0.02035
   1100.00000    0.99181    0.03129    0.69386    0.02071
   1101.00000    1.04113    0.03123    0.65314    0.02051
   1102.00000    1.01945    0.03118    0.64721    0.02063
   1103.00000    1.13517    0.03113    0.67973    0.02043
   1104.00000    1.03631    0.03148    0.68797    0.02015
   1105.00000    1.09377    0.03180    0.70121    0.02045
   1106.00000    1.08687    0.03203    0.66137    0.02047
   1107.00000    1.06197    0.03222    0.73298    0.02040
   1108.00000    1.06507    0.03179    0.64723    0.02037
   1109.00000    1.07916    0.03181    0.66769    0.02030
   1110.00000    1.07530    0.03238    0.68060    0.02033
   1111.00000    1.07246    0.03268    0.67912    0.02049
   1112.00000    1.04981    0.03256    0.66853    0.02070
   1113.00000    1.02768    0.03217    0.67324    0.02086
   1114.00000    1.02299    0.03177    0.70610    0.02094
   1115.00000    1.02490    0.03181    0.70813    0.02078
   1116.00000    1.07056    0.03188    0.68019    0.02066
   1117.00000    1.07206    0.03187    0.70281    0.02112
   1118.00000    1.04966    0.03198    0.69721    0.02131
   1119.00000    1.05995    0.03187    0.69438    0.02116
   1120.00000    1.07248    0.03144    0.74547    0.02097
   1121.00000    1.09394    0.03160    0.69969    0.02074
   1122.00000    1.08796    0.03177    0.67306    0.02078
   1123.00000    0.98039    0.03186    0.69354    0.02075
   1124.00000    1.04859    0.03164    0.64717    0.02076
   1125.00000    1.00509    0.03150    0.68438    0.02081
   1126.00000    1.10335    0.03151    0.68645    0.02070
   1127.00000    1.02993    0.03166    0.66360    0.02045
   1128.00000    1.05563    0.03154    0.64974    0.02064
   1129.00000    1.04997    0.03150    0.70674    0.02069
   1130.00000    1.09197    0.03115    0.69223    0.02079
   1131.00000    1.02520    0.03109    0.69883    0.02064
   1132.00000    1.02454    0.03092    0.65680    0.02051
   1133.00000    1.03543    0.03106    0.69511    0.02055
   1134.00000    1.03418    0.03112    0.65532    0.02061
   1135.00000    1.05530    0.03126    0.67671    0.02056
   1136.00000    1.00500    0.03121    0.66699    0.02052
   1137.00000    1.08622    0.03095    0.66402    0.02032
   1138.00000    1.04571    0.03136    0.68548    0.02026
   1139.00000    1.04766    0.03132    0.68539    0.02018
   1140.00000    1.02110    0.03160    0.68018    0.02025
   1141.00000    1.06532    0.03160    0.67953    0.02028
   1142.00000    1.11357    0.03155    0.70227    0.02034
   1143.00000    1.06616    0.03179    0.71086    0.02030
   1144.00000    1.05339    0.03194    0.69982    0.02014
   1145.00000    0.98800    0.03173    0.67573    0.02046
   1146.00000    1.09857    0.03164    0.67504    0.02040
   1147.00000    1.11005    0.03163    0.65156    0.02058
   1148.00000    1.02659    0.03178    0.69939    0.02054
   1149.00000    1.11009    0.03180    0.67340    0.02057
   1150.00000    1.06824    0.03200    0.69446    0.02072
   1151.00000    1.01881    0.03180    0.68988    0.02084
   1152.00000    1.07214    0.03193    0.72138    0.02070
   1153.00000    1.02744    0.03230    0.66269    0.02058
   1154.00000    1.09322    0.03227    0.66878    0.02064
   1155.00000    1.05466    0.03187    0.69108    0.02071
   1156.00000    1.07835    0.03177    0.65764    0.02070
   1157.00000    1.06313    0.03189    0.68300    0.02089
   1158.00000    1.12554    0.03191    0.68315    0.02073
   1159.00000    1.08854    0.03219    0.69885    0.02079
   1160.00000    1.05439    0.03233    0.68577    0.02103
   1161.00000    1.14775    0.03261    0.69721    0.02099
   1162.00000    1.01929    0.03242    0.71668    0.02080
   1163.00000    1.04641    0.03194    0.70952    0.02070
   1164.00000    1.07571    0.03194    0.65773    0.02082
   1165.00000    1.03229    0.03198    0.69056    0.02079
   1166.00000    1.08041    0.03209    0.71583    0.02097
   1167.00000    1.04207    0.03171    0.72465    0.02112
   1168.00000    1.11935    0.03238    0.69177    0.02121
   1169.00000    1.07008    0.03247    0.71958    0.02113
   1170.00000    1.11768    0.03264    0.70265    0.02082
   1171.00000    1.05989    0.03263    0.66851    0.02078
   1172.00000    1.07923    0.03244    0.69885    0.02082
   1173.00000    1.10306    0.03263    0.75116    0.02087
   1174.00000    1.10415    0.03269    0.68871    0.02070
   1175.00000    1.04322    0.03291    0.71593    0.02111
   1176.00000    1.04319    0.03228    0.70501    0.02111
   1177.00000    1.07090    0.03195    0.69023    0.02129
   1178.00000    1.01728    0.03176    0.68489    0.02125
   1179.00000    1.07658    0.03172    0.70076    0.02115
   1180.00000    1.00677    0.03134    0.70938    0.02123
   1181.00000    1.05207    0.03138    0.69576    0.02129
   1182.00000    1.03154    0.03098    0.71091    0.02145
   1183.00000    1.02725    0.03078    0.72889    0.02111
   1184.00000    0.94650    0.03069    0.72622    0.02081
   1185.00000    1.03024    0.03028    0.69065    0.02071
   1186.00000    1.03041    0.03068    0.67169    0.02066
   1187.00000    1.03511    0.03087    0.63607    0.02049
   1188.00000    0.99285    0.03094    0.69323    0.02043
   1189.00000    1.04914    0.03098    0.66715    0.02015
   1190.00000    1.03605    0.03151    0.65308    0.02005
   1191.00000    1.11496    0.03184    0.69244    0.01997
   1192.00000    1.03044    0.03158    0.67971    0.01980
   1193.00000    1.03517    0.03142    0.65722    0.01999
   1194.00000    1.05939    0.03157    0.67720    0.02010
   1195.00000    1.05292    0.03175    0.67215    0.02015
   1196.00000    1.06003    0.03155    0.70236    0.02023
   1197.00000    1.06587    0.03151    0.67802    0.02052
   1198.00000    1.03858    0.03136    0.69412    0.02076
   1199.00000    1.03024    0.03140    0.68676    0.02056
   1200.00000    1.02413    0.03125    0.66539    0.02051
   1201.00000    1.02534    0.03130    0.68294    0.02053
   1202.00000    1.01717    0.03110    0.67878    0.02069
   1203.00000    1.04526    0.03111    0.69070    0.02056
   1204.00000    1.01582    0.03131    0.69135    0.02052
   1205.00000    1.04287    0.03162    0.68141    0.02045
   1206.00000    1.04283    0.03124    0.68200    0.02044
   1207.00000    1.04484    0.03148    0.67085    0.02041
   1208.00000    1.10548    0.03168    0.70645    0.02039
   1209.00000    1.11040    0.03227    0.69097    0.02027
   1210.00000    1.10813    0.03228    0.68053    0.02018
   1211.00000    1.06262    0.03295    0.68593    0.02042
   1212.00000    1.12763    0.03267    0.67251    0.02059
   1213.00000    1.14869    0.03260    0.69885    0.02042
   1214.00000    1.07105    0.03249    0.66722    0.02053
   1460.00000    1.35392    0.03835    0.80741    0.02445
   1461.00000    1.28115    0.03797    0.84815    0.02466
   1462.00000    1.34687    0.03841    0.82855    0.02475
   1463.00000    1.30904    0.03846    0.78537    0.02457
   1464.00000    1.23607    0.03840    0.86555    0.02491
   1465.00000    1.30994    0.03827    0.79792    0.02513
   1466.00000    1.30078    0.03865    0.80603    0.02503
   1467.00000    1.30237    0.03875    0.85040    0.02501
   1468.00000    1.27753    0.03858    0.80860    0.02475
   1469.00000    1.26443    0.03860    0.84468    0.02507
   1470.00000    1.21347    0.03806    0.82990    0.02505
   1471.00000    1.24334    0.03804    0.87301    0.02501
   1472.00000    1.26970    0.03791    0.85555    0.02493
   1473.00000    1.24922    0.03797    0.83525    0.02515
   1474.00000    1.27978    0.03786    0.82755    0.02521
   1475.00000    1.27670    0.03798    0.84847    0.02510
   1476.00000    1.25510    0.03816    0.84379    0.02513
   1477.00000    1.29511    0.03852    0.83296    0.02485
   1478.00000    1.36263    0.03892    0.88190    0.02479
   1479.00000    1.29535    0.03950    0.82642    0.02473
   1480.00000    1.37128    0.03947    0.80252    0.02476
   1481.00000    1.29241    0.03902    0.82495    0.02469
   1482.00000    1.30889    0.03935    0.82355    0.02477
   1483.00000    1.45489    0.03936    0.81264    0.02485
   1484.00000    1.32316    0.03937    0.80570    0.02515
   1485.00000    1.31315    0.03922    0.82477    0.02527
   1486.00000    1.30720    0.03950    0.85209    0.02573
   1487.00000    1.35451    0.03936    0.84918    0.02573
   1488.00000    1.26142    0.03957    0.83514    0.02539
   1489.00000    1.36256    0.03995    0.84813    0.02563
   1490.00000    1.37885    0.03951    0.85910    0.02566
   1491.00000    1.28566    0.03944    0.84643    0.02564
   1492.00000    1.34649    0.03980    0.85145    0.02562
   1493.00000    1.38287    0.03938    0.85026    0.02565
   1494.00000    1.33222    0.03967    0.84120    0.02564
   1495.00000    1.35787    0.03986    0.87924    0.02577
   1496.00000    1.36098    0.03981    0.90580    0.02605
   1497.00000    1.29429    0.03943    0.80584    0.02577
   1498.00000    1.29816    0.03898    0.88181    0.02574
   1499.00000    1.35740    0.03881    0.83033    0.02592
   1500.00000    1.30413    0.03861    0.87271    0.02559
   1501.00000    1.27433    0.03883    0.88796    0.02584
   1502.00000    1.36252    0.03900    0.86937    0.02592
   1503.00000    1.30913    0.03877    0.85901    0.02588
   1504.00000    1.33086    0.03897    0.82659    0.02572
   1505.00000    1.30509    0.03899    0.85972    0.02544
   1506.00000    1.29265    0.03883    0.82870    0.02530
   1507.00000    1.32670    0.03864    0.84725    0.02510
   1508.00000    1.38174    0.03871    0.86750    0.02530
   1509.00000    1.26523    0.03880    0.82054    0.02544
   1510.00000    1.35401    0.03905    0.86505    0.02529
   1511.00000    1.28717    0.03881    0.83827    0.02543
   1512.00000    1.30667    0.03857    0.85018    0.02541
   1513.00000    1.30462    0.03852    0.81045    0.02529
   1514.00000    1.29711    0.03800    0.83664    0.02516
   1515.00000    1.27452    0.03789    0.83789    0.02525
   1516.00000    1.27452    0.03840    0.80950    0.02527
   1517.00000    1.28545    0.03852    0.82837    0.02552
   1518.00000    1.27662    0.03874    0.82887    0.02522
   1519.00000    1.25026    0.03857    0.84108    0.02522
   1520.00000    1.32560    0.03894    0.82805    0.02512
   1521.00000    1.30807    0.03906    0.80346    0.02466
   1522.00000    1.23965    0.03882    0.81105    0.02471
   1523.00000    1.30090    0.03894    0.81446    0.02496
   1524.00000    1.25658    0.03919    0.82286    0.02507
   1525.00000    1.28702    0.03902    0.82245    0.02518
   1526.00000    1.25082    0.03806    0.87771    0.02515
   1527.00000    1.26159    0.03756    0.85129    0.02538
   1528.00000    1.27978    0.03757    0.84246    0.02546
   1529.00000    1.22832    0.03767    0.83120    0.02531
   1530.00000    1.23087    0.03774    0.88249    0.02532
   1531.00000    1.30488    0.03783    0.85552    0.02554
   1532.00000    1.22787    0.03763    0.82631    0.02542
   1533.00000    1.22069    0.03759    0.76285    0.02482
   1534.00000    1.24446    0.03735    0.75789    0.02452
   1535.00000    1.13181    0.03716    0.79092    0.02447
   1536.00000    1.23028    0.03660    0.83226    0.02453
   1537.00000    1.24860    0.03639    0.78896    0.02453
   1538.00000    1.17544    0.03637    0.87152    0.02474
   1539.00000    1.23485    0.03649    0.83090    0.02451
   1540.00000    1.20812    0.03669    0.80636    0.02445
   1541.00000    1.23709    0.03685    0.82931    0.02438
   1542.00000    1.25172    0.03713    0.83257    0.02432
   1543.00000    1.25442    0.03651    0.79003    0.02390
   1544.00000    1.14084    0.03610    0.75612    0.02376
   1545.00000    1.12704    0.03573    0.77494    0.02376
   1546.00000    1.21096    0.03588    0.77571    0.02372
   1547.00000    1.19828    0.03587    0.79411    0.02397
   1548.00000    1.15576    0.03568    0.80347    0.02396
   1549.00000    1.19631    0.03565    0.80527    0.02419
   1550.00000    1.16468    0.03578    0.84377    0.02380
   1551.00000    1.14026    0.03556    0.79923    0.02361
   1552.00000    1.11500    0.03523    0.76844    0.02330
   1553.00000    1.23011    0.03505    0.79326    0.02340
   1554.00000    1.18742    0.03496    0.79574    0.02339
   1555.00000    1.16703    0.03497    0.79643    0.02325
   1556.00000    1.14132    0.03473    0.78509    0.02325
   1557.00000    1.18779    0.03447    0.77468    0.02328
   1558.00000    1.13669    0.03455    0.74600    0.02319
   1559.00000    1.16462    0.03473    0.84009    0.02296
   1560.00000    1.15554    0.03478    0.75574    0.02282
   1561.00000    1.15854    0.03485    0.78197    0.02281
   1562.00000    1.18708    0.03489    0.78013    0.02278
   1563.00000    1.10011    0.03464    0.76531    0.02265
   1564.00000    1.20630    0.03496    0.77986    0.02249
   1565.00000    1.18711    0.03484    0.73564    0.02247
   1566.00000    1.14551    0.03471    0.77886    0.02256
   1567.00000    1.10662    0.03443    0.70891    0.02268
   1568.00000    1.15554    0.03440    0.75570    0.02268
   1569.00000    1.15255    0.03429    0.76642    0.02277
   1570.00000    1.14535    0.03457    0.74586    0.02261
   1571.00000    1.12710    0.03436    0.74292    0.02269
   1572.00000    1.13381    0.03395    0.76934    0.02271
   1573.00000    1.13400    0.03379    0.79817    0.02263
   1574.00000    1.17764    0.03330    0.76262    0.02240
   1575.00000    1.13604    0.03337    0.72969    0.02246
   1576.00000    1.13966    0.03350    0.75205    0.02230
   1577.00000    1.18589    0.03389    0.75799    0.02251
   1578.00000    1.11641    0.03404    0.76375    0.02239
   1579.00000    1.13040    0.03374    0.70478    0.02212
   1825.00000    0.80906    0.02543    0.53287    0.01627
   1826.00000    0.89389    0.02567    0.54983    0.01644
   1827.00000    0.86747    0.02594    0.56010    0.01649
   1828.00000    0.87202    0.02607    0.56173    0.01670
   1829.00000    0.86064    0.02611    0.57325    0.01680
   1830.00000    0.89990    0.02624    0.56844    0.01676
   1831.00000    0.93405    0.02638    0.56098    0.01662
   1832.00000    0.85308    0.02658    0.55323    0.01656
   1833.00000    0.89504    0.02629    0.52649    0.01669
   1834.00000    0.81399    0.02606    0.56153    0.01692
   1835.00000    0.87738    0.02596    0.58723    0.01700
   1836.00000    0.83768    0.02583    0.57046    0.01701
   1837.00000    0.85639    0.02565    0.55815    0.01708
   1838.00000    0.85929    0.02566    0.55433    0.01721
   1839.00000    0.83311    0.02543    0.57424    0.01734
   1840.00000    0.83510    0.02529    0.57951    0.01712
   1841.00000    0.84631    0.02530    0.60407    0.01693
   1842.00000    0.83863    0.02514    0.56700    0.01693
   1843.00000    0.80464    0.02510    0.56176    0.01687
   1844.00000    0.85354    0.02508    0.53412    0.01672
   1845.00000    0.77953    0.02481    0.54660    0.01671
   1846.00000    0.82952    0.02442    0.56385    0.01653
   1847.00000    0.79698    0.02467    0.53040    0.01645
   1848.00000    0.82095    0.02481    0.55468    0.01648
   1849.00000    0.82378    0.02480    0.55501    0.01637
   1850.00000    0.82451    0.02482    0.55421    0.01636
   1851.00000    0.82709    0.02482    0.53240    0.01632
   1852.00000    0.81265    0.02486    0.55468    0.01618
   1853.00000    0.85028    0.02490    0.55472    0.01591
   1854.00000    0.78354    0.02469    0.52916    0.01606
   1855.00000    0.81516    0.02460    0.56234    0.01612
   1856.00000    0.81405    0.02464    0.53648    0.01612
   1857.00000    0.79809    0.02431    0.53912    0.01620
   1858.00000    0.83061    0.02475    0.56415    0.01620
   1859.00000    0.80829    0.02450    0.52192    0.01622
   1860.00000    0.82073    0.02430    0.55046    0.01625
   1861.00000    0.86703    0.02437    0.53917    0.01610
   1862.00000    0.81651    0.02457    0.52557    0.01602
   1863.00000    0.78142    0.02450    0.54298    0.01600
   1864.00000    0.78990    0.02422    0.54032    0.01585
   1865.00000    0.81355    0.02451    0.54318    0.01613
   1866.00000    0.81024    0.02468    0.53470    0.01599
   1867.00000    0.86425    0.02476    0.51979    0.01586
   1868.00000    0.81866    0.02497    0.53292    0.01588
   1869.00000    0.84109    0.02495    0.54921    0.01600
   1870.00000    0.84559    0.02531    0.52437    0.01592
   1871.00000    0.82579    0.02538    0.53683    0.01581
   1872.00000    0.84308    0.02547    0.50337    0.01594
   1873.00000    0.82612    0.02522    0.56741    0.01610
   1874.00000    0.85275    0.02537    0.54460    0.01615
   1875.00000    0.86251    0.02542    0.55855    0.01623
   1876.00000    0.90091    0.02569    0.56154    0.01623
   1877.00000    0.90175    0.02584    0.54378    0.01649
   1878.00000    0.84238    0.02575    0.57388    0.01658
   1879.00000    0.83498    0.02580    0.54837    0.01661
   1880.00000    0.85019    0.02583    0.52613    0.01643
   1881.00000    0.83334    0.02595    0.57238    0.01652
   1882.00000    0.84908    0.02592    0.56102    0.01661
   1883.00000    0.88778    0.02600    0.53207    0.01670
   1884.00000    0.86747    0.02615    0.54859    0.01683
   1885.00000    0.88242    0.02641    0.56033    0.01679
   1886.00000    0.86963    0.02682    0.53778    0.01679
   1887.00000    0.87273    0.02695    0.57799    0.01683
   1888.00000    0.87511    0.02693    0.56461    0.01680
   1889.00000    0.88402    0.02706    0.60171    0.01685
   1890.00000    0.87174    0.02707    0.55361    0.01694
   1891.00000    0.91148    0.02719    0.59512    0.01707
   1892.00000    0.86805    0.02683    0.58017    0.01715
   1893.00000    0.88643    0.02661    0.57914    0.01748
   1894.00000    0.86253    0.02656    0.58127    0.01756
   1895.00000    0.90663    0.02686    0.57887    0.01752
   1896.00000    0.89101    0.02654    0.54335    0.01762
   1897.00000    0.89975    0.02646    0.60742    0.01763
   1898.00000    0.83792    0.02630    0.61066    0.01772
   1899.00000    0.86709    0.02648    0.57932    0.01748
   1900.00000    0.93573    0.02668    0.58488    0.01736
   1901.00000    0.89065    0.02705    0.57339    0.01726
   1902.00000    0.93754    0.02715    0.56499    0.01747
   1903.00000    0.87356    0.02720    0.58627    0.01737
   1904.00000    0.89136    0.02695    0.55029    0.01724
   1905.00000    0.92918    0.02691    0.54819    0.01712
   1906.00000    0.92266    0.02694    0.55960    0.01721
   1907.00000    0.90457    0.02704    0.56310    0.01737
   1908.00000    0.89563    0.02716    0.57638    0.01764
   1909.00000    0.93585    0.02761    0.61133    0.01763
   1910.00000    0.94493    0.02770    0.58030    0.01779
   1911.00000    0.91373    0.02727    0.57590    0.01759
   1912.00000    0.88808    0.02736    0.57930    0.01751
   1913.00000    0.89586    0.02765    0.57998    0.01752
   1914.00000    0.94560    0.02750    0.60315    0.01765
   1915.00000    0.91424    0.02726    0.58378    0.01764
   1916.00000    0.91796    0.02735    0.58047    0.01797
   1917.00000    0.93440    0.02742    0.59967    0.01808
   1918.00000    0.96200    0.02748    0.58281    0.01778
   1919.00000    0.88570    0.02752    0.61145    0.01787
   1920.00000    0.91096    0.02763    0.57819    0.01799
   1921.00000    0.91201    0.02756    0.55416    0.01799
   1922.00000    0.90591    0.02771    0.59746    0.01776
   1923.00000    0.94400    0.02776    0.58172    0.01778
   1924.00000    0.86827    0.02789    0.58398    0.01786
   1925.00000    0.89331    0.02783    0.62557    0.01795
   1926.00000    0.92627    0.02763    0.57041    0.01797
   1927.00000    0.89389    0.02759    0.57322    0.01803
   1928.00000    0.89628    0.02749    0.59969    0.01793
   1929.00000    0.92268    0.02761    0.60531    0.01807
   1930.00000    0.89817    0.02743    0.60075    0.01805
   1931.00000    0.92359    0.02742    0.60117    0.01812
   1932.00000    0.88965    0.02709    0.57959    0.01811
   1933.00000    0.89524    0.02740    0.59840    0.01806
   1934.00000    0.92283    0.02710    0.61774    0.01802
   1935.00000    0.89817    0.02721    0.58854    0.01789
   1936.00000    0.90003    0.02726    0.61342    0.01799
   1937.00000    0.91007    0.02741    0.59415    0.01792
   1938.00000    0.92581    0.02724    0.58329    0.01788
   1939.00000    0.83097    0.02730    0.60100    0.01763
   1940.00000    0.89507    0.02695    0.61814    0.01786
   1941.00000    0.92248    0.02684    0.58076    0.01762
   1942.00000    0.93167    0.02704    0.57054    0.01768
   1943.00000    0.89628    0.02709    0.61864    0.01775
   1944.00000    0.89454    0.02716    0.61296    0.01787
   2190.00000    0.95344    0.02830    0.62630    0.01845
   2191.00000    0.95767    0.02842    0.65438    0.01844
   2192.00000    0.92959    0.02838    0.61951    0.01865
   2193.00000    0.91729    0.02853    0.60444    0.01865
   2194.00000    1.00194    0.02878    0.62155    0.01870
   2195.00000    0.90962    0.02858    0.62200    0.01858
   2196.00000    0.90770    0.02838    0.63948    0.01844
   2197.00000    0.92997    0.02853    0.60968    0.01842
   2198.00000    0.92255    0.02835    0.62254    0.01850
   2199.00000    0.93620    0.02804    0.62352    0.01849
   2200.00000    0.95041    0.02782    0.60331    0.01860
   2201.00000    0.88638    0.02783    0.60957    0.01869
   2202.00000    0.89995    0.02792    0.60164    0.01861
   2203.00000    0.92159    0.02754    0.61400    0.01853
   2204.00000    0.99156    0.02749    0.60895    0.01857
   2205.00000    0.92230    0.02784    0.61241    0.01846
   2206.00000    0.98150    0.02789    0.57773    0.01827
   2207.00000    0.89479    0.02780    0.60586    0.01814
   2208.00000    0.91018    0.02748    0.61647    0.01816
   2209.00000    0.98552    0.02744    0.62374    0.01821
   2210.00000    0.89810    0.02708    0.61604    0.01797
   2211.00000    0.88766    0.02654    0.59710    0.01795
   2212.00000    0.87514    0.02623    0.59515    0.01814
   2213.00000    0.86504    0.02638    0.63112    0.01817
   2214.00000    0.89853    0.02628    0.59552    0.01812
   2215.00000    0.86082    0.02613    0.61591    0.01791
   2216.00000    0.94311    0.02651    0.60473    0.01787
   2217.00000    0.87575    0.02622    0.61214    0.01765
   2218.00000    0.89487    0.02604    0.56028    0.01732
   2219.00000    0.79845    0.02575    0.55974    0.01710
   2220.00000    0.85599    0.02568    0.58988    0.01717
   2221.00000    0.87350    0.02551    0.57677    0.01715
   2222.00000    0.88037    0.02534    0.56550    0.01700
   2223.00000    0.85328    0.02539    0.59397    0.01725
   2224.00000    0.84753    0.02515    0.57589    0.01709
   2225.00000    0.81029    0.02513    0.52358    0.01694
   2226.00000    0.80592    0.02503    0.54300    0.01677
   2227.00000    0.84986    0.02520    0.56838    0.01677
   2228.00000    0.84698    0.02495    0.55434    0.01664
   2229.00000    0.81472    0.02471    0.55184    0.01654
   2230.00000    0.81046    0.02456    0.54508    0.01651
   2231.00000    0.85309    0.02462    0.53190    0.01640
   2232.00000    0.79930    0.02436    0.54005    0.01637
   2233.00000    0.80013    0.02421    0.54385    0.01631
   2234.00000    0.79836    0.02420    0.56780    0.01645
   2235.00000    0.83155    0.02424    0.53302    0.01628
   2236.00000    0.86505    0.02444    0.54717    0.01613
   2237.00000    0.80310    0.02450    0.51580    0.01601
   2238.00000    0.77063    0.02467    0.54320    0.01609
   2239.00000    0.79596    0.02476    0.51635    0.01588
   2240.00000    0.83824    0.02498    0.54558    0.01578
   2241.00000    0.86635    0.02510    0.55132    0.01578
   2242.00000    0.82842    0.02518    0.52130    0.01583
   2243.00000    0.82205    0.02529    0.54242    0.01593
   2244.00000    0.88118    0.02557    0.54752    0.01598
   2245.00000    0.86396    0.02557    0.55514    0.01611
   2246.00000    0.86757    0.02556    0.55031    0.01617
   2247.00000    0.80974    0.02515    0.54197    0.01626
   2248.00000    0.82404    0.02539    0.54451    0.01635
   2249.00000    0.84494    0.02553    0.53644    0.01639
   2250.00000    0.80929    0.02541    0.54463    0.01641
   2251.00000    0.87837    0.02537    0.57485    0.01666
   2252.00000    0.83053    0.02531    0.53549    0.01666
   2253.00000    0.86349    0.02551    0.53341    0.01668
   2254.00000    0.86989    0.02517    0.55652    0.01641
   2255.00000    0.79266    0.02501    0.57114    0.01650
   2256.00000    0.86025    0.02499    0.53674    0.01665
   2257.00000    0.83169    0.02500    0.55214    0.01656
   2258.00000    0.84713    0.02502    0.55287    0.01649
   2259.00000    0.82796    0.02510    0.53484    0.01656
   2260.00000    0.84912    0.02479    0.55549    0.01666
   2261.00000    0.81027    0.02456    0.54304    0.01643
   2262.00000    0.82525    0.02451    0.53101    0.01632
   2263.00000    0.80939    0.02457    0.53693    0.01627
   2264.00000    0.78945    0.02430    0.55859    0.01630
   2265.00000    0.77727    0.02394    0.54916    0.01631
   2266.00000    0.82850    0.02425    0.55211    0.01634
   2267.00000    0.78340    0.02390    0.53811    0.01617
   2268.00000    0.83249    0.02363    0.52746    0.01602
   2269.00000    0.73380    0.02380    0.51647    0.01597
   2270.00000    0.79659    0.02381    0.51619    0.01596
   2271.00000    0.80387    0.02394    0.51083    0.01583
   2272.00000    0.83921    0.02381    0.53045    0.01562
   2273.00000    0.80534    0.02359    0.52195    0.01579
   2274.00000    0.82661    0.02365    0.52001    0.01561
   2275.00000    0.77180    0.02395    0.51968    0.01539
   2276.00000    0.79089    0.02386    0.52039    0.01547
   2277.00000    0.78280    0.02381    0.51947    0.01549
   2278.00000    0.75157    0.02400    0.49956    0.01560
   2279.00000    0.80006    0.02405    0.52296    0.01549
   2280.00000    0.77727    0.02402    0.53186    0.01542
   2281.00000    0.78442    0.02403    0.49081    0.01538
   2282.00000    0.77799    0.02394    0.50598    0.01562
   2283.00000    0.82019    0.02373    0.53940    0.01555
   2284.00000    0.80084    0.02354    0.51528    0.01553
   2285.00000    0.79472    0.02367    0.53411    0.01562
   2286.00000    0.79692    0.02410    0.49659    0.01568
   2287.00000    0.83214    0.02434    0.50362    0.01563
   2288.00000    0.77570    0.02417    0.52355    0.01567
   2289.00000    0.81633    0.02414    0.48970    0.01558
   2290.00000    0.86520    0.02394    0.51243    0.01545
   2291.00000    0.82085    0.02396    0.51428    0.01541
   2292.00000    0.83504    0.02433    0.52672    0.01542
   2293.00000    0.79910    0.02422    0.52389    0.01570
   2294.00000    0.82071    0.02371    0.54854    0.01583
   2295.00000    0.74578    0.02376    0.51544    0.01574
   2296.00000    0.78463    0.02366    0.56514    0.01574
   2297.00000    0.80332    0.02379    0.51988    0.01558
   2298.00000    0.78656    0.02378    0.54379    0.01560
   2299.00000    0.76910    0.02375    0.53518    0.01586
   2300.00000    0.80099    0.02367    0.53945    0.01580
   2301.00000    0.79663    0.02372    0.51434    0.01545
   2302.00000    0.74859    0.02414    0.52655    0.01547
   2303.00000    0.81139    0.02453    0.51585    0.01543
   2304.00000    0.81745    0.02429    0.49457    0.01552
   2305.00000    0.74541    0.02396    0.51001    0.01550
   2306.00000    0.76514    0.02393    0.53779    0.01546
   2307.00000    0.79020    0.02386    0.53038    0.01543
   2308.00000    0.81089    0.02397    0.51996    0.01543
   2309.00000    0.77915    0.02364    0.53376    0.01572
   2555.00000    0.80644    0.02488    0.51391    0.01562
   2556.00000    0.84456    0.02514    0.51605    0.01565
   2557.00000    0.80874    0.02514    0.51284    0.01592
   2558.00000    0.84543    0.02519    0.54892    0.01613
   2559.00000    0.86091    0.02507    0.56178    0.01616
   2560.00000    0.84291    0.02510    0.55001    0.01634
   2561.00000    0.82093    0.02493    0.52951    0.01614
   2562.00000    0.82352    0.02467    0.54798    0.01622
   2563.00000    0.82328    0.02481    0.56170    0.01640
   2564.00000    0.83235    0.02504    0.52053    0.01640
   2565.00000    0.83693    0.02488    0.57101    0.01640
   2566.00000    0.80109    0.02481    0.53627    0.01633
   2567.00000    0.82799    0.02495    0.55584    0.01633
   2568.00000    0.79710    0.02504    0.56818    0.01621
   2569.00000    0.84237    0.02492    0.51107    0.01602
   2570.00000    0.86601    0.02469    0.55688    0.01617
   2571.00000    0.81682    0.02474    0.55993    0.01631
   2572.00000    0.82608    0.02445    0.55073    0.01624
   2573.00000    0.80233    0.02457    0.54589    0.01617
   2574.00000    0.83422    0.02474    0.53045    0.01626
   2575.00000    0.85361    0.02493    0.53626    0.01629
   2576.00000    0.80155    0.02452    0.54552    0.01627
   2577.00000    0.81072    0.02451    0.52079    0.01613
   2578.00000    0.82126    0.02474    0.53234    0.01612
   2579.00000    0.80849    0.02455    0.53668    0.01595
   2580.00000    0.84257    0.02471    0.54799    0.01599
   2581.00000    0.84573    0.02481    0.53570    0.01612
   2582.00000    0.83022    0.02490    0.54553    0.01625
   2583.00000    0.85449    0.02509    0.52427    0.01594
   2584.00000    0.80462    0.02487    0.54489    0.01595
   2585.00000    0.83680    0.02502    0.52325    0.01608
   2586.00000    0.79055    0.02473    0.54174    0.01599
   2587.00000    0.83397    0.02494    0.53944    0.01611
   2588.00000    0.88201    0.02477    0.56153    0.01611
   2589.00000    0.84062    0.02491    0.55640    0.01621
   2590.00000    0.82071    0.02477    0.54383    0.01635
   2591.00000    0.82481    0.02499    0.55697    0.01621
   2592.00000    0.83281    0.02523    0.56164    0.01627
   2593.00000    0.84041    0.02545    0.54199    0.01612
   2594.00000    0.87088    0.02563    0.54105    0.01628
   2595.00000    0.83684    0.02575    0.52917    0.01614
   2596.00000    0.85933    0.02584    0.51408    0.01626
   2597.00000    0.87993    0.02588    0.51957    0.01613
   2598.00000    0.86741    0.02601    0.52589    0.01624
   2599.00000    0.88054    0.02616    0.54989    0.01643
   2600.00000    0.90380    0.02626    0.57467    0.01655
   2601.00000    0.81950    0.02615    0.54505    0.01673
   2602.00000    0.86465    0.02602    0.60709    0.01677
   2603.00000    0.85547    0.02621    0.56845    0.01688
   2604.00000    0.81113    0.02570    0.59454    0.01683
   2605.00000    0.86020    0.02586    0.56957    0.01691
   2606.00000    0.88328    0.02581    0.55640    0.01707
   2607.00000    0.87903    0.02621    0.57333    0.01714
   2608.00000    0.86435    0.02626    0.57559    0.01701
   2609.00000    0.84124    0.02635    0.58681    0.01697
   2610.00000    0.89678    0.02620    0.59513    0.01702
   2611.00000    0.85632    0.02612    0.55047    0.01681
   2612.00000    0.88876    0.02606    0.55755    0.01686
   2613.00000    0.88113    0.02613    0.56926    0.01681
   2614.00000    0.93087    0.02605    0.56680    0.01711
   2615.00000    0.90211    0.02629    0.56964    0.01713
   2616.00000    0.87453    0.02604    0.56846    0.01715
   2617.00000    0.83041    0.02591    0.58256    0.01707
   2618.00000    0.88000    0.02609    0.57998    0.01705
   2619.00000    0.89053    0.02628    0.55848    0.01697
   2620.00000    0.89807    0.02617    0.54879    0.01697
   2621.00000    0.88114    0.02631    0.54607    0.01697
   2622.00000    0.89706    0.02670    0.57677    0.01706
   2623.00000    0.87982    0.02635    0.56414    0.01693
   2624.00000    0.88283    0.02648    0.55752    0.01686
   2625.00000    0.88777    0.02695    0.55291    0.01699
   2626.00000    0.85186    0.02665    0.54469    0.01712
   2627.00000    0.83702    0.02631    0.57050    0.01703
   2628.00000    0.85593    0.02601    0.56473    0.01714
   2629.00000    0.83428    0.02601    0.56943    0.01737
   2630.00000    0.87353    0.02624    0.56117    0.01718
   2631.00000    0.87340    0.02604    0.55077    0.01724
   2632.00000    0.86249    0.02578    0.61236    0.01753
   2633.00000    0.85227    0.02573    0.58546    0.01735
   2634.00000    0.86551    0.02591    0.53081    0.01713
   2635.00000    0.88456    0.02616    0.55851    0.01695
   2636.00000    0.86555    0.02620    0.57097    0.01696
   2637.00000    0.90149    0.02626    0.56548    0.01710
   2638.00000    0.92178    0.02601    0.59171    0.01693
   2639.00000    0.86104    0.02613    0.53928    0.01681
   2640.00000    0.83749    0.02618    0.55656    0.01671
   2641.00000    0.84733    0.02591    0.55967    0.01688
   2642.00000    0.84658    0.02598    0.58956    0.01707
   2643.00000    0.81924    0.02567    0.56837    0.01700
   2644.00000    0.85516    0.02564    0.56645    0.01713
   2645.00000    0.83497    0.02586    0.56244    0.01695
   2646.00000    0.82744    0.02582    0.57905    0.01703
   2647.00000    0.86450    0.02600    0.57995    0.01705
   2648.00000    0.84812    0.02590    0.55251    0.01688
   2649.00000    0.89688    0.02588    0.56711    0.01694
   2650.00000    0.84557    0.02565    0.56211    0.01673
   2651.00000    0.85254    0.02581    0.54061    0.01671
   2652.00000    0.85558    0.02577    0.53559    0.01685
   2653.00000    0.83211    0.02572    0.53735    0.01684
   2654.00000    0.83907    0.02586    0.55844    0.01692
   2655.00000    0.87830    0.02576    0.57084    0.01683
   2656.00000    0.86425    0.02597    0.54709    0.01687
   2657.00000    0.88362    0.02580    0.52654    0.01675
   2658.00000    0.80101    0.02557    0.55722    0.01683
   2659.00000    0.85172    0.02598    0.55656    0.01677
   2660.00000    0.84704    0.02585    0.57310    0.01679
   2661.00000    0.84573    0.02583    0.57831    0.01685
   2662.00000    0.81524    0.02568    0.56227    0.01678
   2663.00000    0.86772    0.02540    0.56387    0.01693
   2664.00000    0.86695    0.02526    0.59219    0.01682
   2665.00000    0.84880    0.02522    0.55463    0.01667
   2666.00000    0.83093    0.02520    0.60761    0.01692
   2667.00000    0.86321    0.02492    0.56250    0.01686
   2668.00000    0.86248    0.02510    0.56017    0.01683
   2669.00000    0.84172    0.02537    0.50809    0.01673
   2670.00000    0.83934    0.02537    0.56195    0.01652
   2671.00000    0.88104    0.02546    0.55367    0.01649
   2672.00000    0.86279    0.02567    0.51964    0.01641
   2673.00000    0.87215    0.02574    0.54198    0.01646
   2674.00000    0.86189    0.02575    0.54947    0.01629
   2920.00000    0.94942    0.02878    0.62369    0.01871
   2921.00000    0.87948    0.02843    0.62544    0.01871
   2922.00000    0.92464    0.02827    0.62758    0.01882
   2923.00000    0.91304    0.02834    0.61304    0.01887
   2924.00000    0.96011    0.02855    0.66236    0.01895
   2925.00000    0.93366    0.02847    0.65906    0.01893
   2926.00000    0.93920    0.02880    0.62662    0.01880
   2927.00000    0.95496    0.02868    0.60781    0.01876
   2928.00000    0.97734    0.02928    0.58207    0.01852
   2929.00000    1.02797    0.02937    0.62387    0.01845
   2930.00000    0.94415    0.02945    0.58381    0.01849
   2931.00000    0.98423    0.02968    0.60884    0.01857
   2932.00000    0.99689    0.02960    0.60111    0.01851
   2933.00000    0.99437    0.02969    0.62843    0.01879
   2934.00000    0.99282    0.02980    0.59994    0.01868
   2935.00000    0.94317    0.02979    0.61293    0.01904
   2936.00000    1.02681    0.02998    0.66758    0.01910
   2937.00000    0.96365    0.03028    0.63841    0.01921
   2938.00000    1.02785    0.03000    0.65112    0.01937
   2939.00000    0.96353    0.03011    0.61400    0.01932
   2940.00000    1.02664    0.03039    0.64396    0.01937
   2941.00000    1.02234    0.03015    0.64657    0.01941
   2942.00000    1.03220    0.03036    0.66414    0.01940
   2943.00000    0.98754    0.03032    0.67146    0.01954
   2944.00000    0.98452    0.03035    0.68683    0.01971
   2945.00000    1.03481    0.03051    0.63738    0.01957
   2946.00000    0.99810    0.03037    0.64197    0.01962
   2947.00000    1.03825    0.03042    0.63337    0.01980
   2948.00000    1.05837    0.03014    0.61252    0.01966
   2949.00000    0.99876    0.03016    0.66086    0.01977
   2950.00000    1.02468    0.03037    0.65161    0.01972
   2951.00000    1.01394    0.03048    0.63467    0.01974
   2952.00000    0.96845    0.03051    0.67918    0.01991
   2953.00000    0.96987    0.03039    0.65506    0.01978
   2954.00000    0.99146    0.03034    0.68789    0.01982
   2955.00000    1.05091    0.03015    0.66054    0.01966
   2956.00000    0.92993    0.02969    0.65939    0.01966
   2957.00000    0.98795    0.02961    0.66861    0.01977
   2958.00000    0.94472    0.02946    0.66302    0.01983
   2959.00000    1.00123    0.02935    0.68876    0.01990
   2960.00000    0.96225    0.02965    0.67469    0.01984
   2961.00000    1.02059    0.02957    0.65217    0.01976
   2962.00000    0.97997    0.02960    0.62060    0.01964
   2963.00000    1.01509    0.02977    0.64066    0.01939
   2964.00000    0.97715    0.02971    0.64016    0.01931
   2965.00000    1.02447    0.02984    0.63157    0.01919
   2966.00000    0.95974    0.02975    0.62677    0.01910
   2967.00000    0.98803    0.02978    0.65042    0.01932
   2968.00000    0.98449    0.02921    0.62147    0.01930
   2969.00000    1.02419    0.02908    0.62764    0.01926
   2970.00000    0.97573    0.02939    0.64013    0.01938
   2971.00000    0.97719    0.02925    0.68085    0.01937
   2972.00000    0.96074    0.02947    0.68990    0.01948
   2973.00000    0.94419    0.02966    0.64345    0.01938
   2974.00000    1.01421    0.02982    0.64500    0.01940
   2975.00000    1.00764    0.02978    0.64087    0.01904
   2976.00000    0.95387    0.02977    0.61830    0.01898
   2977.00000    0.96048    0.02964    0.64402    0.01913
   2978.00000    0.96867    0.02983    0.62469    0.01903
   2979.00000    1.03169    0.02965    0.64447    0.01921
   2980.00000    0.98222    0.02959    0.61424    0.01932
   2981.00000    0.94764    0.02934    0.64599    0.01941
   2982.00000    0.93671    0.02923    0.64721    0.01938
   2983.00000    1.04725    0.02930    0.64351    0.01939
   2984.00000    0.98379    0.02949    0.62680    0.01937
   2985.00000    0.97661    0.02949    0.64149    0.01948
   2986.00000    0.92370    0.02937    0.63540    0.01925
   2987.00000    0.96235    0.02915    0.62637    0.01927
   2988.00000    1.00723    0.02936    0.65792    0.01914
   2989.00000    0.95290    0.02900    0.64558    0.01910
   2990.00000    0.98991    0.02920    0.65356    0.01910
   2991.00000    1.00147    0.02954    0.60760    0.01917
   2992.00000    1.00908    0.02956    0.63120    0.01924
   2993.00000    1.01416    0.02995    0.67028    0.01915
   2994.00000    1.03552    0.02995    0.64620    0.01900
   2995.00000    1.03205    0.02983    0.64228    0.01915
   2996.00000    1.01776    0.02980    0.61807    0.01892
   2997.00000    0.97925    0.02956    0.64742    0.01907
   2998.00000    0.97110    0.02942    0.60850    0.01926
   2999.00000    0.92536    0.02916    0.61279    0.01925
   3000.00000    0.94577    0.02927    0.61689    0.01948
   3001.00000    0.94324    0.02891    0.68199    0.01950
   3002.00000    0.92763    0.02828    0.65849    0.01947
   3003.00000    0.94863    0.02842    0.63718    0.01939
   3004.00000    0.99388    0.02865    0.67751    0.01920
   3005.00000    0.92903    0.02862    0.60638    0.01916
   3006.00000    0.95930    0.02857    0.65503    0.01904
   3007.00000    0.88468    0.02821    0.63207    0.01907
   3008.00000    0.95090    0.02813    0.63713    0.01886
   3009.00000    0.92095    0.02815    0.61827    0.01842
   3010.00000    0.90537    0.02808    0.59757    0.01845
   3011.00000    0.90863    0.02803    0.63715    0.01866
   3012.00000    0.89839    0.02811    0.63453    0.01866
   3013.00000    0.97910    0.02831    0.62525    0.01858
   3014.00000    0.91368    0.02822    0.60021    0.01841
   3015.00000    0.92080    0.02825    0.62075    0.01832
   3016.00000    0.93435    0.02833    0.54853    0.01834
   3017.00000    0.95366    0.02847    0.58709    0.01829
   3018.00000    0.92104    0.02840    0.64811    0.01835
   3019.00000    0.97556    0.02803    0.62192    0.01830
   3020.00000    0.95657    0.02810    0.58488    0.01849
   3021.00000    0.94883    0.02815    0.62163    0.01843
   3022.00000    0.93562    0.02835    0.61383    0.01838
   3023.00000    0.94935    0.02838    0.62375    0.01849
   3024.00000    0.96649    0.02852    0.61103    0.01851
   3025.00000    0.95778    0.02864    0.63205    0.01846
   3026.00000    0.94300    0.02885    0.58009    0.01826
   3027.00000    0.96453    0.02889    0.59753    0.01834
   3028.00000    0.91961    0.02903    0.60118    0.01833
   3029.00000    0.96465    0.02917    0.63094    0.01838
   3030.00000    0.99839    0.02917    0.59473    0.01849
   3031.00000    0.95129    0.02917    0.59995    0.01859
   3032.00000    1.00307    0.02931    0.61526    0.01867
   3033.00000    0.99460    0.02953    0.65175    0.01881
   3034.00000    0.93254    0.02959    0.63021    0.01888
   3035.00000    0.96937    0.02961    0.62988    0.01888
   3036.00000    0.97563    0.02972    0.61596    0.01898
   3037.00000    1.00616    0.03012    0.62041    0.01897
   3038.00000    0.96214    0.02997    0.63799    0.01902
   3039.00000    0.97734    0.03001    0.62944    0.01906
   3285.00000    1.02817    0.03004    0.68980    0.02027
   3286.00000    0.97330    0.02993    0.67353    0.02028
   3287.00000    1.00792    0.02996    0.63354    0.02009
   3288.00000    1.00002    0.02984    0.68935    0.02011
   3289.00000    1.00510    0.02968    0.64653    0.02013
   3290.00000    0.93687    0.02961    0.63730    0.01996
   3291.00000    1.01369    0.02956    0.62510    0.01959
   3292.00000    0.95548    0.02967    0.67154    0.01957
   3293.00000    1.04829    0.02981    0.66189    0.01951
   3294.00000    0.98270    0.02987    0.68098    0.01945
   3295.00000    0.98522    0.02976    0.61719    0.01948
   3296.00000    1.01839    0.02972    0.65180    0.01934
   3297.00000    0.96624    0.03004    0.66702    0.01924
   3298.00000    1.01181    0.02996    0.63655    0.01923
   3299.00000    1.00098    0.02995    0.65989    0.01932
   3300.00000    1.02279    0.03035    0.62651    0.01941
   3301.00000    1.03150    0.03049    0.66815    0.01945
   3302.00000    1.03988    0.03070    0.67650    0.01938
   3303.00000    1.00140    0.03097    0.62831    0.01941
   3304.00000    1.03067    0.03115    0.63876    0.01954
   3305.00000    1.00385    0.03126    0.68327    0.01955
   3306.00000    1.05913    0.03129    0.63057    0.01956
   3307.00000    0.99111    0.03135    0.63838    0.01976
   3308.00000    0.99225    0.03119    0.64117    0.01985
   3309.00000    1.03471    0.03138    0.68944    0.02004
   3310.00000    1.02669    0.03109    0.64573    0.02018
   3311.00000    1.06390    0.03123    0.69834    0.02030
   3312.00000    1.05405    0.03091    0.65122    0.02030
   3313.00000    1.05000    0.03097    0.65797    0.02034
   3314.00000    1.06566    0.03093    0.67439    0.02039
   3315.00000    1.04155    0.03100    0.66893    0.02035
   3316.00000    1.02433    0.03098    0.64878    0.02041
   3317.00000    0.97234    0.03055    0.64558    0.02027
   3318.00000    1.03118    0.03080    0.68521    0.02044
   3319.00000    0.98590    0.03035    0.66744    0.02019
   3320.00000    1.01958    0.03052    0.71080    0.02021
   3321.00000    1.00161    0.03002    0.68676    0.02014
   3322.00000    0.96833    0.02992    0.66006    0.02025
   3323.00000    0.97760    0.02954    0.67823    0.02018
   3324.00000    0.97413    0.02957    0.66765    0.01991
   3325.00000    0.99094    0.02983    0.67897    0.02003
   3326.00000    1.02428    0.03009    0.66048    0.01981
   3327.00000    1.02481    0.03015    0.64244    0.01990
   3328.00000    1.07358    0.03052    0.65403    0.01957
   3329.00000    0.98912    0.03041    0.65598    0.01951
   3330.00000    1.00186    0.03052    0.63362    0.01927
   3331.00000    1.00249    0.03038    0.67857    0.01925
   3332.00000    1.00657    0.03035    0.62287    0.01943
   3333.00000    1.06461    0.03066    0.65270    0.01955
   3334.00000    0.99612    0.03079    0.64099    0.01963
   3335.00000    1.01241    0.03070    0.65579    0.01985
   3336.00000    1.04792    0.03018    0.61978    0.01984
   3337.00000    1.01120    0.03040    0.66383    0.01984
   3338.00000    0.96896    0.03069    0.65929    0.01980
   3339.00000    1.04866    0.03065    0.68275    0.01977
   3340.00000    1.06086    0.03112    0.66502    0.01999
   3341.00000    1.07543    0.03112    0.66780    0.02012
   3342.00000    1.01865    0.03129    0.67285    0.01999
   3343.00000    1.05876    0.03107    0.64271    0.01968
   3344.00000    1.05520    0.03133    0.67370    0.01981
   3345.00000    1.07991    0.03140    0.65671    0.01997
   3346.00000    1.09726    0.03126    0.65963    0.01999
   3347.00000    1.03820    0.03144    0.70191    0.02030
   3348.00000    1.07243    0.03127    0.69952    0.02029
   3349.00000    1.06143    0.03135    0.66538    0.02032
   3350.00000    1.06247    0.03187    0.65615    0.02025
   3351.00000    1.05311    0.03206    0.66952    0.02042
   3352.00000    1.04246    0.03222    0.66991    0.02053
   3353.00000    1.14283    0.03203    0.66543    0.02032
   3354.00000    1.10363    0.03204    0.68709    0.02043
   3355.00000    1.03040    0.03203    0.66830    0.02038
   3356.00000    1.05901    0.03223    0.68021    0.02046
   3357.00000    1.09480    0.03213    0.69811    0.02071
   3358.00000    1.06941    0.03221    0.69846    0.02085
   3359.00000    1.11747    0.03237    0.72738    0.02105
   3360.00000    1.09895    0.03221    0.67765    0.02091
   3361.00000    1.06597    0.03204    0.71335    0.02081
   3362.00000    1.05898    0.03174    0.70972    0.02095
   3363.00000    0.98626    0.03189    0.69591    0.02097
   3364.00000    1.05249    0.03166    0.72706    0.02098
   3365.00000    1.03969    0.03173    0.72351    0.02100
   3366.00000    1.01668    0.03209    0.71844    0.02109
   3367.00000    1.04752    0.03194    0.72920    0.02095
   3368.00000    1.08658    0.03243    0.68556    0.02084
   3369.00000    1.02887    0.03254    0.67510    0.02067
   3370.00000    1.07327    0.03251    0.70894    0.02076
   3371.00000    1.09390    0.03247    0.67477    0.02062
   3372.00000    1.11554    0.03240    0.67851    0.02071
   3373.00000    1.11658    0.03254    0.67614    0.02093
   3374.00000    1.12906    0.03286    0.69655    0.02078
   3375.00000    1.07717    0.03283    0.70530    0.02113
   3376.00000    1.05042    0.03308    0.69780    0.02122
   3377.00000    1.08394    0.03330    0.72194    0.02117
   3378.00000    1.17985    0.03348    0.68821    0.02118
   3379.00000    1.11962    0.03335    0.66800    0.02107
   3380.00000    1.09514    0.03348    0.71686    0.02116
   3381.00000    1.05950    0.03386    0.69405    0.02141
   3382.00000    1.18124    0.03385    0.73042    0.02135
   3383.00000    1.11473    0.03373    0.73144    0.02145
   3384.00000    1.07804    0.03398    0.70512    0.02165
   3385.00000    1.05744    0.03410    0.70578    0.02180
   3386.00000    1.14223    0.03389    0.75270    0.02174
   3387.00000    1.15302    0.03406    0.72442    0.02180
   3388.00000    1.13692    0.03423    0.73318    0.02203
   3389.00000    1.11996    0.03459    0.76527    0.02203
   3390.00000    1.13562    0.03463    0.74489    0.02194
   3391.00000    1.11181    0.03459    0.72142    0.02213
   3392.00000    1.10311    0.03446    0.73897    0.02217
   3393.00000    1.11021    0.03409    0.72450    0.02210
   3394.00000    1.12526    0.03374    0.77179    0.02226
   3395.00000    1.16282    0.03394    0.73158    0.02232
   3396.00000    1.14114    0.03438    0.76320    0.02256
   3397.00000    1.20768    0.03405    0.73046    0.02250
   3398.00000    1.07268    0.03371    0.75294    0.02254
   3399.00000    1.10086    0.03392    0.75184    0.02244
   3400.00000    1.20828    0.03357    0.72936    0.02227
   3401.00000    1.14523    0.03363    0.76177    0.02200
   3402.00000    1.16414    0.03357    0.73385    0.02213
   3403.00000    1.12394    0.03372    0.78409    0.02245
   3404.00000    1.14609    0.03348    0.74353    0.02222
