## Time Delay Challenge light curves
##
## [time]=days, [lc]=[err]=flux in nanomaggies
##
##       time       lc_A      err_A       lc_B      err_B
##-------------------------------------------------------
      0.00000    0.56524    0.01684    0.97468    0.02870
      1.00000    0.57785    0.01682    0.99118    0.02888
      2.00000    0.55254    0.01700    0.98121    0.02873
      3.00000    0.55244    0.01687    0.96891    0.02863
      4.00000    0.55014    0.01699    0.86207    0.02847
      5.00000    0.57009    0.01722    0.96743    0.02853
      6.00000    0.56923    0.01740    0.93051    0.02878
      7.00000    0.60182    0.01711    0.98261    0.02866
      8.00000    0.53291    0.01704    0.96030    0.02840
      9.00000    0.57157    0.01671    0.94833    0.02830
     10.00000    0.54154    0.01671    0.92312    0.02790
     11.00000    0.55412    0.01674    0.98742    0.02774
     12.00000    0.59683    0.01682    0.92748    0.02770
     13.00000    0.53764    0.01680    0.95287    0.02801
     14.00000    0.56031    0.01677    0.89957    0.02785
     15.00000    0.54635    0.01703    0.98295    0.02808
     16.00000    0.58439    0.01692    0.93639    0.02791
     17.00000    0.54062    0.01675    0.94870    0.02780
     18.00000    0.57299    0.01666    0.93585    0.02785
     19.00000    0.55526    0.01687    0.94696    0.02745
     20.00000    0.59420    0.01668    0.90122    0.02723
     21.00000    0.51217    0.01666    0.93327    0.02724
     22.00000    0.59809    0.01654    0.88429    0.02715
     23.00000    0.56683    0.01666    0.90981    0.02744
     24.00000    0.53388    0.01681    0.89554    0.02785
     25.00000    0.52395    0.01671    0.94031    0.02776
     26.00000    0.56682    0.01674    0.94042    0.02801
     27.00000    0.55054    0.01666    0.91562    0.02796
     28.00000    0.54283    0.01654    0.95136    0.02785
     29.00000    0.59191    0.01676    0.92705    0.02778
     30.00000    0.56566    0.01686    0.88790    0.02759
     31.00000    0.53061    0.01685    0.91316    0.02683
     32.00000    0.57983    0.01659    0.89891    0.02634
     33.00000    0.54925    0.01629    0.86349    0.02606
     34.00000    0.54607    0.01619    0.86807    0.02597
     35.00000    0.54693    0.01621    0.86620    0.02620
     36.00000    0.55160    0.01644    0.86599    0.02600
     37.00000    0.54245    0.01659    0.85261    0.02628
     38.00000    0.55966    0.01667    0.90557    0.02661
     39.00000    0.52455    0.01671    0.92647    0.02696
     40.00000    0.55818    0.01669    0.90494    0.02687
     41.00000    0.52801    0.01679    0.89374    0.02674
     42.00000    0.56402    0.01680    0.86165    0.02688
     43.00000    0.54563    0.01672    0.94826    0.02668
     44.00000    0.55837    0.01657    0.89708    0.02652
     45.00000    0.55218    0.01682    0.90310    0.02615
     46.00000    0.55905    0.01689    0.84703    0.02590
     47.00000    0.55656    0.01698    0.86822    0.02553
     48.00000    0.56649    0.01694    0.84523    0.02535
     49.00000    0.59819    0.01692    0.84632    0.02492
     50.00000    0.58068    0.01687    0.80983    0.02504
     51.00000    0.59163    0.01691    0.87458    0.02502
     52.00000    0.54249    0.01659    0.81774    0.02518
     53.00000    0.57718    0.01651    0.79485    0.02482
     54.00000    0.57496    0.01666    0.79361    0.02488
     55.00000    0.54752    0.01661    0.83588    0.02468
     56.00000    0.54474    0.01661    0.84092    0.02472
     57.00000    0.56423    0.01678    0.80589    0.02476
     58.00000    0.55981    0.01690    0.78523    0.02484
     59.00000    0.58878    0.01705    0.83039    0.02481
     60.00000    0.57881    0.01699    0.84718    0.02476
     61.00000    0.55869    0.01687    0.83393    0.02467
     62.00000    0.53463    0.01686    0.82825    0.02425
     63.00000    0.56457    0.01678    0.79132    0.02386
     64.00000    0.53381    0.01659    0.81822    0.02418
     65.00000    0.56065    0.01666    0.80640    0.02378
     66.00000    0.56690    0.01677    0.76025    0.02359
     67.00000    0.56651    0.01671    0.78390    0.02348
     68.00000    0.57046    0.01686    0.78389    0.02351
     69.00000    0.54739    0.01674    0.79758    0.02375
     70.00000    0.54700    0.01658    0.79800    0.02379
     71.00000    0.50785    0.01624    0.77265    0.02389
     72.00000    0.54486    0.01598    0.83023    0.02406
     73.00000    0.56195    0.01631    0.77193    0.02414
     74.00000    0.54334    0.01622    0.78989    0.02393
     75.00000    0.52880    0.01634    0.75059    0.02406
     76.00000    0.55823    0.01650    0.81785    0.02424
     77.00000    0.53970    0.01646    0.82040    0.02428
     78.00000    0.54348    0.01635    0.78419    0.02411
     79.00000    0.57312    0.01624    0.79194    0.02397
     80.00000    0.53973    0.01622    0.80785    0.02426
     81.00000    0.53380    0.01643    0.78903    0.02403
     82.00000    0.55074    0.01631    0.77829    0.02413
     83.00000    0.53049    0.01605    0.81054    0.02419
     84.00000    0.51853    0.01623    0.78217    0.02377
     85.00000    0.54062    0.01627    0.78408    0.02411
     86.00000    0.56078    0.01641    0.86568    0.02457
     87.00000    0.53012    0.01629    0.82745    0.02451
     88.00000    0.55614    0.01618    0.81619    0.02473
     89.00000    0.52177    0.01596    0.86297    0.02458
     90.00000    0.49344    0.01569    0.82972    0.02458
     91.00000    0.52206    0.01571    0.84097    0.02402
     92.00000    0.50877    0.01591    0.84826    0.02415
     93.00000    0.54726    0.01618    0.76557    0.02429
     94.00000    0.52050    0.01617    0.82179    0.02448
     95.00000    0.52484    0.01600    0.80594    0.02442
     96.00000    0.52935    0.01633    0.77935    0.02410
     97.00000    0.54157    0.01635    0.80889    0.02404
     98.00000    0.54498    0.01626    0.82099    0.02432
     99.00000    0.53916    0.01633    0.81893    0.02434
    100.00000    0.51099    0.01617    0.81600    0.02448
    101.00000    0.55255    0.01621    0.81435    0.02417
    102.00000    0.54184    0.01604    0.79506    0.02412
    103.00000    0.50151    0.01608    0.83930    0.02423
    104.00000    0.54918    0.01599    0.81696    0.02422
    105.00000    0.52037    0.01589    0.78271    0.02421
    106.00000    0.52994    0.01588    0.83102    0.02424
    107.00000    0.53813    0.01588    0.80473    0.02416
    108.00000    0.55336    0.01592    0.76908    0.02438
    109.00000    0.53124    0.01594    0.80627    0.02436
    110.00000    0.53071    0.01606    0.84800    0.02460
    111.00000    0.53196    0.01585    0.79856    0.02427
    112.00000    0.54257    0.01596    0.80487    0.02441
    113.00000    0.51436    0.01608    0.74873    0.02423
    114.00000    0.53425    0.01632    0.76700    0.02436
    115.00000    0.54066    0.01630    0.80789    0.02424
    116.00000    0.53539    0.01639    0.81650    0.02410
    117.00000    0.55001    0.01660    0.75454    0.02368
    118.00000    0.56078    0.01673    0.81956    0.02369
    119.00000    0.55688    0.01669    0.77820    0.02345
    365.00000    0.52174    0.01506    0.89439    0.02549
    366.00000    0.48796    0.01488    0.87035    0.02533
    367.00000    0.50419    0.01489    0.79376    0.02536
    368.00000    0.50211    0.01489    0.86707    0.02530
    369.00000    0.52027    0.01481    0.90562    0.02509
    370.00000    0.52841    0.01474    0.83254    0.02526
    371.00000    0.49114    0.01484    0.82852    0.02503
    372.00000    0.49408    0.01473    0.84133    0.02492
    373.00000    0.48520    0.01469    0.84882    0.02542
    374.00000    0.49008    0.01464    0.84498    0.02511
    375.00000    0.48500    0.01454    0.86723    0.02519
    376.00000    0.47543    0.01440    0.86435    0.02533
    377.00000    0.46577    0.01431    0.87439    0.02579
    378.00000    0.46970    0.01423    0.84167    0.02547
    379.00000    0.44247    0.01413    0.84644    0.02581
    380.00000    0.49408    0.01422    0.81129    0.02558
    381.00000    0.46010    0.01412    0.82440    0.02569
    382.00000    0.45234    0.01424    0.88511    0.02600
    383.00000    0.48884    0.01425    0.80704    0.02592
    384.00000    0.46687    0.01408    0.86709    0.02596
    385.00000    0.49722    0.01406    0.81556    0.02573
    386.00000    0.45247    0.01403    0.83334    0.02570
    387.00000    0.47059    0.01394    0.83155    0.02532
    388.00000    0.45504    0.01396    0.84546    0.02539
    389.00000    0.45681    0.01364    0.85610    0.02533
    390.00000    0.43808    0.01341    0.82826    0.02541
    391.00000    0.44668    0.01347    0.81630    0.02564
    392.00000    0.44705    0.01363    0.89527    0.02572
    393.00000    0.45048    0.01366    0.87544    0.02602
    394.00000    0.48006    0.01371    0.87144    0.02599
    395.00000    0.46127    0.01380    0.90368    0.02607
    396.00000    0.47872    0.01389    0.86025    0.02610
    397.00000    0.46175    0.01404    0.86643    0.02602
    398.00000    0.48764    0.01426    0.86478    0.02607
    399.00000    0.45776    0.01422    0.85804    0.02595
    400.00000    0.45583    0.01404    0.85052    0.02606
    401.00000    0.47974    0.01400    0.84646    0.02576
    402.00000    0.46586    0.01405    0.86805    0.02587
    403.00000    0.43004    0.01379    0.86222    0.02586
    404.00000    0.45553    0.01379    0.82540    0.02573
    405.00000    0.44593    0.01375    0.84855    0.02563
    406.00000    0.46670    0.01380    0.83715    0.02585
    407.00000    0.45723    0.01373    0.84976    0.02555
    408.00000    0.46279    0.01362    0.89344    0.02558
    409.00000    0.45596    0.01367    0.80622    0.02586
    410.00000    0.44485    0.01375    0.89187    0.02600
    411.00000    0.43266    0.01380    0.84688    0.02635
    412.00000    0.44889    0.01400    0.89137    0.02612
    413.00000    0.45695    0.01413    0.93735    0.02600
    414.00000    0.42435    0.01401    0.84592    0.02587
    415.00000    0.47502    0.01408    0.88012    0.02547
    416.00000    0.44298    0.01411    0.82258    0.02560
    417.00000    0.48194    0.01423    0.86279    0.02586
    418.00000    0.48270    0.01432    0.82565    0.02578
    419.00000    0.51093    0.01444    0.90643    0.02591
    420.00000    0.48494    0.01442    0.85735    0.02588
    421.00000    0.46790    0.01432    0.86170    0.02612
    422.00000    0.47809    0.01443    0.88278    0.02619
    423.00000    0.49424    0.01443    0.86091    0.02586
    424.00000    0.50892    0.01452    0.88738    0.02559
    425.00000    0.47233    0.01451    0.79802    0.02570
    426.00000    0.50406    0.01453    0.88411    0.02567
    427.00000    0.50751    0.01449    0.82782    0.02529
    428.00000    0.46834    0.01461    0.83997    0.02506
    429.00000    0.45990    0.01465    0.85719    0.02514
    430.00000    0.45860    0.01467    0.87294    0.02553
    431.00000    0.47705    0.01448    0.85045    0.02580
    432.00000    0.51159    0.01451    0.88067    0.02562
    433.00000    0.47384    0.01443    0.90730    0.02616
    434.00000    0.46894    0.01476    0.84140    0.02583
    435.00000    0.51162    0.01474    0.85678    0.02549
    436.00000    0.45479    0.01459    0.86269    0.02526
    437.00000    0.46549    0.01452    0.85987    0.02519
    438.00000    0.49391    0.01443    0.83936    0.02551
    439.00000    0.49476    0.01452    0.91389    0.02600
    440.00000    0.46563    0.01452    0.88981    0.02587
    441.00000    0.49923    0.01446    0.82990    0.02578
    442.00000    0.47066    0.01428    0.85697    0.02565
    443.00000    0.48548    0.01419    0.84133    0.02559
    444.00000    0.49109    0.01437    0.83802    0.02544
    445.00000    0.49824    0.01436    0.88389    0.02517
    446.00000    0.49369    0.01433    0.86173    0.02539
    447.00000    0.46940    0.01453    0.86074    0.02591
    448.00000    0.48028    0.01460    0.86341    0.02571
    449.00000    0.48850    0.01463    0.84092    0.02529
    450.00000    0.48578    0.01482    0.80042    0.02537
    451.00000    0.48868    0.01466    0.88124    0.02518
    452.00000    0.49424    0.01475    0.79288    0.02521
    453.00000    0.50092    0.01460    0.86562    0.02526
    454.00000    0.51239    0.01456    0.81743    0.02534
    455.00000    0.48815    0.01459    0.83609    0.02509
    456.00000    0.48933    0.01440    0.81999    0.02506
    457.00000    0.44532    0.01447    0.83534    0.02531
    458.00000    0.47738    0.01451    0.84107    0.02516
    459.00000    0.48059    0.01444    0.82840    0.02480
    460.00000    0.48900    0.01470    0.86115    0.02485
    461.00000    0.48160    0.01462    0.81438    0.02486
    462.00000    0.48290    0.01431    0.78662    0.02498
    463.00000    0.46392    0.01424    0.80246    0.02468
    464.00000    0.46745    0.01430    0.81144    0.02443
    465.00000    0.47912    0.01445    0.85011    0.02446
    466.00000    0.50246    0.01446    0.82773    0.02442
    467.00000    0.48019    0.01429    0.83173    0.02449
    468.00000    0.47202    0.01459    0.85178    0.02417
    469.00000    0.46996    0.01480    0.78971    0.02434
    470.00000    0.48102    0.01467    0.78358    0.02456
    471.00000    0.48632    0.01471    0.78553    0.02446
    472.00000    0.47416    0.01474    0.80579    0.02443
    473.00000    0.47893    0.01443    0.86787    0.02426
    474.00000    0.49544    0.01440    0.81850    0.02441
    475.00000    0.49009    0.01446    0.82272    0.02420
    476.00000    0.50642    0.01459    0.82206    0.02379
    477.00000    0.48252    0.01460    0.79937    0.02393
    478.00000    0.51241    0.01468    0.80486    0.02384
    479.00000    0.50639    0.01477    0.79077    0.02369
    480.00000    0.50329    0.01474    0.77921    0.02356
    481.00000    0.48205    0.01471    0.80099    0.02356
    482.00000    0.47945    0.01479    0.77299    0.02325
    483.00000    0.48582    0.01476    0.73218    0.02341
    484.00000    0.49232    0.01477    0.77926    0.02328
    730.00000    0.55383    0.01773    0.77462    0.02359
    731.00000    0.56029    0.01780    0.78817    0.02340
    732.00000    0.56733    0.01753    0.79125    0.02311
    733.00000    0.59201    0.01752    0.76820    0.02308
    734.00000    0.58096    0.01749    0.76024    0.02278
    735.00000    0.61152    0.01761    0.82417    0.02295
    736.00000    0.56533    0.01753    0.75508    0.02311
    737.00000    0.56495    0.01752    0.75385    0.02292
    738.00000    0.58879    0.01735    0.81549    0.02299
    739.00000    0.58285    0.01744    0.79097    0.02337
    740.00000    0.60478    0.01727    0.78629    0.02374
    741.00000    0.58125    0.01728    0.79219    0.02376
    742.00000    0.57973    0.01709    0.79059    0.02350
    743.00000    0.56587    0.01707    0.78080    0.02371
    744.00000    0.57508    0.01688    0.78663    0.02408
    745.00000    0.56683    0.01693    0.78896    0.02416
    746.00000    0.56450    0.01701    0.79287    0.02435
    747.00000    0.57358    0.01708    0.83439    0.02461
    748.00000    0.56173    0.01699    0.83769    0.02455
    749.00000    0.56529    0.01715    0.80375    0.02441
    750.00000    0.57843    0.01718    0.80724    0.02435
    751.00000    0.59484    0.01705    0.77509    0.02448
    752.00000    0.58756    0.01733    0.82476    0.02444
    753.00000    0.60453    0.01745    0.81725    0.02457
    754.00000    0.58525    0.01751    0.80787    0.02504
    755.00000    0.56414    0.01735    0.84455    0.02510
    756.00000    0.59105    0.01738    0.80228    0.02483
    757.00000    0.55651    0.01723    0.84245    0.02495
    758.00000    0.55428    0.01720    0.85134    0.02534
    759.00000    0.57430    0.01718    0.81322    0.02523
    760.00000    0.52628    0.01702    0.79735    0.02478
    761.00000    0.55211    0.01697    0.85782    0.02507
    762.00000    0.55503    0.01695    0.84916    0.02537
    763.00000    0.60338    0.01707    0.87637    0.02545
    764.00000    0.57547    0.01693    0.82419    0.02526
    765.00000    0.55680    0.01681    0.88920    0.02538
    766.00000    0.54017    0.01690    0.84089    0.02526
    767.00000    0.58956    0.01681    0.81816    0.02498
    768.00000    0.55809    0.01695    0.83276    0.02488
    769.00000    0.53323    0.01695    0.82336    0.02492
    770.00000    0.60897    0.01724    0.85291    0.02488
    771.00000    0.59132    0.01742    0.84267    0.02479
    772.00000    0.57733    0.01722    0.85573    0.02497
    773.00000    0.59312    0.01719    0.83667    0.02523
    774.00000    0.56534    0.01690    0.85985    0.02547
    775.00000    0.58554    0.01708    0.86214    0.02577
    776.00000    0.56853    0.01698    0.81178    0.02547
    777.00000    0.58535    0.01689    0.84377    0.02576
    778.00000    0.58457    0.01683    0.84667    0.02545
    779.00000    0.57476    0.01722    0.83400    0.02532
    780.00000    0.55170    0.01712    0.83719    0.02546
    781.00000    0.56097    0.01702    0.83796    0.02556
    782.00000    0.59686    0.01686    0.84975    0.02534
    783.00000    0.52961    0.01666    0.85505    0.02508
    784.00000    0.55295    0.01645    0.82217    0.02533
    785.00000    0.52913    0.01619    0.80682    0.02529
    786.00000    0.54016    0.01629    0.83077    0.02493
    787.00000    0.54138    0.01633    0.82871    0.02508
    788.00000    0.54677    0.01626    0.80791    0.02493
    789.00000    0.53644    0.01608    0.80788    0.02534
    790.00000    0.55619    0.01605    0.82201    0.02519
    791.00000    0.53697    0.01623    0.87329    0.02528
    792.00000    0.52503    0.01618    0.82363    0.02524
    793.00000    0.52648    0.01623    0.88378    0.02552
    794.00000    0.54773    0.01642    0.80787    0.02549
    795.00000    0.52160    0.01673    0.88409    0.02559
    796.00000    0.55750    0.01657    0.82167    0.02542
    797.00000    0.57146    0.01668    0.82294    0.02565
    798.00000    0.52915    0.01678    0.86544    0.02585
    799.00000    0.56933    0.01687    0.81311    0.02540
    800.00000    0.58955    0.01697    0.87517    0.02545
    801.00000    0.57436    0.01689    0.82355    0.02548
    802.00000    0.55879    0.01680    0.86819    0.02536
    803.00000    0.54196    0.01683    0.83100    0.02557
    804.00000    0.57596    0.01695    0.86494    0.02552
    805.00000    0.56866    0.01705    0.87402    0.02547
    806.00000    0.58239    0.01717    0.84620    0.02553
    807.00000    0.57984    0.01710    0.89792    0.02601
    808.00000    0.56660    0.01696    0.85868    0.02596
    809.00000    0.56063    0.01705    0.87847    0.02582
    810.00000    0.56959    0.01707    0.88059    0.02607
    811.00000    0.54884    0.01703    0.86827    0.02588
    812.00000    0.58171    0.01707    0.84388    0.02621
    813.00000    0.59041    0.01714    0.85885    0.02621
    814.00000    0.56908    0.01719    0.91028    0.02632
    815.00000    0.55639    0.01714    0.92093    0.02651
    816.00000    0.57225    0.01705    0.86369    0.02669
    817.00000    0.55431    0.01704    0.84020    0.02655
    818.00000    0.56046    0.01671    0.90276    0.02663
    819.00000    0.57256    0.01676    0.86154    0.02674
    820.00000    0.54620    0.01669    0.85755    0.02715
    821.00000    0.51892    0.01683    0.87133    0.02711
    822.00000    0.58762    0.01698    0.93614    0.02738
    823.00000    0.57855    0.01721    0.90871    0.02707
    824.00000    0.56381    0.01722    0.93593    0.02704
    825.00000    0.55462    0.01725    0.89550    0.02720
    826.00000    0.57165    0.01730    0.90595    0.02748
    827.00000    0.60006    0.01729    0.89752    0.02751
    828.00000    0.56129    0.01747    0.96653    0.02749
    829.00000    0.58523    0.01746    0.85365    0.02728
    830.00000    0.59441    0.01745    0.94138    0.02726
    831.00000    0.57603    0.01729    0.92155    0.02730
    832.00000    0.56005    0.01740    0.90656    0.02694
    833.00000    0.62249    0.01737    0.88946    0.02705
    834.00000    0.60348    0.01752    0.92738    0.02716
    835.00000    0.58600    0.01754    0.88893    0.02719
    836.00000    0.58756    0.01748    0.87772    0.02694
    837.00000    0.58509    0.01737    0.88777    0.02671
    838.00000    0.57109    0.01742    0.87497    0.02656
    839.00000    0.59980    0.01741    0.87315    0.02649
    840.00000    0.60487    0.01738    0.86299    0.02668
    841.00000    0.57672    0.01737    0.84671    0.02684
    842.00000    0.57040    0.01712    0.87290    0.02722
    843.00000    0.57434    0.01699    0.90321    0.02745
    844.00000    0.56094    0.01711    0.91956    0.02770
    845.00000    0.57181    0.01714    0.92592    0.02752
    846.00000    0.57720    0.01696    0.93182    0.02738
    847.00000    0.52235    0.01690    0.89941    0.02739
    848.00000    0.55348    0.01679    0.90511    0.02722
    849.00000    0.57637    0.01705    0.90189    0.02721
   1095.00000    0.55571    0.01756    0.90481    0.02688
   1096.00000    0.57081    0.01745    0.87464    0.02621
   1097.00000    0.64381    0.01735    0.87265    0.02603
   1098.00000    0.59077    0.01733    0.85345    0.02591
   1099.00000    0.60143    0.01757    0.85879    0.02641
   1100.00000    0.58369    0.01767    0.85140    0.02597
   1101.00000    0.60104    0.01756    0.84174    0.02571
   1102.00000    0.57771    0.01760    0.88311    0.02590
   1103.00000    0.54639    0.01773    0.83177    0.02582
   1104.00000    0.61558    0.01780    0.85132    0.02577
   1105.00000    0.57984    0.01771    0.83170    0.02596
   1106.00000    0.58664    0.01795    0.85827    0.02588
   1107.00000    0.60627    0.01771    0.85097    0.02606
   1108.00000    0.59582    0.01775    0.82553    0.02582
   1109.00000    0.60131    0.01760    0.89091    0.02570
   1110.00000    0.61883    0.01758    0.80684    0.02579
   1111.00000    0.60824    0.01772    0.86093    0.02566
   1112.00000    0.58863    0.01771    0.83643    0.02540
   1113.00000    0.57994    0.01776    0.86839    0.02565
   1114.00000    0.59188    0.01792    0.86619    0.02563
   1115.00000    0.59068    0.01775    0.90084    0.02568
   1116.00000    0.60406    0.01789    0.87744    0.02566
   1117.00000    0.60171    0.01799    0.84247    0.02569
   1118.00000    0.59820    0.01801    0.84902    0.02547
   1119.00000    0.59421    0.01783    0.84942    0.02559
   1120.00000    0.58283    0.01758    0.85443    0.02554
   1121.00000    0.58950    0.01744    0.83277    0.02579
   1122.00000    0.60053    0.01770    0.83894    0.02564
   1123.00000    0.60150    0.01766    0.88466    0.02561
   1124.00000    0.60078    0.01751    0.88594    0.02550
   1125.00000    0.58794    0.01775    0.86310    0.02534
   1126.00000    0.60043    0.01751    0.84142    0.02522
   1127.00000    0.58292    0.01745    0.83106    0.02508
   1128.00000    0.57735    0.01737    0.86258    0.02494
   1129.00000    0.59375    0.01726    0.89024    0.02505
   1130.00000    0.58336    0.01728    0.82243    0.02501
   1131.00000    0.55044    0.01752    0.75481    0.02483
   1132.00000    0.56563    0.01737    0.85750    0.02502
   1133.00000    0.58634    0.01729    0.82083    0.02528
   1134.00000    0.54793    0.01728    0.87557    0.02560
   1135.00000    0.55070    0.01734    0.81963    0.02536
   1136.00000    0.55712    0.01722    0.84425    0.02540
   1137.00000    0.59745    0.01713    0.83016    0.02511
   1138.00000    0.56041    0.01736    0.81504    0.02501
   1139.00000    0.57127    0.01707    0.82134    0.02468
   1140.00000    0.57567    0.01688    0.82529    0.02446
   1141.00000    0.57258    0.01689    0.78583    0.02444
   1142.00000    0.56450    0.01714    0.85706    0.02447
   1143.00000    0.53906    0.01709    0.85238    0.02461
   1144.00000    0.60062    0.01704    0.78651    0.02464
   1145.00000    0.59305    0.01708    0.82421    0.02469
   1146.00000    0.53361    0.01708    0.86614    0.02477
   1147.00000    0.58851    0.01685    0.80543    0.02480
   1148.00000    0.56542    0.01657    0.82921    0.02469
   1149.00000    0.54993    0.01645    0.82288    0.02473
   1150.00000    0.55591    0.01645    0.84327    0.02486
   1151.00000    0.55653    0.01659    0.82299    0.02508
   1152.00000    0.58257    0.01674    0.83029    0.02492
   1153.00000    0.56054    0.01673    0.87515    0.02505
   1154.00000    0.56155    0.01674    0.88097    0.02522
   1155.00000    0.56521    0.01663    0.82800    0.02506
   1156.00000    0.52203    0.01658    0.85658    0.02490
   1157.00000    0.54212    0.01652    0.85402    0.02511
   1158.00000    0.54481    0.01661    0.86717    0.02508
   1159.00000    0.53118    0.01642    0.87080    0.02547
   1160.00000    0.56503    0.01619    0.81531    0.02520
   1161.00000    0.53860    0.01605    0.82486    0.02529
   1162.00000    0.50910    0.01579    0.80954    0.02510
   1163.00000    0.51994    0.01581    0.82158    0.02523
   1164.00000    0.54191    0.01600    0.87024    0.02525
   1165.00000    0.53054    0.01595    0.85157    0.02538
   1166.00000    0.52619    0.01592    0.83885    0.02559
   1167.00000    0.55402    0.01600    0.86233    0.02522
   1168.00000    0.52965    0.01586    0.84721    0.02567
   1169.00000    0.55898    0.01580    0.87932    0.02594
   1170.00000    0.51240    0.01561    0.89584    0.02596
   1171.00000    0.53457    0.01582    0.91925    0.02624
   1172.00000    0.52871    0.01587    0.78501    0.02604
   1173.00000    0.53034    0.01579    0.85617    0.02633
   1174.00000    0.54863    0.01604    0.91758    0.02605
   1175.00000    0.56138    0.01610    0.89537    0.02601
   1176.00000    0.54656    0.01612    0.87306    0.02559
   1177.00000    0.53982    0.01629    0.85203    0.02586
   1178.00000    0.52802    0.01630    0.80793    0.02583
   1179.00000    0.52434    0.01636    0.86022    0.02579
   1180.00000    0.56686    0.01632    0.88368    0.02583
   1181.00000    0.55875    0.01649    0.87141    0.02588
   1182.00000    0.57435    0.01650    0.82554    0.02595
   1183.00000    0.57066    0.01653    0.88124    0.02561
   1184.00000    0.54903    0.01659    0.88201    0.02581
   1185.00000    0.55851    0.01658    0.90939    0.02617
   1186.00000    0.57862    0.01673    0.86249    0.02635
   1187.00000    0.57478    0.01690    0.87240    0.02614
   1188.00000    0.55388    0.01682    0.85993    0.02619
   1189.00000    0.57094    0.01685    0.87953    0.02623
   1190.00000    0.53839    0.01652    0.83419    0.02612
   1191.00000    0.55029    0.01674    0.85222    0.02634
   1192.00000    0.57546    0.01659    0.91777    0.02655
   1193.00000    0.55122    0.01657    0.89196    0.02666
   1194.00000    0.51148    0.01643    0.90764    0.02682
   1195.00000    0.54376    0.01648    0.86854    0.02663
   1196.00000    0.54968    0.01659    0.91635    0.02648
   1197.00000    0.58975    0.01683    0.90435    0.02703
   1198.00000    0.54129    0.01683    0.88764    0.02644
   1199.00000    0.57765    0.01695    0.93804    0.02666
   1200.00000    0.57241    0.01706    0.85261    0.02672
   1201.00000    0.57749    0.01696    0.92776    0.02673
   1202.00000    0.57832    0.01704    0.92910    0.02709
   1203.00000    0.57682    0.01700    0.89331    0.02699
   1204.00000    0.55877    0.01700    0.91461    0.02708
   1205.00000    0.58007    0.01687    0.91192    0.02731
   1206.00000    0.61384    0.01697    0.88392    0.02726
   1207.00000    0.54793    0.01650    0.89794    0.02740
   1208.00000    0.54380    0.01646    0.95064    0.02764
   1209.00000    0.54291    0.01644    0.92554    0.02804
   1210.00000    0.51831    0.01652    0.92221    0.02794
   1211.00000    0.55612    0.01648    0.94742    0.02804
   1212.00000    0.53174    0.01658    0.97276    0.02821
   1213.00000    0.55185    0.01653    0.96113    0.02817
   1214.00000    0.55564    0.01664    0.91581    0.02777
   1460.00000    0.54499    0.01674    0.85757    0.02525
   1461.00000    0.55648    0.01685    0.84373    0.02519
   1462.00000    0.54306    0.01701    0.84545    0.02518
   1463.00000    0.55692    0.01689    0.83276    0.02471
   1464.00000    0.53410    0.01687    0.78302    0.02488
   1465.00000    0.57098    0.01681    0.85766    0.02487
   1466.00000    0.58108    0.01702    0.82648    0.02465
   1467.00000    0.54528    0.01688    0.84493    0.02448
   1468.00000    0.51959    0.01704    0.85110    0.02464
   1469.00000    0.54849    0.01703    0.81644    0.02448
   1470.00000    0.56754    0.01681    0.79747    0.02432
   1471.00000    0.54427    0.01682    0.78349    0.02419
   1472.00000    0.55273    0.01694    0.77252    0.02432
   1473.00000    0.55283    0.01679    0.79782    0.02418
   1474.00000    0.57032    0.01650    0.79685    0.02431
   1475.00000    0.54448    0.01646    0.84117    0.02443
   1476.00000    0.53365    0.01647    0.82034    0.02437
   1477.00000    0.53400    0.01631    0.80956    0.02442
   1478.00000    0.55181    0.01635    0.81902    0.02416
   1479.00000    0.53769    0.01635    0.76725    0.02430
   1480.00000    0.53136    0.01632    0.82733    0.02430
   1481.00000    0.53810    0.01626    0.83083    0.02444
   1482.00000    0.53639    0.01620    0.80525    0.02430
   1483.00000    0.55449    0.01607    0.84425    0.02410
   1484.00000    0.54100    0.01590    0.81842    0.02422
   1485.00000    0.53096    0.01592    0.81910    0.02414
   1486.00000    0.54718    0.01608    0.82162    0.02398
   1487.00000    0.53426    0.01594    0.78439    0.02413
   1488.00000    0.53848    0.01586    0.78801    0.02374
   1489.00000    0.53893    0.01593    0.78837    0.02360
   1490.00000    0.54144    0.01604    0.81324    0.02395
   1491.00000    0.52655    0.01582    0.82088    0.02384
   1492.00000    0.53320    0.01566    0.80297    0.02396
   1493.00000    0.52522    0.01573    0.76468    0.02364
   1494.00000    0.54893    0.01619    0.83253    0.02365
   1495.00000    0.52537    0.01594    0.75126    0.02354
   1496.00000    0.53685    0.01588    0.79780    0.02354
   1497.00000    0.53713    0.01582    0.76678    0.02361
   1498.00000    0.51700    0.01568    0.80713    0.02364
   1499.00000    0.49475    0.01553    0.78404    0.02361
   1500.00000    0.49186    0.01567    0.80818    0.02391
   1501.00000    0.52509    0.01573    0.79287    0.02397
   1502.00000    0.50857    0.01599    0.76848    0.02395
   1503.00000    0.52615    0.01598    0.79000    0.02406
   1504.00000    0.53351    0.01582    0.81094    0.02384
   1505.00000    0.54338    0.01596    0.79347    0.02370
   1506.00000    0.54079    0.01599    0.80608    0.02370
   1507.00000    0.54181    0.01590    0.80883    0.02351
   1508.00000    0.54284    0.01585    0.77205    0.02334
   1509.00000    0.54397    0.01599    0.79489    0.02332
   1510.00000    0.54373    0.01619    0.78741    0.02372
   1511.00000    0.52889    0.01611    0.81129    0.02345
   1512.00000    0.55481    0.01648    0.82685    0.02359
   1513.00000    0.54830    0.01650    0.74625    0.02353
   1514.00000    0.54624    0.01651    0.78210    0.02361
   1515.00000    0.52813    0.01657    0.81054    0.02358
   1516.00000    0.56118    0.01663    0.78453    0.02349
   1517.00000    0.56625    0.01646    0.77497    0.02383
   1518.00000    0.54504    0.01664    0.81242    0.02406
   1519.00000    0.56783    0.01668    0.79196    0.02405
   1520.00000    0.54088    0.01642    0.81599    0.02400
   1521.00000    0.52438    0.01638    0.84451    0.02399
   1522.00000    0.55779    0.01641    0.80064    0.02436
   1523.00000    0.54478    0.01630    0.77172    0.02423
   1524.00000    0.55432    0.01632    0.85655    0.02408
   1525.00000    0.55913    0.01663    0.80589    0.02375
   1526.00000    0.55263    0.01665    0.81016    0.02382
   1527.00000    0.54647    0.01667    0.77472    0.02387
   1528.00000    0.54039    0.01667    0.81061    0.02424
   1529.00000    0.57579    0.01670    0.79419    0.02416
   1530.00000    0.56410    0.01677    0.83770    0.02425
   1531.00000    0.58334    0.01690    0.83797    0.02435
   1532.00000    0.58445    0.01692    0.82550    0.02451
   1533.00000    0.56108    0.01705    0.81747    0.02475
   1534.00000    0.54132    0.01709    0.89836    0.02473
   1535.00000    0.53347    0.01733    0.81517    0.02509
   1536.00000    0.58173    0.01722    0.85799    0.02504
   1537.00000    0.57927    0.01735    0.82118    0.02473
   1538.00000    0.56827    0.01729    0.85145    0.02472
   1539.00000    0.57257    0.01745    0.86024    0.02499
   1540.00000    0.60320    0.01757    0.82764    0.02492
   1541.00000    0.56440    0.01763    0.88002    0.02498
   1542.00000    0.58438    0.01764    0.85522    0.02486
   1543.00000    0.56789    0.01769    0.82183    0.02534
   1544.00000    0.59520    0.01770    0.84296    0.02517
   1545.00000    0.62247    0.01804    0.85209    0.02513
   1546.00000    0.62547    0.01831    0.80883    0.02505
   1547.00000    0.60133    0.01821    0.85065    0.02505
   1548.00000    0.61667    0.01823    0.85675    0.02496
   1549.00000    0.61668    0.01799    0.81310    0.02493
   1550.00000    0.59578    0.01792    0.84347    0.02469
   1551.00000    0.54300    0.01779    0.80249    0.02469
   1552.00000    0.63372    0.01787    0.78827    0.02482
   1553.00000    0.58928    0.01796    0.80925    0.02471
   1554.00000    0.60293    0.01793    0.84959    0.02482
   1555.00000    0.58185    0.01770    0.83713    0.02497
   1556.00000    0.55593    0.01756    0.85263    0.02477
   1557.00000    0.58320    0.01769    0.87116    0.02460
   1558.00000    0.57795    0.01776    0.78172    0.02478
   1559.00000    0.58351    0.01741    0.78938    0.02481
   1560.00000    0.58073    0.01743    0.84978    0.02473
   1561.00000    0.62150    0.01737    0.84517    0.02448
   1562.00000    0.60351    0.01716    0.84922    0.02449
   1563.00000    0.55099    0.01699    0.83063    0.02487
   1564.00000    0.55506    0.01699    0.80929    0.02472
   1565.00000    0.55567    0.01667    0.84964    0.02479
   1566.00000    0.52164    0.01677    0.88123    0.02472
   1567.00000    0.57638    0.01695    0.78945    0.02449
   1568.00000    0.56764    0.01710    0.83116    0.02455
   1569.00000    0.56522    0.01717    0.83362    0.02480
   1570.00000    0.56049    0.01725    0.81068    0.02488
   1571.00000    0.58867    0.01741    0.81581    0.02494
   1572.00000    0.59950    0.01734    0.83382    0.02509
   1573.00000    0.57380    0.01746    0.84465    0.02495
   1574.00000    0.57503    0.01737    0.85201    0.02499
   1575.00000    0.53562    0.01735    0.88613    0.02500
   1576.00000    0.57973    0.01727    0.84725    0.02531
   1577.00000    0.57001    0.01726    0.88606    0.02555
   1578.00000    0.59360    0.01720    0.88116    0.02536
   1579.00000    0.58756    0.01720    0.84433    0.02517
   1825.00000    0.55744    0.01652    0.93267    0.02836
   1826.00000    0.53530    0.01654    0.99511    0.02805
   1827.00000    0.56244    0.01626    0.93954    0.02797
   1828.00000    0.54474    0.01627    0.93244    0.02766
   1829.00000    0.52589    0.01630    0.93698    0.02781
   1830.00000    0.50551    0.01619    0.94761    0.02773
   1831.00000    0.52134    0.01619    0.88994    0.02749
   1832.00000    0.52796    0.01637    0.94737    0.02740
   1833.00000    0.55252    0.01639    0.88717    0.02738
   1834.00000    0.54704    0.01641    0.90719    0.02713
   1835.00000    0.53762    0.01623    0.87821    0.02701
   1836.00000    0.56364    0.01645    0.91226    0.02703
   1837.00000    0.53507    0.01652    0.86914    0.02697
   1838.00000    0.52252    0.01652    0.90084    0.02689
   1839.00000    0.56254    0.01657    0.89835    0.02658
   1840.00000    0.53949    0.01670    0.85323    0.02659
   1841.00000    0.57024    0.01679    0.89518    0.02655
   1842.00000    0.53835    0.01691    0.88202    0.02643
   1843.00000    0.59293    0.01691    0.84976    0.02611
   1844.00000    0.59168    0.01704    0.85691    0.02602
   1845.00000    0.57769    0.01682    0.85086    0.02567
   1846.00000    0.56766    0.01685    0.86207    0.02614
   1847.00000    0.57483    0.01689    0.91446    0.02622
   1848.00000    0.55610    0.01683    0.86764    0.02641
   1849.00000    0.57026    0.01689    0.90624    0.02604
   1850.00000    0.56145    0.01692    0.88031    0.02611
   1851.00000    0.56451    0.01711    0.86086    0.02599
   1852.00000    0.55390    0.01712    0.85435    0.02604
   1853.00000    0.57750    0.01699    0.91051    0.02578
   1854.00000    0.58288    0.01699    0.87174    0.02619
   1855.00000    0.56565    0.01691    0.86762    0.02638
   1856.00000    0.53416    0.01675    0.86530    0.02630
   1857.00000    0.57441    0.01672    0.86254    0.02642
   1858.00000    0.57518    0.01654    0.89534    0.02642
   1859.00000    0.54938    0.01658    0.84256    0.02644
   1860.00000    0.53913    0.01676    0.89018    0.02619
   1861.00000    0.56873    0.01674    0.85348    0.02613
   1862.00000    0.59013    0.01697    0.86999    0.02625
   1863.00000    0.54468    0.01680    0.87808    0.02635
   1864.00000    0.57153    0.01651    0.91417    0.02642
   1865.00000    0.50579    0.01651    0.91331    0.02660
   1866.00000    0.57114    0.01641    0.87404    0.02672
   1867.00000    0.53275    0.01639    0.85798    0.02679
   1868.00000    0.55227    0.01642    0.91177    0.02680
   1869.00000    0.52461    0.01645    0.88264    0.02701
   1870.00000    0.55506    0.01664    0.91160    0.02717
   1871.00000    0.54235    0.01676    0.90459    0.02743
   1872.00000    0.55922    0.01658    0.92197    0.02737
   1873.00000    0.55751    0.01651    0.92208    0.02755
   1874.00000    0.57203    0.01679    0.93630    0.02769
   1875.00000    0.57956    0.01679    0.93361    0.02750
   1876.00000    0.55558    0.01678    0.93600    0.02755
   1877.00000    0.56905    0.01692    0.91236    0.02708
   1878.00000    0.55293    0.01656    0.89187    0.02697
   1879.00000    0.53065    0.01666    0.90006    0.02695
   1880.00000    0.55661    0.01676    0.96409    0.02716
   1881.00000    0.55532    0.01665    0.89331    0.02693
   1882.00000    0.57689    0.01689    0.92115    0.02683
   1883.00000    0.56112    0.01686    0.84722    0.02670
   1884.00000    0.55201    0.01677    0.90712    0.02690
   1885.00000    0.57552    0.01677    0.90014    0.02766
   1886.00000    0.58358    0.01683    0.95726    0.02777
   1887.00000    0.58284    0.01696    0.90673    0.02785
   1888.00000    0.57393    0.01720    0.95238    0.02767
   1889.00000    0.58018    0.01704    0.90875    0.02788
   1890.00000    0.57720    0.01731    0.93041    0.02776
   1891.00000    0.61052    0.01734    0.94535    0.02791
   1892.00000    0.57137    0.01734    0.88318    0.02766
   1893.00000    0.61992    0.01740    0.86139    0.02728
   1894.00000    0.62420    0.01751    0.92998    0.02699
   1895.00000    0.57824    0.01739    0.92551    0.02700
   1896.00000    0.57080    0.01746    0.89515    0.02730
   1897.00000    0.58792    0.01734    0.95187    0.02748
   1898.00000    0.56374    0.01732    0.96603    0.02755
   1899.00000    0.56542    0.01759    0.95523    0.02787
   1900.00000    0.56042    0.01751    0.89920    0.02796
   1901.00000    0.57313    0.01743    0.95257    0.02822
   1902.00000    0.59311    0.01762    0.90494    0.02808
   1903.00000    0.61626    0.01759    0.93655    0.02791
   1904.00000    0.59816    0.01751    0.93537    0.02799
   1905.00000    0.59423    0.01756    0.93931    0.02798
   1906.00000    0.59323    0.01784    0.90446    0.02759
   1907.00000    0.59784    0.01771    0.96082    0.02775
   1908.00000    0.60275    0.01790    0.87117    0.02771
   1909.00000    0.60054    0.01799    0.97992    0.02776
   1910.00000    0.59888    0.01805    0.91210    0.02781
   1911.00000    0.62129    0.01814    0.89448    0.02740
   1912.00000    0.60164    0.01821    0.89046    0.02728
   1913.00000    0.58027    0.01812    0.90561    0.02707
   1914.00000    0.59992    0.01811    0.90651    0.02676
   1915.00000    0.61773    0.01806    0.90195    0.02672
   1916.00000    0.57118    0.01787    0.87147    0.02675
   1917.00000    0.59444    0.01794    0.88732    0.02680
   1918.00000    0.59174    0.01802    0.91608    0.02685
   1919.00000    0.61842    0.01795    0.88878    0.02648
   1920.00000    0.58892    0.01771    0.91048    0.02632
   1921.00000    0.58902    0.01773    0.87039    0.02671
   1922.00000    0.60050    0.01788    0.91025    0.02712
   1923.00000    0.58654    0.01776    0.94249    0.02699
   1924.00000    0.57682    0.01757    0.90608    0.02703
   1925.00000    0.58702    0.01760    0.94922    0.02748
   1926.00000    0.58270    0.01750    0.92535    0.02736
   1927.00000    0.59535    0.01714    0.97469    0.02773
   1928.00000    0.56510    0.01717    0.91823    0.02750
   1929.00000    0.57358    0.01742    0.94488    0.02773
   1930.00000    0.54539    0.01699    0.89170    0.02812
   1931.00000    0.54098    0.01679    0.92726    0.02777
   1932.00000    0.57481    0.01665    0.93986    0.02762
   1933.00000    0.53934    0.01646    0.90273    0.02762
   1934.00000    0.56354    0.01669    0.96288    0.02756
   1935.00000    0.56024    0.01692    0.89533    0.02777
   1936.00000    0.58301    0.01708    0.91162    0.02753
   1937.00000    0.61806    0.01706    0.88522    0.02761
   1938.00000    0.55900    0.01703    0.89297    0.02743
   1939.00000    0.55828    0.01683    0.93509    0.02763
   1940.00000    0.53348    0.01675    0.88347    0.02713
   1941.00000    0.52571    0.01676    0.94858    0.02722
   1942.00000    0.56235    0.01664    0.88682    0.02698
   1943.00000    0.57890    0.01652    0.92360    0.02710
   1944.00000    0.55508    0.01658    0.91873    0.02739
   2190.00000    0.50132    0.01539    0.89025    0.02741
   2191.00000    0.51128    0.01525    0.92032    0.02732
   2192.00000    0.49775    0.01538    0.94557    0.02724
   2193.00000    0.50872    0.01538    0.91592    0.02728
   2194.00000    0.52743    0.01524    0.93694    0.02720
   2195.00000    0.51028    0.01493    0.95748    0.02696
   2196.00000    0.48376    0.01486    0.89361    0.02768
   2197.00000    0.52684    0.01497    0.95673    0.02759
   2198.00000    0.49911    0.01513    0.92044    0.02782
   2199.00000    0.51384    0.01503    0.92230    0.02790
   2200.00000    0.51392    0.01507    0.93364    0.02834
   2201.00000    0.47669    0.01525    0.97534    0.02851
   2202.00000    0.46931    0.01522    1.00226    0.02849
   2203.00000    0.52532    0.01525    0.91557    0.02808
   2204.00000    0.52523    0.01532    0.87811    0.02788
   2205.00000    0.49846    0.01527    0.94897    0.02804
   2206.00000    0.51764    0.01539    0.89886    0.02761
   2207.00000    0.51868    0.01523    0.89596    0.02721
   2208.00000    0.52988    0.01512    0.91094    0.02720
   2209.00000    0.49724    0.01544    0.93860    0.02756
   2210.00000    0.51752    0.01535    0.99030    0.02754
   2211.00000    0.48963    0.01534    0.95803    0.02774
   2212.00000    0.50738    0.01546    0.89775    0.02781
   2213.00000    0.48778    0.01540    0.92181    0.02785
   2214.00000    0.52674    0.01548    0.93408    0.02776
   2215.00000    0.51741    0.01528    0.93282    0.02803
   2216.00000    0.54020    0.01553    0.90507    0.02808
   2217.00000    0.50166    0.01544    0.97249    0.02831
   2218.00000    0.51248    0.01554    0.90321    0.02786
   2219.00000    0.49248    0.01531    0.85987    0.02766
   2220.00000    0.50075    0.01540    0.94420    0.02790
   2221.00000    0.49701    0.01532    0.91954    0.02784
   2222.00000    0.52452    0.01538    0.91881    0.02766
   2223.00000    0.52547    0.01524    0.88766    0.02736
   2224.00000    0.49514    0.01515    0.93546    0.02780
   2225.00000    0.50655    0.01514    0.98762    0.02784
   2226.00000    0.51461    0.01520    0.95983    0.02773
   2227.00000    0.49976    0.01524    0.88709    0.02784
   2228.00000    0.53818    0.01524    0.91123    0.02731
   2229.00000    0.47805    0.01523    0.90499    0.02689
   2230.00000    0.50353    0.01515    0.92292    0.02719
   2231.00000    0.51755    0.01530    0.90494    0.02719
   2232.00000    0.50684    0.01534    0.91965    0.02701
   2233.00000    0.51141    0.01555    0.89202    0.02665
   2234.00000    0.53186    0.01570    0.91998    0.02644
   2235.00000    0.50295    0.01558    0.94059    0.02667
   2236.00000    0.54589    0.01561    0.92572    0.02661
   2237.00000    0.51363    0.01530    0.85678    0.02664
   2238.00000    0.49348    0.01535    0.90696    0.02647
   2239.00000    0.52093    0.01541    0.89546    0.02652
   2240.00000    0.50347    0.01556    0.90043    0.02674
   2241.00000    0.52346    0.01541    0.86369    0.02652
   2242.00000    0.52345    0.01548    0.88492    0.02664
   2243.00000    0.52814    0.01537    0.81485    0.02628
   2244.00000    0.47473    0.01528    0.84268    0.02625
   2245.00000    0.49115    0.01530    0.87140    0.02589
   2246.00000    0.52535    0.01516    0.81592    0.02558
   2247.00000    0.52069    0.01513    0.80603    0.02559
   2248.00000    0.53983    0.01514    0.83644    0.02522
   2249.00000    0.49309    0.01504    0.80660    0.02505
   2250.00000    0.48379    0.01520    0.83976    0.02516
   2251.00000    0.52944    0.01552    0.87102    0.02525
   2252.00000    0.50421    0.01541    0.85421    0.02529
   2253.00000    0.51784    0.01553    0.83177    0.02503
   2254.00000    0.54520    0.01570    0.80142    0.02519
   2255.00000    0.54215    0.01563    0.81480    0.02531
   2256.00000    0.51244    0.01563    0.86974    0.02507
   2257.00000    0.53137    0.01562    0.86431    0.02520
   2258.00000    0.53648    0.01546    0.78626    0.02505
   2259.00000    0.51492    0.01563    0.83010    0.02487
   2260.00000    0.54062    0.01584    0.81284    0.02471
   2261.00000    0.50955    0.01582    0.82848    0.02465
   2262.00000    0.53620    0.01591    0.80995    0.02473
   2263.00000    0.53379    0.01576    0.86650    0.02477
   2264.00000    0.53080    0.01573    0.84638    0.02497
   2265.00000    0.51893    0.01566    0.80633    0.02462
   2266.00000    0.50010    0.01545    0.78198    0.02474
   2267.00000    0.52741    0.01537    0.83273    0.02443
   2268.00000    0.51349    0.01541    0.83393    0.02442
   2269.00000    0.50242    0.01522    0.79763    0.02433
   2270.00000    0.49612    0.01514    0.84437    0.02438
   2271.00000    0.53286    0.01533    0.81193    0.02452
   2272.00000    0.51872    0.01536    0.79161    0.02461
   2273.00000    0.49711    0.01542    0.81369    0.02493
   2274.00000    0.49234    0.01551    0.80588    0.02479
   2275.00000    0.55052    0.01559    0.83216    0.02479
   2276.00000    0.53066    0.01574    0.81333    0.02454
   2277.00000    0.54226    0.01589    0.77823    0.02430
   2278.00000    0.56510    0.01591    0.81909    0.02455
   2279.00000    0.53417    0.01571    0.80366    0.02421
   2280.00000    0.53260    0.01566    0.80358    0.02429
   2281.00000    0.52277    0.01573    0.80505    0.02429
   2282.00000    0.53137    0.01597    0.80993    0.02437
   2283.00000    0.52292    0.01604    0.84294    0.02465
   2284.00000    0.51659    0.01593    0.87405    0.02475
   2285.00000    0.51850    0.01589    0.81866    0.02473
   2286.00000    0.53250    0.01570    0.83886    0.02465
   2287.00000    0.51369    0.01570    0.79744    0.02469
   2288.00000    0.52846    0.01564    0.84682    0.02465
   2289.00000    0.54610    0.01560    0.79739    0.02450
   2290.00000    0.52539    0.01583    0.82797    0.02458
   2291.00000    0.54225    0.01585    0.77971    0.02444
   2292.00000    0.54434    0.01606    0.81575    0.02444
   2293.00000    0.51971    0.01588    0.80718    0.02424
   2294.00000    0.53715    0.01586    0.77862    0.02407
   2295.00000    0.53571    0.01583    0.82135    0.02418
   2296.00000    0.51140    0.01580    0.82453    0.02424
   2297.00000    0.50553    0.01558    0.81518    0.02411
   2298.00000    0.52964    0.01568    0.80826    0.02401
   2299.00000    0.52659    0.01540    0.80484    0.02393
   2300.00000    0.49676    0.01534    0.77740    0.02398
   2301.00000    0.50640    0.01548    0.78583    0.02386
   2302.00000    0.51552    0.01538    0.78953    0.02378
   2303.00000    0.51901    0.01537    0.76294    0.02362
   2304.00000    0.51906    0.01533    0.78241    0.02355
   2305.00000    0.51283    0.01548    0.77514    0.02369
   2306.00000    0.51778    0.01549    0.79544    0.02404
   2307.00000    0.52443    0.01530    0.78022    0.02389
   2308.00000    0.52770    0.01545    0.76103    0.02359
   2309.00000    0.47137    0.01529    0.82584    0.02375
   2555.00000    0.52829    0.01555    0.81941    0.02370
   2556.00000    0.52295    0.01554    0.81584    0.02363
   2557.00000    0.51678    0.01570    0.82878    0.02365
   2558.00000    0.50705    0.01572    0.81008    0.02379
   2559.00000    0.53859    0.01580    0.78176    0.02393
   2560.00000    0.53146    0.01585    0.77586    0.02405
   2561.00000    0.52193    0.01583    0.78985    0.02402
   2562.00000    0.52567    0.01578    0.73778    0.02363
   2563.00000    0.51333    0.01579    0.76619    0.02387
   2564.00000    0.53731    0.01573    0.78692    0.02373
   2565.00000    0.52175    0.01545    0.83525    0.02380
   2566.00000    0.49779    0.01538    0.78887    0.02382
   2567.00000    0.51081    0.01535    0.78633    0.02378
   2568.00000    0.47620    0.01537    0.75673    0.02390
   2569.00000    0.52165    0.01508    0.77007    0.02389
   2570.00000    0.49628    0.01515    0.77872    0.02393
   2571.00000    0.52041    0.01541    0.80374    0.02405
   2572.00000    0.53779    0.01564    0.79381    0.02434
   2573.00000    0.55935    0.01585    0.80517    0.02429
   2574.00000    0.52851    0.01582    0.85883    0.02460
   2575.00000    0.52542    0.01581    0.81226    0.02460
   2576.00000    0.53221    0.01584    0.80845    0.02461
   2577.00000    0.53580    0.01563    0.79327    0.02440
   2578.00000    0.51926    0.01542    0.82128    0.02417
   2579.00000    0.53113    0.01532    0.77764    0.02447
   2580.00000    0.50902    0.01535    0.79767    0.02444
   2581.00000    0.49622    0.01540    0.84165    0.02439
   2582.00000    0.51366    0.01549    0.80906    0.02426
   2583.00000    0.51628    0.01553    0.83165    0.02408
   2584.00000    0.50480    0.01553    0.84703    0.02401
   2585.00000    0.50713    0.01531    0.79327    0.02401
   2586.00000    0.51970    0.01541    0.80137    0.02426
   2587.00000    0.52405    0.01537    0.82997    0.02429
   2588.00000    0.53413    0.01545    0.81966    0.02441
   2589.00000    0.50947    0.01538    0.84407    0.02462
   2590.00000    0.51642    0.01559    0.83032    0.02435
   2591.00000    0.51099    0.01555    0.82270    0.02438
   2592.00000    0.52340    0.01558    0.81297    0.02440
   2593.00000    0.55443    0.01543    0.81881    0.02421
   2594.00000    0.53119    0.01539    0.78109    0.02388
   2595.00000    0.49963    0.01547    0.78773    0.02384
   2596.00000    0.53722    0.01545    0.79002    0.02395
   2597.00000    0.52313    0.01539    0.77171    0.02375
   2598.00000    0.50561    0.01519    0.79392    0.02376
   2599.00000    0.49811    0.01498    0.82788    0.02402
   2600.00000    0.52034    0.01501    0.77605    0.02396
   2601.00000    0.49238    0.01508    0.83253    0.02405
   2602.00000    0.48257    0.01517    0.77230    0.02375
   2603.00000    0.54254    0.01535    0.80711    0.02390
   2604.00000    0.57192    0.01541    0.77844    0.02377
   2605.00000    0.52086    0.01533    0.80642    0.02383
   2606.00000    0.48967    0.01515    0.81037    0.02382
   2607.00000    0.49928    0.01514    0.78761    0.02383
   2608.00000    0.51289    0.01512    0.76647    0.02390
   2609.00000    0.50826    0.01489    0.80074    0.02407
   2610.00000    0.51824    0.01495    0.81397    0.02431
   2611.00000    0.52046    0.01497    0.80679    0.02430
   2612.00000    0.45237    0.01495    0.83795    0.02465
   2613.00000    0.50375    0.01503    0.79637    0.02435
   2614.00000    0.52009    0.01494    0.79843    0.02438
   2615.00000    0.48892    0.01494    0.77034    0.02442
   2616.00000    0.53358    0.01513    0.81455    0.02439
   2617.00000    0.47152    0.01522    0.84372    0.02425
   2618.00000    0.49363    0.01511    0.83228    0.02436
   2619.00000    0.48417    0.01505    0.81799    0.02424
   2620.00000    0.51959    0.01522    0.81255    0.02455
   2621.00000    0.51981    0.01539    0.84549    0.02459
   2622.00000    0.51542    0.01573    0.82109    0.02475
   2623.00000    0.52893    0.01570    0.83014    0.02487
   2624.00000    0.53077    0.01573    0.81598    0.02500
   2625.00000    0.52954    0.01584    0.79479    0.02494
   2626.00000    0.49297    0.01588    0.82582    0.02520
   2627.00000    0.54242    0.01604    0.87325    0.02496
   2628.00000    0.52986    0.01593    0.81055    0.02520
   2629.00000    0.51928    0.01592    0.89694    0.02514
   2630.00000    0.50052    0.01580    0.83504    0.02501
   2631.00000    0.54345    0.01583    0.80626    0.02474
   2632.00000    0.50920    0.01599    0.82933    0.02485
   2633.00000    0.53704    0.01594    0.79803    0.02470
   2634.00000    0.54441    0.01597    0.85208    0.02475
   2635.00000    0.50727    0.01587    0.84644    0.02482
   2636.00000    0.51526    0.01592    0.82515    0.02478
   2637.00000    0.55831    0.01581    0.84108    0.02495
   2638.00000    0.52981    0.01574    0.83064    0.02524
   2639.00000    0.55457    0.01607    0.80732    0.02483
   2640.00000    0.53060    0.01585    0.81407    0.02481
   2641.00000    0.54534    0.01587    0.82391    0.02463
   2642.00000    0.54479    0.01579    0.85954    0.02479
   2643.00000    0.55436    0.01597    0.84014    0.02449
   2644.00000    0.53501    0.01571    0.80677    0.02452
   2645.00000    0.51099    0.01599    0.86252    0.02440
   2646.00000    0.52608    0.01603    0.80365    0.02426
   2647.00000    0.51628    0.01587    0.82710    0.02434
   2648.00000    0.50738    0.01578    0.79677    0.02414
   2649.00000    0.49458    0.01560    0.77702    0.02433
   2650.00000    0.49904    0.01549    0.77580    0.02446
   2651.00000    0.50597    0.01540    0.84078    0.02459
   2652.00000    0.48929    0.01541    0.88290    0.02459
   2653.00000    0.53856    0.01550    0.82566    0.02451
   2654.00000    0.53880    0.01539    0.81657    0.02443
   2655.00000    0.53115    0.01522    0.77634    0.02436
   2656.00000    0.50833    0.01515    0.81300    0.02462
   2657.00000    0.49147    0.01489    0.83699    0.02485
   2658.00000    0.47387    0.01482    0.83054    0.02487
   2659.00000    0.50475    0.01503    0.84994    0.02484
   2660.00000    0.49681    0.01509    0.85490    0.02515
   2661.00000    0.50620    0.01506    0.84758    0.02530
   2662.00000    0.50065    0.01503    0.83192    0.02543
   2663.00000    0.48446    0.01495    0.82053    0.02540
   2664.00000    0.54028    0.01490    0.84498    0.02549
   2665.00000    0.49168    0.01501    0.85094    0.02587
   2666.00000    0.51049    0.01501    0.88788    0.02562
   2667.00000    0.51658    0.01494    0.83319    0.02571
   2668.00000    0.52256    0.01505    0.84658    0.02589
   2669.00000    0.52429    0.01508    0.86820    0.02580
   2670.00000    0.52008    0.01502    0.88522    0.02600
   2671.00000    0.48271    0.01506    0.85966    0.02556
   2672.00000    0.50392    0.01526    0.89408    0.02586
   2673.00000    0.50807    0.01544    0.85163    0.02554
   2674.00000    0.50130    0.01535    0.86452    0.02554
   2920.00000    0.54762    0.01601    0.73861    0.02370
   2921.00000    0.55689    0.01608    0.76481    0.02375
   2922.00000    0.53580    0.01620    0.82701    0.02391
   2923.00000    0.52955    0.01643    0.75200    0.02383
   2924.00000    0.53582    0.01640    0.77635    0.02381
   2925.00000    0.52881    0.01618    0.77602    0.02339
   2926.00000    0.53338    0.01627    0.76944    0.02325
   2927.00000    0.54520    0.01645    0.78915    0.02354
   2928.00000    0.54818    0.01639    0.75290    0.02345
   2929.00000    0.53589    0.01621    0.77760    0.02325
   2930.00000    0.53818    0.01640    0.79479    0.02337
   2931.00000    0.58410    0.01623    0.78119    0.02358
   2932.00000    0.53882    0.01612    0.74617    0.02325
   2933.00000    0.52673    0.01628    0.79241    0.02320
   2934.00000    0.54425    0.01623    0.77784    0.02312
   2935.00000    0.56269    0.01632    0.78099    0.02331
   2936.00000    0.54660    0.01643    0.77356    0.02316
   2937.00000    0.55986    0.01626    0.74859    0.02309
   2938.00000    0.52017    0.01635    0.76779    0.02271
   2939.00000    0.53747    0.01614    0.73670    0.02299
   2940.00000    0.55151    0.01616    0.77814    0.02301
   2941.00000    0.53618    0.01641    0.79364    0.02283
   2942.00000    0.55967    0.01633    0.78008    0.02328
   2943.00000    0.54587    0.01627    0.73798    0.02324
   2944.00000    0.53306    0.01625    0.81262    0.02297
   2945.00000    0.56403    0.01645    0.78845    0.02296
   2946.00000    0.55317    0.01647    0.78037    0.02288
   2947.00000    0.56030    0.01649    0.77062    0.02289
   2948.00000    0.54300    0.01654    0.77073    0.02256
   2949.00000    0.57589    0.01637    0.72072    0.02295
   2950.00000    0.54415    0.01650    0.80528    0.02335
   2951.00000    0.58668    0.01660    0.77975    0.02343
   2952.00000    0.54941    0.01668    0.79789    0.02324
   2953.00000    0.55356    0.01662    0.86090    0.02345
   2954.00000    0.54148    0.01648    0.79911    0.02373
   2955.00000    0.56563    0.01654    0.74450    0.02386
   2956.00000    0.55094    0.01644    0.78203    0.02372
   2957.00000    0.56096    0.01653    0.76781    0.02353
   2958.00000    0.57686    0.01670    0.79269    0.02337
   2959.00000    0.57139    0.01651    0.80906    0.02335
   2960.00000    0.54738    0.01662    0.77239    0.02343
   2961.00000    0.55080    0.01691    0.79311    0.02338
   2962.00000    0.55585    0.01705    0.76637    0.02349
   2963.00000    0.63146    0.01714    0.74327    0.02324
   2964.00000    0.54934    0.01708    0.76093    0.02362
   2965.00000    0.56569    0.01697    0.77366    0.02357
   2966.00000    0.56518    0.01688    0.80339    0.02347
   2967.00000    0.60291    0.01699    0.76841    0.02330
   2968.00000    0.51856    0.01714    0.80254    0.02334
   2969.00000    0.53712    0.01691    0.77864    0.02365
   2970.00000    0.59208    0.01702    0.81384    0.02393
   2971.00000    0.55409    0.01707    0.82586    0.02436
   2972.00000    0.53788    0.01700    0.78163    0.02437
   2973.00000    0.54997    0.01701    0.85273    0.02435
   2974.00000    0.58574    0.01698    0.86367    0.02434
   2975.00000    0.59612    0.01697    0.86697    0.02437
   2976.00000    0.55186    0.01697    0.81749    0.02463
   2977.00000    0.58075    0.01699    0.81133    0.02463
   2978.00000    0.57356    0.01709    0.82878    0.02435
   2979.00000    0.56047    0.01707    0.79434    0.02450
   2980.00000    0.59182    0.01730    0.81592    0.02434
   2981.00000    0.61472    0.01749    0.79186    0.02444
   2982.00000    0.59872    0.01736    0.78298    0.02415
   2983.00000    0.57216    0.01732    0.77932    0.02413
   2984.00000    0.55919    0.01714    0.76122    0.02451
   2985.00000    0.57686    0.01712    0.81671    0.02462
   2986.00000    0.54976    0.01691    0.88969    0.02487
   2987.00000    0.61358    0.01716    0.83826    0.02494
   2988.00000    0.56547    0.01703    0.83182    0.02508
   2989.00000    0.56377    0.01695    0.85357    0.02523
   2990.00000    0.59149    0.01706    0.85706    0.02567
   2991.00000    0.54860    0.01712    0.89937    0.02579
   2992.00000    0.58087    0.01730    0.83939    0.02584
   2993.00000    0.56480    0.01701    0.82418    0.02591
   2994.00000    0.57282    0.01688    0.86264    0.02615
   2995.00000    0.53742    0.01684    0.84345    0.02555
   2996.00000    0.58441    0.01692    0.82923    0.02530
   2997.00000    0.57304    0.01704    0.88643    0.02524
   2998.00000    0.58525    0.01719    0.81911    0.02547
   2999.00000    0.57382    0.01714    0.84422    0.02529
   3000.00000    0.55260    0.01712    0.85176    0.02523
   3001.00000    0.58879    0.01723    0.86347    0.02558
   3002.00000    0.58970    0.01715    0.88748    0.02574
   3003.00000    0.56813    0.01732    0.85239    0.02529
   3004.00000    0.56630    0.01759    0.81648    0.02498
   3005.00000    0.56617    0.01759    0.87021    0.02506
   3006.00000    0.57435    0.01764    0.82078    0.02504
   3007.00000    0.57379    0.01755    0.83898    0.02530
   3008.00000    0.56606    0.01763    0.79507    0.02543
   3009.00000    0.56673    0.01790    0.84509    0.02539
   3010.00000    0.59964    0.01786    0.80309    0.02540
   3011.00000    0.57320    0.01734    0.81018    0.02532
   3012.00000    0.54149    0.01712    0.83952    0.02505
   3013.00000    0.55158    0.01685    0.83277    0.02519
   3014.00000    0.56488    0.01690    0.86257    0.02483
   3015.00000    0.60007    0.01728    0.83422    0.02470
   3016.00000    0.57345    0.01743    0.84271    0.02462
   3017.00000    0.59269    0.01726    0.82244    0.02434
   3018.00000    0.56446    0.01736    0.79723    0.02418
   3019.00000    0.61955    0.01757    0.74355    0.02396
   3020.00000    0.57264    0.01748    0.78716    0.02398
   3021.00000    0.58296    0.01773    0.80233    0.02449
   3022.00000    0.56795    0.01762    0.83690    0.02455
   3023.00000    0.59318    0.01757    0.83060    0.02505
   3024.00000    0.57325    0.01728    0.82615    0.02531
   3025.00000    0.57454    0.01715    0.85901    0.02534
   3026.00000    0.53405    0.01734    0.81496    0.02524
   3027.00000    0.58035    0.01740    0.86060    0.02538
   3028.00000    0.60711    0.01746    0.85998    0.02535
   3029.00000    0.59261    0.01739    0.83406    0.02491
   3030.00000    0.60029    0.01767    0.79449    0.02505
   3031.00000    0.57620    0.01770    0.87432    0.02471
   3032.00000    0.63414    0.01778    0.74521    0.02450
   3033.00000    0.59151    0.01782    0.81484    0.02425
   3034.00000    0.56199    0.01780    0.75692    0.02412
   3035.00000    0.61278    0.01800    0.79406    0.02402
   3036.00000    0.56426    0.01774    0.79748    0.02426
   3037.00000    0.57181    0.01757    0.78484    0.02384
   3038.00000    0.58005    0.01750    0.79619    0.02348
   3039.00000    0.54880    0.01748    0.74923    0.02301
   3285.00000    0.59386    0.01703    0.87869    0.02501
   3286.00000    0.57749    0.01707    0.81285    0.02511
   3287.00000    0.58282    0.01692    0.87789    0.02496
   3288.00000    0.54631    0.01686    0.86029    0.02523
   3289.00000    0.54696    0.01698    0.81181    0.02530
   3290.00000    0.52671    0.01695    0.82043    0.02494
   3291.00000    0.58772    0.01697    0.80567    0.02495
   3292.00000    0.57575    0.01687    0.80471    0.02485
   3293.00000    0.55142    0.01676    0.83646    0.02475
   3294.00000    0.56582    0.01694    0.80130    0.02474
   3295.00000    0.57218    0.01676    0.80792    0.02449
   3296.00000    0.53589    0.01653    0.82021    0.02483
   3297.00000    0.58530    0.01677    0.83155    0.02486
   3298.00000    0.54417    0.01648    0.79954    0.02480
   3299.00000    0.55328    0.01635    0.82120    0.02507
   3300.00000    0.55022    0.01641    0.81149    0.02503
   3301.00000    0.55584    0.01640    0.83681    0.02483
   3302.00000    0.56793    0.01659    0.88291    0.02496
   3303.00000    0.55399    0.01646    0.86323    0.02488
   3304.00000    0.53387    0.01641    0.82894    0.02534
   3305.00000    0.55830    0.01620    0.85502    0.02580
   3306.00000    0.56570    0.01623    0.90209    0.02616
   3307.00000    0.53626    0.01618    0.86568    0.02588
   3308.00000    0.52249    0.01600    0.88451    0.02602
   3309.00000    0.54785    0.01590    0.86152    0.02628
   3310.00000    0.52818    0.01596    0.86194    0.02658
   3311.00000    0.52092    0.01604    0.93950    0.02706
   3312.00000    0.54948    0.01613    0.89899    0.02744
   3313.00000    0.55099    0.01608    0.92261    0.02697
   3314.00000    0.56079    0.01618    0.88692    0.02662
   3315.00000    0.52144    0.01623    0.88454    0.02639
   3316.00000    0.51890    0.01612    0.90264    0.02676
   3317.00000    0.55021    0.01622    0.90181    0.02680
   3318.00000    0.51854    0.01612    0.86303    0.02659
   3319.00000    0.53132    0.01624    0.89489    0.02641
   3320.00000    0.59227    0.01641    0.87896    0.02650
   3321.00000    0.56442    0.01621    0.87780    0.02657
   3322.00000    0.52415    0.01628    0.89607    0.02619
   3323.00000    0.54389    0.01633    0.91039    0.02622
   3324.00000    0.55360    0.01645    0.86103    0.02647
   3325.00000    0.51187    0.01631    0.86366    0.02609
   3326.00000    0.55459    0.01631    0.81396    0.02563
   3327.00000    0.51575    0.01622    0.85246    0.02597
   3328.00000    0.54165    0.01615    0.81395    0.02590
   3329.00000    0.52853    0.01586    0.84378    0.02555
   3330.00000    0.54642    0.01563    0.85316    0.02581
   3331.00000    0.53015    0.01562    0.84415    0.02544
   3332.00000    0.52271    0.01547    0.82691    0.02564
   3333.00000    0.52678    0.01579    0.82634    0.02569
   3334.00000    0.53170    0.01584    0.81466    0.02569
   3335.00000    0.52415    0.01564    0.86445    0.02568
   3336.00000    0.52386    0.01573    0.94512    0.02571
   3337.00000    0.52511    0.01578    0.88037    0.02604
   3338.00000    0.52160    0.01592    0.87506    0.02596
   3339.00000    0.52641    0.01612    0.92125    0.02592
   3340.00000    0.53743    0.01584    0.88445    0.02585
   3341.00000    0.53666    0.01586    0.86077    0.02578
   3342.00000    0.51441    0.01575    0.86291    0.02594
   3343.00000    0.48493    0.01594    0.82796    0.02590
   3344.00000    0.50461    0.01596    0.87065    0.02608
   3345.00000    0.53974    0.01600    0.84848    0.02616
   3346.00000    0.55819    0.01612    0.88692    0.02621
   3347.00000    0.53457    0.01593    0.87367    0.02613
   3348.00000    0.52125    0.01592    0.87982    0.02602
   3349.00000    0.52744    0.01593    0.88193    0.02578
   3350.00000    0.51591    0.01593    0.88552    0.02566
   3351.00000    0.55041    0.01603    0.86573    0.02568
   3352.00000    0.53996    0.01601    0.82715    0.02576
   3353.00000    0.56451    0.01628    0.85404    0.02594
   3354.00000    0.53589    0.01626    0.89514    0.02619
   3355.00000    0.54129    0.01632    0.87098    0.02572
   3356.00000    0.54092    0.01643    0.91283    0.02574
   3357.00000    0.54728    0.01655    0.82648    0.02568
   3358.00000    0.58819    0.01675    0.86408    0.02591
   3359.00000    0.57039    0.01697    0.88241    0.02591
   3360.00000    0.57855    0.01698    0.86457    0.02585
   3361.00000    0.56559    0.01699    0.88847    0.02616
   3362.00000    0.59586    0.01715    0.85960    0.02626
   3363.00000    0.59005    0.01727    0.87187    0.02646
   3364.00000    0.55540    0.01739    0.81800    0.02650
   3365.00000    0.56149    0.01733    0.84859    0.02630
   3366.00000    0.54995    0.01728    0.90728    0.02671
   3367.00000    0.59915    0.01755    0.90373    0.02705
   3368.00000    0.59313    0.01767    0.97300    0.02761
   3369.00000    0.60164    0.01790    0.85671    0.02730
   3370.00000    0.61437    0.01808    0.89589    0.02723
   3371.00000    0.58341    0.01816    0.87018    0.02710
   3372.00000    0.61509    0.01817    0.93631    0.02719
   3373.00000    0.61700    0.01839    0.94807    0.02744
   3374.00000    0.61885    0.01833    0.82678    0.02704
   3375.00000    0.62941    0.01817    0.89346    0.02703
   3376.00000    0.61597    0.01808    0.85135    0.02705
   3377.00000    0.60429    0.01809    0.83519    0.02642
   3378.00000    0.61423    0.01842    0.89997    0.02664
   3379.00000    0.62323    0.01859    0.88953    0.02657
   3380.00000    0.62279    0.01867    0.87100    0.02629
   3381.00000    0.60015    0.01858    0.83942    0.02624
   3382.00000    0.57329    0.01852    0.89919    0.02614
   3383.00000    0.59434    0.01842    0.85501    0.02623
   3384.00000    0.62297    0.01823    0.88897    0.02600
   3385.00000    0.63515    0.01835    0.88544    0.02582
   3386.00000    0.58534    0.01834    0.79328    0.02566
   3387.00000    0.59985    0.01825    0.87358    0.02622
   3388.00000    0.60608    0.01808    0.89102    0.02616
   3389.00000    0.58892    0.01818    0.87929    0.02582
   3390.00000    0.61015    0.01807    0.90553    0.02585
   3391.00000    0.61440    0.01821    0.80078    0.02536
   3392.00000    0.60965    0.01850    0.89288    0.02576
   3393.00000    0.60543    0.01846    0.82818    0.02563
   3394.00000    0.63472    0.01869    0.85699    0.02551
   3395.00000    0.64669    0.01883    0.86076    0.02526
   3396.00000    0.63009    0.01858    0.88391    0.02549
   3397.00000    0.62747    0.01873    0.85339    0.02560
   3398.00000    0.60684    0.01857    0.82263    0.02563
   3399.00000    0.61882    0.01863    0.81373    0.02531
   3400.00000    0.62252    0.01890    0.82091    0.02553
   3401.00000    0.61147    0.01894    0.89231    0.02526
   3402.00000    0.61533    0.01872    0.83760    0.02509
   3403.00000    0.61723    0.01873    0.82030    0.02520
   3404.00000    0.58886    0.01880    0.86444    0.02546
