## Time Delay Challenge light curves
##
## [time]=days, [lc]=[err]=flux in nanomaggies
##
##       time       lc_A      err_A       lc_B      err_B
##-------------------------------------------------------
      0.00000    3.88524    0.11861    0.74171    0.02219
      1.00000    4.14478    0.12026    0.71556    0.02210
      2.00000    4.04101    0.11953    0.78142    0.02218
      3.00000    3.92884    0.12042    0.72041    0.02206
      4.00000    4.05550    0.12028    0.73091    0.02197
      5.00000    3.87114    0.12075    0.73603    0.02170
      6.00000    3.89450    0.12044    0.70816    0.02156
      7.00000    4.10102    0.12039    0.71660    0.02173
      8.00000    4.28864    0.12236    0.74869    0.02165
      9.00000    4.00207    0.12332    0.72219    0.02178
     10.00000    4.43208    0.12334    0.72138    0.02175
     11.00000    4.10556    0.12282    0.70375    0.02185
     12.00000    4.20041    0.12274    0.71519    0.02188
     13.00000    4.09455    0.12203    0.72128    0.02172
     14.00000    3.92807    0.12259    0.73052    0.02190
     15.00000    4.34383    0.12279    0.69176    0.02181
     16.00000    3.94333    0.12229    0.72376    0.02185
     17.00000    4.18278    0.12244    0.72341    0.02163
     18.00000    4.04055    0.12343    0.72579    0.02178
     19.00000    4.01051    0.12326    0.74409    0.02200
     20.00000    4.20307    0.12271    0.73573    0.02188
     21.00000    4.01537    0.12229    0.71643    0.02202
     22.00000    4.24399    0.12221    0.73923    0.02197
     23.00000    4.29751    0.12190    0.73488    0.02196
     24.00000    4.04719    0.12238    0.77461    0.02206
     25.00000    4.17767    0.12213    0.77356    0.02211
     26.00000    4.07431    0.12209    0.73344    0.02215
     27.00000    3.93698    0.12300    0.72695    0.02209
     28.00000    4.24878    0.12339    0.77600    0.02250
     29.00000    3.78222    0.12392    0.76866    0.02255
     30.00000    4.12333    0.12369    0.75956    0.02268
     31.00000    4.21837    0.12387    0.74844    0.02256
     32.00000    3.98170    0.12490    0.76660    0.02252
     33.00000    4.07736    0.12515    0.72355    0.02253
     34.00000    4.30352    0.12564    0.74916    0.02256
     35.00000    4.19949    0.12582    0.74571    0.02252
     36.00000    4.26109    0.12554    0.75535    0.02250
     37.00000    4.24526    0.12573    0.77786    0.02246
     38.00000    4.07115    0.12682    0.80221    0.02266
     39.00000    4.20842    0.12786    0.73759    0.02264
     40.00000    4.22747    0.12692    0.78111    0.02255
     41.00000    4.44033    0.12649    0.74478    0.02245
     42.00000    4.16217    0.12590    0.73885    0.02238
     43.00000    4.25222    0.12548    0.76146    0.02241
     44.00000    4.19583    0.12524    0.76806    0.02249
     45.00000    4.22538    0.12565    0.75956    0.02254
     46.00000    4.20172    0.12527    0.73626    0.02236
     47.00000    3.96588    0.12666    0.76456    0.02252
     48.00000    4.08751    0.12659    0.71195    0.02261
     49.00000    3.89837    0.12588    0.74327    0.02279
     50.00000    4.28056    0.12415    0.77221    0.02267
     51.00000    4.36161    0.12382    0.74215    0.02274
     52.00000    4.20764    0.12331    0.77350    0.02290
     53.00000    4.40384    0.12297    0.78551    0.02297
     54.00000    4.02676    0.12257    0.75103    0.02299
     55.00000    4.14403    0.12239    0.78748    0.02311
     56.00000    4.15369    0.12285    0.78772    0.02309
     57.00000    4.16045    0.12153    0.71770    0.02309
     58.00000    4.21325    0.12162    0.78934    0.02314
     59.00000    4.16767    0.12220    0.74034    0.02351
     60.00000    4.22774    0.12179    0.79972    0.02339
     61.00000    3.93133    0.12042    0.79884    0.02323
     62.00000    3.84851    0.12057    0.79686    0.02304
     63.00000    3.86932    0.11976    0.76127    0.02309
     64.00000    4.08623    0.12074    0.78656    0.02304
     65.00000    4.20707    0.12095    0.73663    0.02305
     66.00000    4.08367    0.12013    0.81594    0.02311
     67.00000    3.96383    0.12036    0.79062    0.02326
     68.00000    3.85325    0.12049    0.78727    0.02319
     69.00000    4.42577    0.12092    0.78083    0.02318
     70.00000    4.01365    0.12149    0.78828    0.02282
     71.00000    4.01891    0.12152    0.76915    0.02285
     72.00000    3.77109    0.12218    0.76870    0.02266
     73.00000    3.95052    0.12263    0.76742    0.02267
     74.00000    4.03342    0.12222    0.74450    0.02250
     75.00000    4.13895    0.12293    0.76417    0.02260
     76.00000    3.99647    0.12241    0.75131    0.02256
     77.00000    4.08790    0.12181    0.73772    0.02238
     78.00000    4.27974    0.12165    0.78968    0.02227
     79.00000    3.84359    0.12060    0.73983    0.02253
     80.00000    3.89572    0.12030    0.73613    0.02242
     81.00000    3.98814    0.12107    0.75514    0.02213
     82.00000    3.89319    0.12016    0.76128    0.02211
     83.00000    3.85532    0.12057    0.68187    0.02190
     84.00000    4.00572    0.12033    0.71409    0.02211
     85.00000    4.03012    0.11984    0.75210    0.02234
     86.00000    4.01850    0.12131    0.80047    0.02215
     87.00000    4.28277    0.12150    0.75234    0.02210
     88.00000    4.04632    0.12204    0.75485    0.02209
     89.00000    3.81547    0.12197    0.73644    0.02225
     90.00000    4.00091    0.11994    0.71964    0.02223
     91.00000    4.10712    0.12093    0.75429    0.02229
     92.00000    4.13011    0.12144    0.76430    0.02243
     93.00000    4.28249    0.12276    0.74544    0.02248
     94.00000    4.31288    0.12323    0.72681    0.02237
     95.00000    4.24037    0.12405    0.75676    0.02265
     96.00000    4.08303    0.12366    0.72710    0.02249
     97.00000    4.34838    0.12538    0.75127    0.02238
     98.00000    4.04378    0.12363    0.70752    0.02236
     99.00000    3.96951    0.12339    0.70658    0.02213
    100.00000    4.09642    0.12164    0.68378    0.02202
    101.00000    4.17234    0.12172    0.75040    0.02221
    102.00000    4.02271    0.12085    0.71087    0.02208
    103.00000    3.97441    0.12091    0.71353    0.02212
    104.00000    4.05538    0.12161    0.72306    0.02219
    105.00000    3.88836    0.12199    0.74120    0.02197
    106.00000    4.06375    0.12158    0.73672    0.02221
    107.00000    4.23874    0.12159    0.78345    0.02226
    108.00000    3.98050    0.12086    0.74676    0.02236
    109.00000    4.31667    0.12042    0.72363    0.02233
    110.00000    4.02312    0.11986    0.72664    0.02207
    111.00000    4.14440    0.11988    0.71265    0.02210
    112.00000    4.24785    0.11952    0.74559    0.02218
    113.00000    3.95473    0.11984    0.73678    0.02253
    114.00000    4.28098    0.11925    0.74314    0.02252
    115.00000    3.99454    0.12095    0.79658    0.02275
    116.00000    3.87265    0.12179    0.77017    0.02270
    117.00000    4.02511    0.12253    0.70936    0.02302
    118.00000    4.14912    0.12206    0.76466    0.02282
    119.00000    3.97156    0.12196    0.75486    0.02261
    365.00000    4.53074    0.13187    0.80613    0.02345
    366.00000    4.45703    0.13328    0.78789    0.02354
    367.00000    4.46942    0.13392    0.74057    0.02344
    368.00000    4.51429    0.13269    0.81712    0.02359
    369.00000    4.25259    0.13218    0.81266    0.02392
    370.00000    4.13545    0.13159    0.78997    0.02369
    371.00000    4.22121    0.13212    0.78507    0.02343
    372.00000    4.23655    0.13172    0.77564    0.02361
    373.00000    4.55800    0.13162    0.76325    0.02367
    374.00000    4.52068    0.13242    0.80882    0.02374
    375.00000    4.52003    0.13317    0.81448    0.02378
    376.00000    4.21900    0.13447    0.76344    0.02379
    377.00000    4.26686    0.13435    0.81937    0.02385
    378.00000    4.67363    0.13359    0.76234    0.02415
    379.00000    4.51772    0.13386    0.77687    0.02421
    380.00000    4.42933    0.13495    0.80773    0.02429
    381.00000    4.63069    0.13593    0.81221    0.02416
    382.00000    4.59728    0.13600    0.78390    0.02446
    383.00000    4.80451    0.13545    0.82847    0.02437
    384.00000    4.59971    0.13518    0.79117    0.02427
    385.00000    4.53020    0.13407    0.76352    0.02430
    386.00000    4.37818    0.13481    0.78055    0.02443
    387.00000    4.34602    0.13451    0.78000    0.02455
    388.00000    4.54138    0.13356    0.79832    0.02442
    389.00000    4.49840    0.13398    0.86301    0.02432
    390.00000    4.29764    0.13316    0.76965    0.02416
    391.00000    4.20872    0.13401    0.83276    0.02430
    392.00000    4.26188    0.13364    0.83327    0.02430
    393.00000    4.37603    0.13322    0.82274    0.02422
    394.00000    4.56966    0.13455    0.87324    0.02431
    395.00000    4.57881    0.13593    0.77622    0.02437
    396.00000    4.38118    0.13587    0.83099    0.02457
    397.00000    4.55499    0.13598    0.82353    0.02471
    398.00000    4.50391    0.13513    0.79960    0.02460
    399.00000    4.56121    0.13470    0.82581    0.02451
    400.00000    4.42534    0.13583    0.78675    0.02472
    401.00000    4.63061    0.13690    0.87168    0.02493
    402.00000    4.65723    0.13734    0.79137    0.02500
    403.00000    4.37632    0.13694    0.83910    0.02501
    404.00000    4.60445    0.13700    0.84258    0.02483
    405.00000    4.65316    0.13679    0.84698    0.02467
    406.00000    4.45984    0.13753    0.83528    0.02469
    407.00000    4.69970    0.13749    0.76057    0.02462
    408.00000    4.65730    0.13626    0.85990    0.02453
    409.00000    4.50779    0.13796    0.80665    0.02445
    410.00000    4.52882    0.13865    0.82972    0.02455
    411.00000    4.48800    0.13959    0.82018    0.02457
    412.00000    4.52370    0.13981    0.80304    0.02453
    413.00000    4.82484    0.14019    0.77666    0.02441
    414.00000    4.75999    0.14090    0.83257    0.02468
    415.00000    4.80178    0.14057    0.82257    0.02491
    416.00000    4.74194    0.14235    0.83871    0.02499
    417.00000    4.79488    0.14243    0.83086    0.02488
    418.00000    4.60343    0.14259    0.83266    0.02477
    419.00000    4.78254    0.14243    0.88087    0.02477
    420.00000    4.77642    0.14259    0.85362    0.02487
    421.00000    4.70624    0.14107    0.84498    0.02500
    422.00000    4.36513    0.14062    0.87088    0.02523
    423.00000    4.93726    0.14101    0.81201    0.02518
    424.00000    4.78037    0.14057    0.83706    0.02515
    425.00000    4.56231    0.14107    0.81444    0.02517
    426.00000    4.65709    0.14138    0.83210    0.02523
    427.00000    4.75558    0.14117    0.84216    0.02517
    428.00000    4.80274    0.14127    0.80381    0.02499
    429.00000    4.91198    0.14223    0.85293    0.02525
    430.00000    4.81919    0.14242    0.85309    0.02548
    431.00000    4.74459    0.14139    0.87587    0.02568
    432.00000    4.80096    0.14173    0.90087    0.02555
    433.00000    4.88644    0.14161    0.84138    0.02570
    434.00000    4.79669    0.14197    0.86672    0.02587
    435.00000    4.80578    0.14212    0.90402    0.02586
    436.00000    4.84146    0.14136    0.87162    0.02583
    437.00000    4.33097    0.14106    0.86937    0.02621
    438.00000    4.50367    0.14044    0.86338    0.02612
    439.00000    4.75161    0.14054    0.86179    0.02605
    440.00000    4.58663    0.14127    0.85659    0.02613
    441.00000    4.76575    0.14194    0.93727    0.02598
    442.00000    4.78974    0.14037    0.85402    0.02592
    443.00000    4.87407    0.14010    0.86396    0.02592
    444.00000    4.68402    0.13833    0.87427    0.02578
    445.00000    4.37769    0.13856    0.91802    0.02592
    446.00000    4.72424    0.13922    0.83777    0.02594
    447.00000    4.56272    0.13841    0.83711    0.02601
    448.00000    4.49967    0.13838    0.82948    0.02588
    449.00000    4.62213    0.13748    0.85340    0.02607
    450.00000    4.68905    0.13583    0.91895    0.02620
    451.00000    4.72928    0.13616    0.83915    0.02605
    452.00000    4.58828    0.13423    0.86865    0.02600
    453.00000    4.33903    0.13252    0.84523    0.02595
    454.00000    4.34871    0.13289    0.81666    0.02596
    455.00000    4.47164    0.13372    0.88827    0.02601
    456.00000    4.24047    0.13367    0.85908    0.02604
    457.00000    4.46733    0.13413    0.85129    0.02591
    458.00000    4.39201    0.13345    0.91248    0.02583
    459.00000    4.78779    0.13456    0.87574    0.02581
    460.00000    4.39339    0.13530    0.84622    0.02595
    461.00000    4.39531    0.13442    0.87858    0.02592
    462.00000    4.39833    0.13593    0.83676    0.02582
    463.00000    4.58643    0.13713    0.84990    0.02565
    464.00000    4.55376    0.13778    0.81970    0.02546
    465.00000    4.61679    0.13776    0.86420    0.02542
    466.00000    4.40406    0.13746    0.88029    0.02549
    467.00000    4.62681    0.13827    0.82102    0.02547
    468.00000    4.62044    0.13744    0.81380    0.02548
    469.00000    4.58507    0.13801    0.81478    0.02527
    470.00000    4.70610    0.13841    0.82432    0.02506
    471.00000    4.51980    0.13996    0.81643    0.02510
    472.00000    4.56894    0.14109    0.79298    0.02473
    473.00000    4.60717    0.14085    0.84395    0.02444
    474.00000    4.86935    0.14111    0.80391    0.02442
    475.00000    4.92082    0.14045    0.78802    0.02445
    476.00000    4.56262    0.14012    0.80142    0.02448
    477.00000    5.03714    0.13994    0.80773    0.02458
    478.00000    4.60855    0.14069    0.83027    0.02460
    479.00000    4.56247    0.13924    0.83482    0.02464
    480.00000    4.55181    0.13985    0.82430    0.02480
    481.00000    4.79640    0.13840    0.79992    0.02474
    482.00000    4.47403    0.13884    0.82519    0.02491
    483.00000    4.53107    0.14026    0.85792    0.02520
    484.00000    4.77680    0.14011    0.81668    0.02532
    730.00000    4.51527    0.14039    0.83443    0.02580
    731.00000    4.53802    0.14110    0.79814    0.02588
    732.00000    4.87316    0.14295    0.84581    0.02573
    733.00000    4.54581    0.14498    0.86507    0.02574
    734.00000    5.02582    0.14562    0.85867    0.02584
    735.00000    4.97264    0.14468    0.87031    0.02572
    736.00000    4.90211    0.14566    0.85637    0.02574
    737.00000    4.84008    0.14714    0.81949    0.02560
    738.00000    4.73554    0.14676    0.87392    0.02593
    739.00000    4.74098    0.14623    0.83773    0.02583
    740.00000    5.01762    0.14686    0.84182    0.02584
    741.00000    4.88546    0.14772    0.84130    0.02587
    742.00000    5.04941    0.14786    0.83594    0.02579
    743.00000    4.81143    0.14892    0.87504    0.02584
    744.00000    4.96189    0.14789    0.85521    0.02588
    745.00000    4.84840    0.14756    0.81322    0.02594
    746.00000    4.97212    0.14857    0.92319    0.02580
    747.00000    4.92459    0.14750    0.87749    0.02580
    748.00000    4.96601    0.14665    0.86179    0.02585
    749.00000    4.96354    0.14620    0.84413    0.02590
    750.00000    4.75273    0.14584    0.90264    0.02587
    751.00000    4.60773    0.14445    0.84244    0.02591
    752.00000    4.65345    0.14507    0.86336    0.02620
    753.00000    4.64846    0.14431    0.82628    0.02648
    754.00000    4.84043    0.14521    0.88317    0.02665
    755.00000    4.96163    0.14520    0.88257    0.02665
    756.00000    4.63509    0.14585    0.89782    0.02672
    757.00000    4.87074    0.14454    0.90912    0.02682
    758.00000    4.94228    0.14387    0.85085    0.02700
    759.00000    4.94445    0.14476    0.90100    0.02676
    760.00000    4.63683    0.14484    0.92853    0.02694
    761.00000    5.00072    0.14578    0.93479    0.02714
    762.00000    4.79504    0.14542    0.85812    0.02717
    763.00000    5.09112    0.14516    0.86455    0.02729
    764.00000    4.59990    0.14512    0.89540    0.02727
    765.00000    4.82487    0.14386    0.93897    0.02708
    766.00000    4.57317    0.14520    0.91323    0.02719
    767.00000    4.66599    0.14425    0.86003    0.02714
    768.00000    4.79697    0.14381    0.87227    0.02695
    769.00000    4.75212    0.14378    0.90201    0.02675
    770.00000    4.75511    0.14359    0.86811    0.02683
    771.00000    5.04408    0.14215    0.91037    0.02650
    772.00000    4.79762    0.14255    0.89813    0.02661
    773.00000    4.98139    0.14317    0.89792    0.02659
    774.00000    4.66736    0.14353    0.91746    0.02659
    775.00000    4.90754    0.14547    0.85164    0.02659
    776.00000    5.12843    0.14551    0.89275    0.02668
    777.00000    4.83282    0.14423    0.89867    0.02674
    778.00000    4.74477    0.14467    0.87924    0.02643
    779.00000    4.65697    0.14402    0.91694    0.02661
    780.00000    4.56977    0.14274    0.86541    0.02664
    781.00000    4.63144    0.14227    0.90518    0.02669
    782.00000    4.72812    0.14191    0.92483    0.02669
    783.00000    4.67919    0.14156    0.88992    0.02653
    784.00000    4.79882    0.14108    0.83773    0.02659
    785.00000    4.60864    0.14065    0.87476    0.02641
    786.00000    4.72982    0.14012    0.89005    0.02648
    787.00000    4.59591    0.14034    0.91088    0.02656
    788.00000    4.77618    0.13816    0.89354    0.02644
    789.00000    4.40752    0.13957    0.88646    0.02648
    790.00000    4.69396    0.13987    0.90904    0.02631
    791.00000    4.63453    0.14016    0.89601    0.02606
    792.00000    4.78863    0.14078    0.86590    0.02614
    793.00000    4.66458    0.13994    0.91146    0.02620
    794.00000    4.51854    0.14065    0.89336    0.02626
    795.00000    4.66882    0.14025    0.87482    0.02675
    796.00000    4.78133    0.14088    0.90119    0.02660
    797.00000    4.52787    0.13865    0.83838    0.02667
    798.00000    4.57148    0.13758    0.89800    0.02666
    799.00000    4.68547    0.13907    0.90855    0.02651
    800.00000    4.54575    0.13994    0.88919    0.02640
    801.00000    4.70915    0.14018    0.89113    0.02608
    802.00000    4.78924    0.14118    0.90957    0.02591
    803.00000    4.50983    0.14073    0.89302    0.02621
    804.00000    4.66981    0.13943    0.90693    0.02601
    805.00000    4.60356    0.13861    0.88218    0.02593
    806.00000    4.67657    0.13909    0.84615    0.02579
    807.00000    4.37884    0.13970    0.86056    0.02577
    808.00000    4.53392    0.14090    0.83379    0.02553
    809.00000    4.40330    0.14150    0.85723    0.02551
    810.00000    4.84781    0.14141    0.86682    0.02573
    811.00000    4.83235    0.14300    0.85448    0.02568
    812.00000    4.71506    0.14256    0.82337    0.02581
    813.00000    4.70549    0.14292    0.84743    0.02565
    814.00000    4.62749    0.14167    0.84962    0.02568
    815.00000    4.93838    0.14176    0.85182    0.02580
    816.00000    4.89359    0.14231    0.83663    0.02579
    817.00000    4.54284    0.14267    0.85382    0.02563
    818.00000    4.71984    0.14178    0.81774    0.02528
    819.00000    4.80384    0.14236    0.83518    0.02544
    820.00000    4.88142    0.14309    0.88941    0.02567
    821.00000    5.04520    0.14308    0.84622    0.02568
    822.00000    4.70130    0.14233    0.88248    0.02592
    823.00000    4.78862    0.14037    0.84655    0.02583
    824.00000    4.70842    0.14045    0.87116    0.02575
    825.00000    4.63553    0.13973    0.83281    0.02553
    826.00000    4.90716    0.13938    0.81873    0.02550
    827.00000    4.61287    0.13942    0.83950    0.02565
    828.00000    4.76750    0.13940    0.84136    0.02578
    829.00000    4.64376    0.13866    0.88184    0.02573
    830.00000    4.59516    0.13847    0.94166    0.02607
    831.00000    4.40747    0.13870    0.86711    0.02624
    832.00000    4.64910    0.13774    0.86586    0.02616
    833.00000    4.87321    0.13826    0.85977    0.02622
    834.00000    4.68181    0.13689    0.82746    0.02602
    835.00000    4.61199    0.13582    0.81804    0.02602
    836.00000    4.49269    0.13617    0.83072    0.02606
    837.00000    4.81203    0.13735    0.88973    0.02620
    838.00000    4.55061    0.13722    0.86912    0.02598
    839.00000    4.56169    0.13796    0.83630    0.02615
    840.00000    4.44430    0.13800    0.89777    0.02618
    841.00000    4.68997    0.13784    0.85925    0.02632
    842.00000    4.74905    0.13764    0.87018    0.02622
    843.00000    4.65494    0.13897    0.84024    0.02582
    844.00000    4.69090    0.13943    0.85634    0.02575
    845.00000    4.78008    0.14018    0.86174    0.02572
    846.00000    4.75879    0.13968    0.84309    0.02564
    847.00000    4.67981    0.14058    0.85177    0.02557
    848.00000    4.72401    0.14102    0.81658    0.02554
    849.00000    4.80568    0.14274    0.82028    0.02550
   1095.00000    5.43567    0.16227    0.94375    0.02856
   1096.00000    5.72839    0.16364    0.96781    0.02870
   1097.00000    5.64354    0.16323    1.02140    0.02899
   1098.00000    5.53922    0.16292    0.97633    0.02919
   1099.00000    5.22497    0.16253    0.96373    0.02903
   1100.00000    5.24566    0.16213    1.00235    0.02893
   1101.00000    5.48991    0.16386    0.95213    0.02939
   1102.00000    5.43789    0.16330    0.94993    0.02961
   1103.00000    5.44552    0.16468    0.97212    0.02996
   1104.00000    5.45538    0.16502    1.00469    0.02999
   1105.00000    5.39137    0.16559    1.00246    0.03002
   1106.00000    5.39428    0.16531    1.01291    0.02987
   1107.00000    5.69611    0.16585    0.99634    0.02985
   1108.00000    5.21077    0.16557    0.94792    0.02979
   1109.00000    5.26941    0.16473    1.04045    0.02983
   1110.00000    5.61134    0.16441    1.00041    0.02973
   1111.00000    5.49184    0.16381    1.04596    0.02980
   1112.00000    5.58700    0.16183    0.99201    0.02995
   1113.00000    5.30844    0.16171    1.03366    0.03005
   1114.00000    5.42199    0.16004    0.96705    0.03009
   1115.00000    5.34418    0.15935    0.96207    0.02988
   1116.00000    5.33151    0.15894    0.98682    0.02999
   1117.00000    5.21266    0.15885    1.03168    0.03003
   1118.00000    5.31465    0.15800    1.01015    0.02989
   1119.00000    5.20793    0.15973    0.99690    0.02973
   1120.00000    5.30710    0.15886    1.02813    0.02976
   1121.00000    5.25471    0.15876    1.00535    0.03010
   1122.00000    5.18082    0.15722    0.97437    0.03005
   1123.00000    5.43375    0.15820    0.98485    0.03023
   1124.00000    5.44006    0.15981    0.98455    0.03021
   1125.00000    5.08836    0.15993    1.01902    0.03033
   1126.00000    5.24985    0.15804    0.97297    0.03038
   1127.00000    5.20241    0.15817    0.99673    0.03033
   1128.00000    5.27176    0.15911    1.02373    0.03051
   1129.00000    5.21292    0.15885    1.01345    0.03021
   1130.00000    5.16302    0.15895    1.03846    0.03022
   1131.00000    5.27358    0.15912    0.98935    0.03009
   1132.00000    5.27604    0.15880    0.94023    0.02984
   1133.00000    5.33295    0.15843    0.98119    0.02967
   1134.00000    5.33259    0.15752    0.96972    0.02951
   1135.00000    5.20233    0.15746    0.95848    0.02925
   1136.00000    5.11045    0.15736    0.96374    0.02930
   1137.00000    5.18699    0.15732    0.93745    0.02923
   1138.00000    5.34627    0.15723    0.96392    0.02899
   1139.00000    5.28326    0.15532    0.98184    0.02913
   1140.00000    5.00810    0.15536    0.97860    0.02922
   1141.00000    5.12527    0.15425    0.97345    0.02923
   1142.00000    5.39839    0.15391    1.02900    0.02879
   1143.00000    5.15535    0.15464    1.01715    0.02889
   1144.00000    5.51320    0.15463    0.98899    0.02920
   1145.00000    4.90063    0.15368    1.02025    0.02941
   1146.00000    5.10358    0.15363    0.96502    0.02908
   1147.00000    5.16542    0.15345    0.96549    0.02894
   1148.00000    4.94090    0.15190    0.94041    0.02927
   1149.00000    5.15642    0.15248    1.01405    0.02923
   1150.00000    5.04840    0.15170    0.96823    0.02919
   1151.00000    5.08401    0.15196    0.96296    0.02930
   1152.00000    5.04089    0.15291    0.96697    0.02920
   1153.00000    5.16167    0.15343    0.97657    0.02927
   1154.00000    5.56116    0.15342    0.99259    0.02899
   1155.00000    5.27094    0.15320    0.99573    0.02891
   1156.00000    5.04589    0.15214    0.95161    0.02884
   1157.00000    5.38252    0.15260    0.94628    0.02891
   1158.00000    5.07110    0.15262    1.01263    0.02891
   1159.00000    4.93555    0.15259    0.97027    0.02874
   1160.00000    5.02396    0.15130    0.92435    0.02846
   1161.00000    5.00798    0.15209    0.96506    0.02838
   1162.00000    4.88440    0.15328    0.94302    0.02840
   1163.00000    5.00222    0.15275    0.85891    0.02826
   1164.00000    5.32252    0.15297    0.93117    0.02840
   1165.00000    5.02638    0.15281    1.00779    0.02833
   1166.00000    5.00499    0.15347    0.93681    0.02805
   1167.00000    5.04188    0.15428    0.91079    0.02815
   1168.00000    4.89041    0.15471    0.87167    0.02811
   1169.00000    5.29366    0.15376    0.89688    0.02791
   1170.00000    5.09118    0.15250    0.94944    0.02799
   1171.00000    5.33431    0.15373    0.94415    0.02789
   1172.00000    5.19522    0.15542    0.96230    0.02803
   1173.00000    5.17228    0.15716    0.92593    0.02816
   1174.00000    5.28258    0.15769    0.93830    0.02820
   1175.00000    5.27353    0.15713    0.94557    0.02818
   1176.00000    5.27879    0.15786    0.98525    0.02810
   1177.00000    5.14722    0.15732    0.94017    0.02807
   1178.00000    5.29820    0.15889    0.91968    0.02782
   1179.00000    5.14653    0.16132    0.98406    0.02809
   1180.00000    5.43875    0.16025    0.88461    0.02779
   1181.00000    5.13522    0.15816    0.91582    0.02801
   1182.00000    5.09594    0.15821    0.93484    0.02801
   1183.00000    5.25452    0.15829    0.95949    0.02803
   1184.00000    5.18647    0.15931    0.94223    0.02798
   1185.00000    5.21464    0.15939    0.94327    0.02806
   1186.00000    5.20772    0.15783    0.95531    0.02813
   1187.00000    5.19675    0.15846    0.98290    0.02823
   1188.00000    5.30188    0.15852    0.97544    0.02838
   1189.00000    5.52876    0.15719    0.94056    0.02834
   1190.00000    5.28363    0.15829    0.89018    0.02802
   1191.00000    5.68132    0.15892    0.92882    0.02822
   1192.00000    5.51691    0.15804    0.94734    0.02849
   1193.00000    5.61072    0.15794    0.99692    0.02882
   1194.00000    5.01576    0.15773    0.95261    0.02893
   1195.00000    5.18213    0.15874    0.98095    0.02891
   1196.00000    5.20040    0.15844    0.94666    0.02898
   1197.00000    5.32922    0.15901    0.96606    0.02896
   1198.00000    5.18737    0.15869    0.94008    0.02914
   1199.00000    5.17639    0.15871    0.92701    0.02954
   1200.00000    4.99416    0.15896    0.96220    0.02930
   1201.00000    5.05469    0.15796    1.01555    0.02914
   1202.00000    5.23794    0.15820    0.98411    0.02905
   1203.00000    5.16154    0.15729    0.94983    0.02909
   1204.00000    5.11001    0.15686    0.97500    0.02925
   1205.00000    5.13944    0.15650    0.98682    0.02924
   1206.00000    5.37648    0.15557    1.01454    0.02932
   1207.00000    5.09354    0.15391    0.96911    0.02903
   1208.00000    5.35106    0.15367    0.99630    0.02909
   1209.00000    5.05575    0.15405    0.97706    0.02899
   1210.00000    5.10210    0.15425    0.97621    0.02889
   1211.00000    4.94000    0.15320    0.97656    0.02918
   1212.00000    5.15288    0.15434    0.96251    0.02899
   1213.00000    5.02048    0.15303    0.95514    0.02901
   1214.00000    5.23462    0.15344    0.93887    0.02905
   1460.00000    5.16779    0.15231    0.95972    0.02842
   1461.00000    5.12018    0.15080    0.91850    0.02829
   1462.00000    4.93899    0.14981    0.90766    0.02838
   1463.00000    5.28078    0.15008    0.91321    0.02806
   1464.00000    5.09677    0.14981    0.89714    0.02802
   1465.00000    4.76866    0.14788    0.94502    0.02799
   1466.00000    4.96210    0.14846    0.90099    0.02833
   1467.00000    4.82678    0.14960    0.94409    0.02826
   1468.00000    4.93141    0.14864    0.91877    0.02830
   1469.00000    4.86932    0.14820    0.93316    0.02849
   1470.00000    4.79401    0.14504    0.92320    0.02837
   1471.00000    5.02646    0.14543    0.93624    0.02817
   1472.00000    4.89885    0.14504    0.95268    0.02800
   1473.00000    4.90482    0.14603    0.94490    0.02815
   1474.00000    4.97010    0.14495    0.99666    0.02822
   1475.00000    4.75922    0.14558    0.93076    0.02796
   1476.00000    4.79992    0.14608    0.93569    0.02815
   1477.00000    4.99051    0.14739    0.95075    0.02823
   1478.00000    4.80760    0.14630    0.95534    0.02819
   1479.00000    4.90981    0.14456    0.92029    0.02799
   1480.00000    4.71572    0.14321    0.93067    0.02781
   1481.00000    4.44613    0.14320    0.92419    0.02764
   1482.00000    4.76356    0.14361    0.88658    0.02761
   1483.00000    4.62954    0.14207    0.90824    0.02752
   1484.00000    4.90639    0.14178    0.86331    0.02755
   1485.00000    4.86585    0.14169    0.94149    0.02735
   1486.00000    4.51085    0.14236    0.97125    0.02736
   1487.00000    4.48331    0.14215    0.95867    0.02747
   1488.00000    4.90111    0.14208    0.90361    0.02734
   1489.00000    4.65438    0.14316    0.87364    0.02721
   1490.00000    4.82954    0.14410    0.88238    0.02675
   1491.00000    4.79532    0.14387    0.86985    0.02669
   1492.00000    4.70200    0.14239    0.90392    0.02664
   1493.00000    4.54803    0.14191    0.92285    0.02679
   1494.00000    4.75331    0.14199    0.90753    0.02657
   1495.00000    4.87979    0.14172    0.89303    0.02659
   1496.00000    4.59671    0.14159    0.90393    0.02686
   1497.00000    4.95665    0.14237    0.89268    0.02704
   1498.00000    4.77769    0.14192    0.83541    0.02693
   1499.00000    4.71961    0.14198    0.88337    0.02666
   1500.00000    4.57808    0.14218    0.84903    0.02630
   1501.00000    4.78916    0.14161    0.88542    0.02627
   1502.00000    4.75596    0.13983    0.85253    0.02622
   1503.00000    4.82071    0.13987    0.88557    0.02615
   1504.00000    4.59316    0.14053    0.88315    0.02589
   1505.00000    4.59098    0.14210    0.83376    0.02610
   1506.00000    4.78296    0.14248    0.81395    0.02602
   1507.00000    4.66272    0.14166    0.90292    0.02614
   1508.00000    4.71827    0.14175    0.91451    0.02608
   1509.00000    4.84420    0.14232    0.87259    0.02612
   1510.00000    4.93647    0.14099    0.89301    0.02649
   1511.00000    4.68218    0.14172    0.89853    0.02644
   1512.00000    4.68524    0.14155    0.83841    0.02630
   1513.00000    4.52243    0.14129    0.87774    0.02612
   1514.00000    4.66238    0.14158    0.85111    0.02601
   1515.00000    4.99446    0.14247    0.89447    0.02595
   1516.00000    4.46007    0.14200    0.87066    0.02591
   1517.00000    4.86093    0.14222    0.82718    0.02615
   1518.00000    4.52005    0.14228    0.87617    0.02611
   1519.00000    4.52817    0.14232    0.90518    0.02595
   1520.00000    4.81687    0.14351    0.92297    0.02622
   1521.00000    4.62333    0.14222    0.87868    0.02610
   1522.00000    4.74734    0.14065    0.86280    0.02572
   1523.00000    4.77264    0.14083    0.88161    0.02564
   1524.00000    4.87902    0.14046    0.89497    0.02584
   1525.00000    4.80949    0.14037    0.88987    0.02599
   1526.00000    4.56222    0.14073    0.88236    0.02615
   1527.00000    4.55122    0.14085    0.88579    0.02602
   1528.00000    4.68665    0.14105    0.86641    0.02610
   1529.00000    5.09043    0.14017    0.85397    0.02610
   1530.00000    4.64469    0.13964    0.89394    0.02597
   1531.00000    4.50567    0.13876    0.89591    0.02602
   1532.00000    4.54759    0.13815    0.86287    0.02601
   1533.00000    4.70665    0.13691    0.89362    0.02597
   1534.00000    4.42123    0.13823    0.84337    0.02594
   1535.00000    4.44140    0.13899    0.85136    0.02608
   1536.00000    4.33626    0.13913    0.88553    0.02602
   1537.00000    4.74293    0.14139    0.92937    0.02610
   1538.00000    4.78097    0.14089    0.90824    0.02605
   1539.00000    4.70016    0.14194    0.85558    0.02610
   1540.00000    5.01671    0.14282    0.85557    0.02625
   1541.00000    4.76170    0.14309    0.87015    0.02612
   1542.00000    4.82791    0.14233    0.85804    0.02580
   1543.00000    4.94068    0.14319    0.87762    0.02582
   1544.00000    4.85132    0.14337    0.86744    0.02563
   1545.00000    5.02247    0.14307    0.86594    0.02583
   1546.00000    4.60069    0.14315    0.83822    0.02578
   1547.00000    4.79510    0.14256    0.82090    0.02590
   1548.00000    4.57220    0.14196    0.83177    0.02575
   1549.00000    4.88017    0.14066    0.82596    0.02568
   1550.00000    4.73266    0.14085    0.85135    0.02566
   1551.00000    4.76403    0.13982    0.85522    0.02559
   1552.00000    4.37660    0.13998    0.83725    0.02541
   1553.00000    4.80420    0.13953    0.83443    0.02523
   1554.00000    4.51992    0.14024    0.82895    0.02529
   1555.00000    4.74386    0.14055    0.86093    0.02548
   1556.00000    4.77882    0.14138    0.83764    0.02569
   1557.00000    4.66917    0.14196    0.85107    0.02577
   1558.00000    4.92825    0.14068    0.88304    0.02590
   1559.00000    4.66267    0.14064    0.83770    0.02609
   1560.00000    4.54511    0.14064    0.83452    0.02616
   1561.00000    4.60989    0.14168    0.86396    0.02628
   1562.00000    4.65816    0.14120    0.80100    0.02631
   1563.00000    4.99890    0.14094    0.87926    0.02629
   1564.00000    4.59713    0.14128    0.85320    0.02633
   1565.00000    4.63521    0.14143    0.86786    0.02628
   1566.00000    4.63624    0.14204    0.89611    0.02635
   1567.00000    4.40512    0.14288    0.85534    0.02627
   1568.00000    4.59814    0.14195    0.86088    0.02626
   1569.00000    4.65692    0.14068    0.86986    0.02587
   1570.00000    4.78020    0.14059    0.84488    0.02590
   1571.00000    4.54081    0.14010    0.87739    0.02566
   1572.00000    4.72891    0.13968    0.85922    0.02566
   1573.00000    4.64213    0.13947    0.90067    0.02566
   1574.00000    5.06808    0.13938    0.83395    0.02564
   1575.00000    4.80709    0.13905    0.83109    0.02573
   1576.00000    4.47924    0.13904    0.87284    0.02595
   1577.00000    4.72579    0.13923    0.90510    0.02601
   1578.00000    4.56078    0.13847    0.84618    0.02602
   1579.00000    4.58201    0.13761    0.82208    0.02581
   1825.00000    4.90082    0.14404    0.85848    0.02644
   1826.00000    4.69152    0.14392    0.90142    0.02640
   1827.00000    4.61709    0.14414    0.84410    0.02647
   1828.00000    4.83500    0.14264    0.87399    0.02660
   1829.00000    4.99281    0.14206    0.86919    0.02654
   1830.00000    4.70102    0.14225    0.84415    0.02661
   1831.00000    4.65066    0.14157    0.90510    0.02667
   1832.00000    4.89283    0.14076    0.86819    0.02672
   1833.00000    4.53366    0.14004    0.92448    0.02697
   1834.00000    4.66309    0.14015    0.85650    0.02674
   1835.00000    4.52854    0.13970    0.86953    0.02673
   1836.00000    4.80209    0.14109    0.88310    0.02676
   1837.00000    4.53954    0.13984    0.86421    0.02666
   1838.00000    4.55192    0.14068    0.89339    0.02658
   1839.00000    4.56586    0.14102    0.89246    0.02631
   1840.00000    4.53974    0.13977    0.92253    0.02643
   1841.00000    4.58556    0.13944    0.90987    0.02638
   1842.00000    4.44018    0.13930    0.91122    0.02629
   1843.00000    4.57270    0.13913    0.85879    0.02642
   1844.00000    4.63126    0.13972    0.91216    0.02681
   1845.00000    4.64562    0.13987    0.88839    0.02657
   1846.00000    4.70093    0.13987    0.88012    0.02641
   1847.00000    4.71755    0.14003    0.89427    0.02645
   1848.00000    4.55620    0.13970    0.86464    0.02628
   1849.00000    4.63738    0.14008    0.85496    0.02604
   1850.00000    4.86590    0.14055    0.87023    0.02612
   1851.00000    4.58635    0.13909    0.87810    0.02614
   1852.00000    4.67057    0.13882    0.84721    0.02589
   1853.00000    4.64453    0.13889    0.86167    0.02584
   1854.00000    4.45620    0.13879    0.93429    0.02569
   1855.00000    4.64724    0.13821    0.87323    0.02572
   1856.00000    4.50763    0.13806    0.82893    0.02585
   1857.00000    4.71934    0.13928    0.83186    0.02570
   1858.00000    4.53590    0.13923    0.84181    0.02579
   1859.00000    4.57483    0.13972    0.83827    0.02588
   1860.00000    4.71199    0.13945    0.86940    0.02583
   1861.00000    4.81002    0.13894    0.82266    0.02555
   1862.00000    4.58948    0.13810    0.88547    0.02561
   1863.00000    4.55610    0.13848    0.91362    0.02559
   1864.00000    4.69752    0.13817    0.82201    0.02558
   1865.00000    4.64150    0.13831    0.84298    0.02566
   1866.00000    4.52332    0.13872    0.86074    0.02569
   1867.00000    4.51860    0.13776    0.87490    0.02566
   1868.00000    4.90485    0.13832    0.86284    0.02561
   1869.00000    4.57849    0.13859    0.86736    0.02579
   1870.00000    4.68738    0.13902    0.83198    0.02568
   1871.00000    4.67114    0.13880    0.83866    0.02565
   1872.00000    4.61333    0.13820    0.89759    0.02547
   1873.00000    4.61600    0.13700    0.87450    0.02545
   1874.00000    4.55278    0.13797    0.87576    0.02542
   1875.00000    4.55613    0.13751    0.82484    0.02542
   1876.00000    4.62234    0.13675    0.82375    0.02533
   1877.00000    4.61311    0.13709    0.89935    0.02556
   1878.00000    4.68910    0.13615    0.84975    0.02562
   1879.00000    4.51163    0.13514    0.87086    0.02572
   1880.00000    4.76253    0.13533    0.86884    0.02564
   1881.00000    4.26226    0.13565    0.80993    0.02547
   1882.00000    4.44143    0.13465    0.85058    0.02544
   1883.00000    4.32580    0.13478    0.86894    0.02530
   1884.00000    4.63168    0.13464    0.84492    0.02544
   1885.00000    4.30562    0.13571    0.88126    0.02548
   1886.00000    4.51152    0.13512    0.84728    0.02548
   1887.00000    4.69492    0.13603    0.84868    0.02529
   1888.00000    4.38163    0.13509    0.85988    0.02537
   1889.00000    4.57245    0.13415    0.88270    0.02549
   1890.00000    4.51526    0.13487    0.81668    0.02536
   1891.00000    4.57178    0.13590    0.81883    0.02549
   1892.00000    4.70397    0.13524    0.85303    0.02551
   1893.00000    4.21753    0.13551    0.84956    0.02525
   1894.00000    4.69566    0.13610    0.82381    0.02538
   1895.00000    4.68872    0.13663    0.81567    0.02532
   1896.00000    4.62088    0.13639    0.83908    0.02501
   1897.00000    4.73471    0.13602    0.84822    0.02524
   1898.00000    4.26289    0.13693    0.80176    0.02514
   1899.00000    4.45374    0.13749    0.80290    0.02488
   1900.00000    4.41535    0.13791    0.86827    0.02488
   1901.00000    4.65852    0.13707    0.81882    0.02482
   1902.00000    4.56867    0.13648    0.82045    0.02482
   1903.00000    4.41310    0.13573    0.83459    0.02478
   1904.00000    4.69161    0.13733    0.79127    0.02463
   1905.00000    4.20171    0.13740    0.84786    0.02483
   1906.00000    4.88451    0.13753    0.80039    0.02486
   1907.00000    4.45390    0.13704    0.80156    0.02490
   1908.00000    4.60354    0.13578    0.82702    0.02486
   1909.00000    4.46179    0.13514    0.78188    0.02475
   1910.00000    4.23210    0.13390    0.79237    0.02477
   1911.00000    4.36102    0.13291    0.80653    0.02483
   1912.00000    4.61688    0.13441    0.83421    0.02489
   1913.00000    4.64367    0.13492    0.82536    0.02487
   1914.00000    4.51273    0.13596    0.82330    0.02502
   1915.00000    4.42175    0.13505    0.84643    0.02500
   1916.00000    4.80878    0.13460    0.80114    0.02503
   1917.00000    4.52363    0.13546    0.84911    0.02503
   1918.00000    4.46777    0.13501    0.82202    0.02509
   1919.00000    4.39824    0.13423    0.85403    0.02517
   1920.00000    4.41833    0.13408    0.80098    0.02525
   1921.00000    4.16777    0.13302    0.83385    0.02521
   1922.00000    4.67472    0.13282    0.86590    0.02518
   1923.00000    4.37437    0.13381    0.87244    0.02503
   1924.00000    4.63694    0.13551    0.81365    0.02511
   1925.00000    4.52156    0.13592    0.82812    0.02529
   1926.00000    4.52397    0.13582    0.86025    0.02524
   1927.00000    4.40218    0.13776    0.82851    0.02526
   1928.00000    4.71205    0.13925    0.80799    0.02484
   1929.00000    4.45452    0.13994    0.78548    0.02480
   1930.00000    4.80356    0.14038    0.82928    0.02477
   1931.00000    4.67668    0.13998    0.81282    0.02441
   1932.00000    4.81557    0.13967    0.84733    0.02471
   1933.00000    4.51257    0.13969    0.80816    0.02480
   1934.00000    4.61437    0.13915    0.83676    0.02494
   1935.00000    4.59218    0.14034    0.86528    0.02491
   1936.00000    4.54717    0.14011    0.84638    0.02475
   1937.00000    4.86371    0.13976    0.80618    0.02476
   1938.00000    5.02813    0.14112    0.82389    0.02488
   1939.00000    4.43481    0.14126    0.83891    0.02467
   1940.00000    4.71763    0.14014    0.79019    0.02460
   1941.00000    4.76829    0.14057    0.80976    0.02454
   1942.00000    4.63821    0.14043    0.83237    0.02439
   1943.00000    4.82466    0.14061    0.83130    0.02458
   1944.00000    4.61859    0.14131    0.82110    0.02477
   2190.00000    4.51225    0.13663    0.88204    0.02552
   2191.00000    4.38003    0.13555    0.85861    0.02532
   2192.00000    4.62223    0.13602    0.83274    0.02538
   2193.00000    4.55106    0.13710    0.82392    0.02517
   2194.00000    4.56903    0.13589    0.78523    0.02513
   2195.00000    4.40367    0.13544    0.84761    0.02499
   2196.00000    4.62698    0.13480    0.80481    0.02502
   2197.00000    4.72831    0.13279    0.83525    0.02491
   2198.00000    4.37937    0.13313    0.80811    0.02499
   2199.00000    4.62293    0.13326    0.82862    0.02485
   2200.00000    4.62245    0.13282    0.84444    0.02523
   2201.00000    4.34477    0.13156    0.82316    0.02505
   2202.00000    4.20816    0.13112    0.83678    0.02511
   2203.00000    4.26455    0.13049    0.84207    0.02516
   2204.00000    4.44757    0.13111    0.81627    0.02497
   2205.00000    4.19851    0.13022    0.88219    0.02500
   2206.00000    4.40425    0.13068    0.79900    0.02511
   2207.00000    4.19947    0.13040    0.79088    0.02507
   2208.00000    4.36864    0.13047    0.83999    0.02514
   2209.00000    4.28479    0.12946    0.91477    0.02509
   2210.00000    4.40449    0.12955    0.81127    0.02501
   2211.00000    4.28633    0.12952    0.84149    0.02504
   2212.00000    4.58700    0.13070    0.84504    0.02499
   2213.00000    4.47445    0.13022    0.80657    0.02507
   2214.00000    4.20849    0.13040    0.83705    0.02490
   2215.00000    4.31782    0.12937    0.82552    0.02493
   2216.00000    4.29996    0.12881    0.86302    0.02474
   2217.00000    4.32175    0.12922    0.83838    0.02443
   2218.00000    4.40049    0.12969    0.81775    0.02450
   2219.00000    4.14037    0.12896    0.82599    0.02437
   2220.00000    4.28874    0.12942    0.78760    0.02447
   2221.00000    4.20642    0.12926    0.80803    0.02421
   2222.00000    4.19533    0.12875    0.78128    0.02416
   2223.00000    4.06797    0.12870    0.76362    0.02385
   2224.00000    4.27710    0.12961    0.79446    0.02405
   2225.00000    4.28003    0.12942    0.82775    0.02392
   2226.00000    4.36807    0.13012    0.80318    0.02401
   2227.00000    4.23469    0.12966    0.75314    0.02386
   2228.00000    4.43513    0.12958    0.78738    0.02380
   2229.00000    4.43346    0.12845    0.79133    0.02381
   2230.00000    4.34352    0.12854    0.75966    0.02374
   2231.00000    4.42464    0.12759    0.78281    0.02373
   2232.00000    4.27457    0.12701    0.81105    0.02384
   2233.00000    4.30430    0.12622    0.74195    0.02412
   2234.00000    4.24927    0.12646    0.80650    0.02396
   2235.00000    4.14765    0.12681    0.80794    0.02383
   2236.00000    4.28773    0.12681    0.79884    0.02367
   2237.00000    4.30040    0.12835    0.78584    0.02373
   2238.00000    4.14108    0.12652    0.79629    0.02374
   2239.00000    4.16828    0.12606    0.79132    0.02370
   2240.00000    4.42096    0.12533    0.76718    0.02368
   2241.00000    4.15834    0.12528    0.79625    0.02372
   2242.00000    4.10681    0.12513    0.80931    0.02374
   2243.00000    4.05812    0.12494    0.79889    0.02363
   2244.00000    4.00386    0.12432    0.75997    0.02371
   2245.00000    4.23417    0.12393    0.77360    0.02377
   2246.00000    4.10806    0.12538    0.83401    0.02383
   2247.00000    4.14561    0.12442    0.79137    0.02379
   2248.00000    4.12905    0.12429    0.81100    0.02378
   2249.00000    4.08231    0.12369    0.76606    0.02360
   2250.00000    4.13053    0.12439    0.80097    0.02370
   2251.00000    4.25578    0.12492    0.77952    0.02355
   2252.00000    4.30793    0.12604    0.78983    0.02329
   2253.00000    4.02744    0.12482    0.77870    0.02320
   2254.00000    4.03983    0.12576    0.77914    0.02318
   2255.00000    4.19065    0.12496    0.81413    0.02334
   2256.00000    4.24819    0.12597    0.73232    0.02336
   2257.00000    3.89894    0.12523    0.79542    0.02350
   2258.00000    4.02293    0.12325    0.78436    0.02336
   2259.00000    3.88697    0.12255    0.79415    0.02313
   2260.00000    4.31165    0.12254    0.77379    0.02311
   2261.00000    4.13092    0.12143    0.74019    0.02299
   2262.00000    4.06257    0.12155    0.77927    0.02297
   2263.00000    4.23130    0.12186    0.78419    0.02292
   2264.00000    4.12773    0.12124    0.76640    0.02303
   2265.00000    4.27814    0.12221    0.78582    0.02284
   2266.00000    3.86456    0.12337    0.74701    0.02291
   2267.00000    4.21771    0.12389    0.78466    0.02294
   2268.00000    4.11799    0.12441    0.76337    0.02284
   2269.00000    4.15684    0.12474    0.75413    0.02281
   2270.00000    4.37537    0.12360    0.77929    0.02278
   2271.00000    4.33622    0.12392    0.75962    0.02285
   2272.00000    4.08053    0.12347    0.72529    0.02315
   2273.00000    4.11419    0.12311    0.77364    0.02302
   2274.00000    3.97932    0.12171    0.78115    0.02315
   2275.00000    4.08329    0.12312    0.75476    0.02289
   2276.00000    4.08480    0.12306    0.80912    0.02302
   2277.00000    4.12912    0.12321    0.74957    0.02305
   2278.00000    3.88014    0.12336    0.74781    0.02275
   2279.00000    4.01759    0.12304    0.75652    0.02253
   2280.00000    4.28110    0.12393    0.75034    0.02246
   2281.00000    3.96797    0.12402    0.75110    0.02239
   2282.00000    4.19160    0.12365    0.74917    0.02237
   2283.00000    4.12979    0.12247    0.74714    0.02236
   2284.00000    4.12493    0.12280    0.76378    0.02224
   2285.00000    4.17328    0.12147    0.75252    0.02241
   2286.00000    4.22745    0.12026    0.72531    0.02257
   2287.00000    3.98820    0.12001    0.76246    0.02275
   2288.00000    3.90506    0.12083    0.76887    0.02289
   2289.00000    3.87165    0.12103    0.76795    0.02299
   2290.00000    4.15040    0.12080    0.77740    0.02267
   2291.00000    3.92625    0.12106    0.74939    0.02273
   2292.00000    4.20458    0.12058    0.75618    0.02255
   2293.00000    4.26600    0.12029    0.73208    0.02255
   2294.00000    4.15147    0.12052    0.77061    0.02244
   2295.00000    4.00043    0.11920    0.73506    0.02254
   2296.00000    3.85857    0.11871    0.75610    0.02260
   2297.00000    3.90169    0.11861    0.75668    0.02250
   2298.00000    4.12541    0.11986    0.73006    0.02273
   2299.00000    3.96248    0.12009    0.76666    0.02260
   2300.00000    4.19014    0.11906    0.76929    0.02271
   2301.00000    3.69493    0.11907    0.76667    0.02273
   2302.00000    3.94841    0.11932    0.74723    0.02281
   2303.00000    4.07631    0.11939    0.72494    0.02266
   2304.00000    3.84647    0.11887    0.79446    0.02262
   2305.00000    3.94531    0.11859    0.77357    0.02236
   2306.00000    3.81103    0.11839    0.72357    0.02199
   2307.00000    4.09929    0.11850    0.72121    0.02202
   2308.00000    3.95418    0.11873    0.75335    0.02217
   2309.00000    4.04124    0.11911    0.75884    0.02221
   2555.00000    3.80870    0.11515    0.71854    0.02123
   2556.00000    3.94487    0.11492    0.71207    0.02129
   2557.00000    3.66922    0.11499    0.74587    0.02149
   2558.00000    3.75464    0.11505    0.73772    0.02155
   2559.00000    3.88299    0.11446    0.71905    0.02178
   2560.00000    3.89525    0.11343    0.74700    0.02188
   2561.00000    3.76105    0.11348    0.72337    0.02200
   2562.00000    3.89847    0.11409    0.72970    0.02202
   2563.00000    3.82073    0.11421    0.72543    0.02177
   2564.00000    3.91100    0.11401    0.72630    0.02199
   2565.00000    3.64263    0.11433    0.73065    0.02184
   2566.00000    3.69674    0.11480    0.73231    0.02154
   2567.00000    3.60335    0.11498    0.69506    0.02137
   2568.00000    3.78797    0.11383    0.70763    0.02131
   2569.00000    3.76051    0.11444    0.68527    0.02124
   2570.00000    3.84774    0.11303    0.67757    0.02119
   2571.00000    3.85225    0.11369    0.69101    0.02118
   2572.00000    4.00568    0.11409    0.68790    0.02111
   2573.00000    3.85714    0.11361    0.70651    0.02115
   2574.00000    3.76861    0.11326    0.70876    0.02111
   2575.00000    3.63605    0.11323    0.69938    0.02118
   2576.00000    3.97702    0.11467    0.69713    0.02112
   2577.00000    3.78629    0.11569    0.71563    0.02112
   2578.00000    4.01788    0.11687    0.70975    0.02120
   2579.00000    3.93006    0.11710    0.69185    0.02105
   2580.00000    3.80614    0.11648    0.72748    0.02095
   2581.00000    3.88311    0.11590    0.70412    0.02083
   2582.00000    3.69388    0.11625    0.72422    0.02103
   2583.00000    4.02231    0.11712    0.65171    0.02094
   2584.00000    4.17843    0.11733    0.70653    0.02098
   2585.00000    3.87907    0.11837    0.70885    0.02100
   2586.00000    3.97870    0.11821    0.69450    0.02094
   2587.00000    3.81492    0.11819    0.69933    0.02112
   2588.00000    3.84515    0.11804    0.67738    0.02093
   2589.00000    3.95628    0.11894    0.68779    0.02099
   2590.00000    4.18406    0.11891    0.69232    0.02082
   2591.00000    3.70718    0.11832    0.68346    0.02081
   2592.00000    3.68144    0.11716    0.66089    0.02088
   2593.00000    4.04332    0.11870    0.67855    0.02081
   2594.00000    3.98447    0.11852    0.69084    0.02090
   2595.00000    4.05771    0.11909    0.65799    0.02077
   2596.00000    3.92172    0.11932    0.64679    0.02106
   2597.00000    4.09907    0.11997    0.74795    0.02111
   2598.00000    3.89887    0.12031    0.67673    0.02147
   2599.00000    4.04500    0.12124    0.73856    0.02153
   2600.00000    3.87763    0.12162    0.69357    0.02143
   2601.00000    4.11367    0.12143    0.71265    0.02132
   2602.00000    3.98612    0.12079    0.69897    0.02124
   2603.00000    4.11097    0.12133    0.72785    0.02148
   2604.00000    3.93254    0.12027    0.74386    0.02162
   2605.00000    4.09141    0.12061    0.74284    0.02166
   2606.00000    4.03716    0.12087    0.72320    0.02175
   2607.00000    4.07454    0.12064    0.70904    0.02170
   2608.00000    4.10444    0.12211    0.68120    0.02175
   2609.00000    4.10681    0.12173    0.73504    0.02177
   2610.00000    4.05141    0.12151    0.71750    0.02184
   2611.00000    4.05596    0.12178    0.72889    0.02169
   2612.00000    4.13169    0.12153    0.71285    0.02152
   2613.00000    4.00459    0.12217    0.69613    0.02167
   2614.00000    4.11969    0.12222    0.74134    0.02170
   2615.00000    4.02537    0.12265    0.72397    0.02182
   2616.00000    4.08788    0.12230    0.70779    0.02179
   2617.00000    4.08728    0.12215    0.70515    0.02195
   2618.00000    4.06270    0.12184    0.72094    0.02210
   2619.00000    3.93393    0.12305    0.75899    0.02236
   2620.00000    4.04803    0.12402    0.75343    0.02230
   2621.00000    4.15273    0.12346    0.75095    0.02229
   2622.00000    4.12424    0.12196    0.74132    0.02222
   2623.00000    4.04680    0.12220    0.74784    0.02225
   2624.00000    4.12064    0.12312    0.75030    0.02212
   2625.00000    4.12078    0.12080    0.81276    0.02219
   2626.00000    4.04775    0.12038    0.74123    0.02219
   2627.00000    4.03313    0.11940    0.74092    0.02215
   2628.00000    3.76357    0.11880    0.70201    0.02233
   2629.00000    3.89618    0.11891    0.76654    0.02240
   2630.00000    3.99694    0.11861    0.77354    0.02235
   2631.00000    4.05497    0.11913    0.76117    0.02231
   2632.00000    3.90182    0.11851    0.73463    0.02237
   2633.00000    4.11534    0.11870    0.71192    0.02242
   2634.00000    3.78083    0.11772    0.75611    0.02248
   2635.00000    3.77579    0.11743    0.76111    0.02246
   2636.00000    4.07776    0.11709    0.75160    0.02251
   2637.00000    3.74748    0.11713    0.78251    0.02238
   2638.00000    4.10118    0.11725    0.74607    0.02238
   2639.00000    4.05281    0.11689    0.76300    0.02252
   2640.00000    3.95875    0.11750    0.78541    0.02277
   2641.00000    3.86349    0.11729    0.77163    0.02277
   2642.00000    3.94972    0.11709    0.76644    0.02255
   2643.00000    3.85244    0.11619    0.73846    0.02245
   2644.00000    3.57753    0.11601    0.77147    0.02251
   2645.00000    3.86901    0.11693    0.74862    0.02231
   2646.00000    3.83976    0.11729    0.72616    0.02213
   2647.00000    4.05236    0.11808    0.74550    0.02194
   2648.00000    3.84874    0.11802    0.71954    0.02178
   2649.00000    3.85192    0.11725    0.74954    0.02189
   2650.00000    3.93771    0.11728    0.73914    0.02185
   2651.00000    3.83995    0.11642    0.71545    0.02180
   2652.00000    3.99012    0.11510    0.74874    0.02176
   2653.00000    3.72586    0.11476    0.74864    0.02181
   2654.00000    3.88013    0.11499    0.72078    0.02173
   2655.00000    4.03637    0.11577    0.69682    0.02159
   2656.00000    3.93575    0.11626    0.71422    0.02147
   2657.00000    3.75326    0.11687    0.77151    0.02141
   2658.00000    3.76025    0.11658    0.70686    0.02153
   2659.00000    3.80351    0.11570    0.73135    0.02152
   2660.00000    4.09496    0.11557    0.74036    0.02151
   2661.00000    3.82005    0.11667    0.74207    0.02155
   2662.00000    3.82664    0.11668    0.74714    0.02149
   2663.00000    3.84346    0.11760    0.70255    0.02134
   2664.00000    3.76651    0.11692    0.73742    0.02132
   2665.00000    3.82932    0.11670    0.71772    0.02130
   2666.00000    3.82047    0.11673    0.76510    0.02143
   2667.00000    4.00161    0.11625    0.68814    0.02172
   2668.00000    4.09850    0.11648    0.73370    0.02167
   2669.00000    3.74482    0.11649    0.70526    0.02161
   2670.00000    3.73149    0.11588    0.71599    0.02150
   2671.00000    3.71836    0.11372    0.71166    0.02135
   2672.00000    3.81719    0.11383    0.72759    0.02124
   2673.00000    3.68444    0.11377    0.68040    0.02103
   2674.00000    3.95626    0.11429    0.71844    0.02109
   2920.00000    3.86914    0.11980    0.72219    0.02253
   2921.00000    4.13841    0.11951    0.76834    0.02266
   2922.00000    4.11244    0.11885    0.75589    0.02273
   2923.00000    3.73878    0.11986    0.78680    0.02282
   2924.00000    3.87760    0.12094    0.81253    0.02284
   2925.00000    4.04877    0.12026    0.78644    0.02274
   2926.00000    4.11483    0.12014    0.77094    0.02281
   2927.00000    4.07859    0.12147    0.80687    0.02263
   2928.00000    3.95793    0.12038    0.75358    0.02270
   2929.00000    3.95288    0.12051    0.77011    0.02263
   2930.00000    3.92989    0.12023    0.75959    0.02280
   2931.00000    3.98187    0.12021    0.74018    0.02263
   2932.00000    4.05162    0.12028    0.77451    0.02258
   2933.00000    3.87336    0.12122    0.71975    0.02231
   2934.00000    4.11080    0.12059    0.73550    0.02229
   2935.00000    3.83930    0.12054    0.73338    0.02245
   2936.00000    4.27753    0.12128    0.70743    0.02224
   2937.00000    4.15950    0.12138    0.70319    0.02190
   2938.00000    3.98420    0.12118    0.70837    0.02185
   2939.00000    3.97244    0.12119    0.72280    0.02201
   2940.00000    4.01077    0.12136    0.70462    0.02195
   2941.00000    4.11511    0.12100    0.76900    0.02188
   2942.00000    3.97193    0.12006    0.72590    0.02180
   2943.00000    3.91486    0.11969    0.70700    0.02187
   2944.00000    4.09080    0.11970    0.74142    0.02216
   2945.00000    4.00071    0.11950    0.73755    0.02212
   2946.00000    3.93976    0.11904    0.74894    0.02200
   2947.00000    3.85176    0.11897    0.72054    0.02226
   2948.00000    4.12099    0.11962    0.75408    0.02220
   2949.00000    4.09955    0.11937    0.72210    0.02226
   2950.00000    3.87210    0.11868    0.71861    0.02207
   2951.00000    3.87829    0.11867    0.72749    0.02216
   2952.00000    4.01713    0.11846    0.71480    0.02206
   2953.00000    3.61947    0.11790    0.77748    0.02220
   2954.00000    3.91268    0.11865    0.72625    0.02213
   2955.00000    3.82646    0.11844    0.71027    0.02211
   2956.00000    3.71168    0.11781    0.75648    0.02223
   2957.00000    4.09827    0.11870    0.69240    0.02233
   2958.00000    3.74075    0.11952    0.74608    0.02228
   2959.00000    3.89287    0.11953    0.73675    0.02238
   2960.00000    3.95006    0.12010    0.79256    0.02227
   2961.00000    4.19767    0.12071    0.77116    0.02225
   2962.00000    4.15605    0.12064    0.73546    0.02201
   2963.00000    3.97977    0.12029    0.71208    0.02200
   2964.00000    3.83576    0.12046    0.74758    0.02200
   2965.00000    4.10007    0.11942    0.72372    0.02197
   2966.00000    4.09138    0.12110    0.70123    0.02183
   2967.00000    4.06212    0.12129    0.72635    0.02181
   2968.00000    3.74480    0.12008    0.71359    0.02191
   2969.00000    3.94488    0.12107    0.73984    0.02189
   2970.00000    4.02026    0.12180    0.68067    0.02179
   2971.00000    4.11992    0.12252    0.72531    0.02177
   2972.00000    3.94940    0.12274    0.73045    0.02178
   2973.00000    4.26275    0.12362    0.69525    0.02166
   2974.00000    4.08276    0.12358    0.73205    0.02167
   2975.00000    4.28485    0.12161    0.74491    0.02172
   2976.00000    4.05926    0.12152    0.72568    0.02168
   2977.00000    3.96314    0.12158    0.70805    0.02177
   2978.00000    3.97727    0.12157    0.74935    0.02191
   2979.00000    4.02153    0.12198    0.74188    0.02190
   2980.00000    4.04809    0.12089    0.73491    0.02207
   2981.00000    4.19147    0.12112    0.77284    0.02211
   2982.00000    3.93587    0.12132    0.71483    0.02219
   2983.00000    4.13219    0.12186    0.75080    0.02216
   2984.00000    4.04342    0.12278    0.72621    0.02212
   2985.00000    4.21442    0.12340    0.76008    0.02193
   2986.00000    4.15717    0.12366    0.75993    0.02220
   2987.00000    4.25375    0.12351    0.75434    0.02225
   2988.00000    3.81845    0.12286    0.78729    0.02212
   2989.00000    3.76744    0.12275    0.73825    0.02216
   2990.00000    4.22809    0.12296    0.72261    0.02228
   2991.00000    4.22752    0.12406    0.75684    0.02249
   2992.00000    4.03650    0.12413    0.77906    0.02269
   2993.00000    4.09028    0.12357    0.75844    0.02271
   2994.00000    4.14350    0.12391    0.78120    0.02274
   2995.00000    4.14207    0.12350    0.74791    0.02248
   2996.00000    4.02242    0.12358    0.70972    0.02241
   2997.00000    4.13882    0.12243    0.73615    0.02230
   2998.00000    4.28363    0.12375    0.74993    0.02239
   2999.00000    4.07081    0.12426    0.76155    0.02236
   3000.00000    4.07024    0.12425    0.72908    0.02216
   3001.00000    4.04482    0.12317    0.74444    0.02225
   3002.00000    3.93782    0.12238    0.74133    0.02222
   3003.00000    4.06938    0.12108    0.71703    0.02230
   3004.00000    4.13395    0.12142    0.72164    0.02247
   3005.00000    3.94425    0.12142    0.72711    0.02265
   3006.00000    4.16378    0.12119    0.74334    0.02267
   3007.00000    4.00927    0.12151    0.77938    0.02278
   3008.00000    4.08188    0.12172    0.74145    0.02254
   3009.00000    3.95918    0.12213    0.73201    0.02249
   3010.00000    4.01884    0.11999    0.74437    0.02252
   3011.00000    4.14595    0.11937    0.71977    0.02271
   3012.00000    3.88582    0.11998    0.77294    0.02281
   3013.00000    3.98376    0.12051    0.75220    0.02273
   3014.00000    4.16434    0.12104    0.80485    0.02273
   3015.00000    4.27564    0.12300    0.76747    0.02264
   3016.00000    4.05025    0.12270    0.72951    0.02277
   3017.00000    4.15674    0.12200    0.74398    0.02263
   3018.00000    4.12605    0.12166    0.70617    0.02259
   3019.00000    4.10973    0.12174    0.74908    0.02271
   3020.00000    4.04219    0.12133    0.74255    0.02277
   3021.00000    4.15774    0.12138    0.78876    0.02275
   3022.00000    4.00011    0.12291    0.78180    0.02249
   3023.00000    3.99324    0.12205    0.75479    0.02229
   3024.00000    4.03117    0.12303    0.72200    0.02234
   3025.00000    3.98702    0.12267    0.75327    0.02228
   3026.00000    4.14357    0.12354    0.72621    0.02229
   3027.00000    3.98173    0.12310    0.74395    0.02221
   3028.00000    4.15071    0.12312    0.75985    0.02232
   3029.00000    4.09471    0.12318    0.74272    0.02241
   3030.00000    4.09200    0.12281    0.73579    0.02201
   3031.00000    4.19022    0.12368    0.68311    0.02191
   3032.00000    4.19526    0.12320    0.75030    0.02210
   3033.00000    4.10797    0.12409    0.73983    0.02221
   3034.00000    4.25257    0.12520    0.71766    0.02225
   3035.00000    4.09675    0.12567    0.74750    0.02253
   3036.00000    3.96388    0.12571    0.75872    0.02263
   3037.00000    4.11619    0.12447    0.74238    0.02238
   3038.00000    4.16230    0.12559    0.76820    0.02242
   3039.00000    4.14066    0.12663    0.74417    0.02227
   3285.00000    3.82690    0.10912    0.67975    0.02014
   3286.00000    3.54484    0.10884    0.66057    0.01999
   3287.00000    3.64630    0.10812    0.66980    0.02006
   3288.00000    3.65559    0.10755    0.68900    0.02039
   3289.00000    3.71992    0.10830    0.68047    0.02024
   3290.00000    3.79691    0.10923    0.66158    0.02021
   3291.00000    3.86881    0.10980    0.65331    0.02015
   3292.00000    3.64881    0.10987    0.65025    0.02009
   3293.00000    3.70252    0.11094    0.67120    0.02014
   3294.00000    3.63317    0.11040    0.65420    0.01996
   3295.00000    3.88857    0.11033    0.67875    0.02003
   3296.00000    3.55640    0.10987    0.64735    0.01997
   3297.00000    3.53930    0.11022    0.68303    0.01991
   3298.00000    3.43594    0.10995    0.65721    0.01979
   3299.00000    3.48204    0.10987    0.61715    0.01997
   3300.00000    3.68425    0.11010    0.67338    0.01999
   3301.00000    3.79176    0.11013    0.67278    0.01999
   3302.00000    3.69578    0.10994    0.64636    0.02009
   3303.00000    3.71577    0.10980    0.64866    0.01995
   3304.00000    3.72415    0.11069    0.68505    0.01998
   3305.00000    3.65058    0.11068    0.63637    0.02000
   3306.00000    3.66736    0.10932    0.63179    0.02011
   3307.00000    3.50266    0.10897    0.66054    0.01988
   3308.00000    3.82355    0.10834    0.64816    0.01987
   3309.00000    3.69746    0.10866    0.71262    0.01985
   3310.00000    3.65887    0.10908    0.67814    0.02009
   3311.00000    3.65148    0.10750    0.68292    0.02009
   3312.00000    3.60119    0.10761    0.66385    0.02019
   3313.00000    3.72394    0.10859    0.69083    0.02021
   3314.00000    3.57249    0.10820    0.70575    0.02025
   3315.00000    3.65996    0.10756    0.66498    0.02038
   3316.00000    3.55266    0.10787    0.68884    0.02019
   3317.00000    3.63961    0.10795    0.67236    0.02016
   3318.00000    3.53210    0.10845    0.66946    0.02016
   3319.00000    3.60618    0.11004    0.69280    0.02019
   3320.00000    3.66495    0.11006    0.70649    0.02031
   3321.00000    3.67121    0.11027    0.67563    0.02021
   3322.00000    3.75727    0.10989    0.67100    0.02029
   3323.00000    3.76532    0.10929    0.70475    0.02008
   3324.00000    3.86501    0.10970    0.67137    0.02028
   3325.00000    3.60360    0.10941    0.65784    0.02031
   3326.00000    3.43781    0.10930    0.68029    0.02012
   3327.00000    3.69908    0.10877    0.63175    0.02002
   3328.00000    3.77306    0.10931    0.68511    0.01993
   3329.00000    3.54652    0.10798    0.63327    0.01991
   3330.00000    3.50768    0.10885    0.69681    0.02003
   3331.00000    3.60923    0.10811    0.67789    0.01980
   3332.00000    3.70173    0.10777    0.64292    0.01972
   3333.00000    3.49317    0.10779    0.61694    0.01982
   3334.00000    3.70115    0.10862    0.63242    0.01992
   3335.00000    3.50564    0.10823    0.68811    0.01982
   3336.00000    3.54343    0.10888    0.68853    0.01986
   3337.00000    3.64017    0.10843    0.64924    0.01979
   3338.00000    3.61868    0.10800    0.70046    0.01995
   3339.00000    3.55184    0.10836    0.68239    0.02016
   3340.00000    3.44648    0.10679    0.70381    0.02023
   3341.00000    3.62413    0.10682    0.67391    0.02024
   3342.00000    3.49799    0.10606    0.67450    0.02018
   3343.00000    3.67504    0.10610    0.66139    0.02012
   3344.00000    3.49933    0.10490    0.67340    0.02016
   3345.00000    3.64407    0.10477    0.67413    0.02009
   3346.00000    3.50965    0.10570    0.67444    0.02005
   3347.00000    3.82884    0.10643    0.67155    0.02003
   3348.00000    3.61873    0.10594    0.66875    0.02006
   3349.00000    3.55918    0.10664    0.68498    0.01989
   3350.00000    3.65047    0.10634    0.66322    0.01999
   3351.00000    3.53982    0.10669    0.68466    0.01992
   3352.00000    3.57664    0.10735    0.64358    0.01981
   3353.00000    3.52258    0.10756    0.65004    0.01980
   3354.00000    3.53485    0.10719    0.64491    0.01990
   3355.00000    3.70607    0.10723    0.65403    0.02000
   3356.00000    3.58579    0.10816    0.65989    0.01994
   3357.00000    3.65531    0.10935    0.67373    0.01990
   3358.00000    3.58259    0.11003    0.64369    0.01982
   3359.00000    3.80616    0.10870    0.63202    0.01993
   3360.00000    3.63519    0.10860    0.65986    0.01966
   3361.00000    3.63880    0.10884    0.63376    0.01964
   3362.00000    3.65061    0.10831    0.64711    0.01940
   3363.00000    3.49549    0.10759    0.67326    0.01954
   3364.00000    3.42508    0.10718    0.65845    0.01925
   3365.00000    3.45286    0.10682    0.62898    0.01927
   3366.00000    3.70977    0.10690    0.62146    0.01938
   3367.00000    3.67712    0.10722    0.65975    0.01956
   3368.00000    3.64559    0.10717    0.63216    0.01948
   3369.00000    3.64669    0.10766    0.71227    0.01952
   3370.00000    3.58987    0.10849    0.69071    0.01948
   3371.00000    3.43430    0.10944    0.63698    0.01963
   3372.00000    3.84336    0.11024    0.61395    0.01965
   3373.00000    3.85091    0.10976    0.67699    0.01984
   3374.00000    3.81748    0.10875    0.63140    0.01962
   3375.00000    3.64684    0.10936    0.65468    0.01974
   3376.00000    3.48264    0.10925    0.64340    0.01980
   3377.00000    3.68492    0.10955    0.66737    0.01998
   3378.00000    3.61056    0.10952    0.70685    0.02021
   3379.00000    3.84040    0.11028    0.65374    0.01999
   3380.00000    3.69655    0.11048    0.63059    0.01993
   3381.00000    3.61584    0.11066    0.66121    0.01994
   3382.00000    3.54618    0.11061    0.66174    0.01992
   3383.00000    3.83343    0.11074    0.64654    0.01982
   3384.00000    3.83773    0.11079    0.66521    0.01962
   3385.00000    3.63825    0.10997    0.65229    0.01967
   3386.00000    3.64500    0.11047    0.62351    0.01969
   3387.00000    3.63785    0.10987    0.64477    0.01968
   3388.00000    3.62399    0.11037    0.67679    0.01968
   3389.00000    3.73680    0.11094    0.65092    0.01965
   3390.00000    3.63293    0.11125    0.63376    0.01992
   3391.00000    3.82748    0.11087    0.65287    0.02008
   3392.00000    3.57107    0.11167    0.65181    0.02017
   3393.00000    3.71271    0.11049    0.71394    0.02017
   3394.00000    3.62331    0.10986    0.65895    0.02009
   3395.00000    3.67722    0.10935    0.66948    0.02000
   3396.00000    3.77335    0.10807    0.64532    0.01995
   3397.00000    3.43310    0.10912    0.65009    0.02019
   3398.00000    3.65647    0.10919    0.66110    0.02012
   3399.00000    3.72932    0.11107    0.69732    0.02015
   3400.00000    3.45410    0.11204    0.65486    0.02028
   3401.00000    3.75261    0.11248    0.68352    0.02034
   3402.00000    3.60966    0.11276    0.69481    0.02031
   3403.00000    3.96521    0.11192    0.67260    0.02034
   3404.00000    3.70542    0.11109    0.68657    0.02037
