## Time Delay Challenge light curves
##
## [time]=days, [lc]=[err]=flux in nanomaggies
##
##       time       lc_A      err_A       lc_B      err_B
##-------------------------------------------------------
      0.00000    0.49535    0.01466    1.79902    0.05418
      1.00000    0.50498    0.01480    1.78217    0.05405
      2.00000    0.49135    0.01455    1.77247    0.05426
      3.00000    0.45288    0.01444    1.96441    0.05425
      4.00000    0.49477    0.01453    1.88749    0.05452
      5.00000    0.48177    0.01442    1.87232    0.05468
      6.00000    0.50368    0.01432    1.94126    0.05402
      7.00000    0.49447    0.01439    1.81152    0.05402
      8.00000    0.46972    0.01450    1.85648    0.05369
      9.00000    0.48964    0.01440    1.74896    0.05389
     10.00000    0.48424    0.01432    1.87001    0.05416
     11.00000    0.47570    0.01418    1.69962    0.05399
     12.00000    0.49636    0.01412    1.89812    0.05439
     13.00000    0.47306    0.01408    1.68658    0.05442
     14.00000    0.43385    0.01407    1.91294    0.05478
     15.00000    0.45610    0.01414    1.80602    0.05513
     16.00000    0.47624    0.01425    1.93147    0.05549
     17.00000    0.47393    0.01427    1.80730    0.05466
     18.00000    0.47831    0.01439    1.76161    0.05449
     19.00000    0.49459    0.01434    1.72849    0.05396
     20.00000    0.47059    0.01431    1.68830    0.05448
     21.00000    0.47450    0.01436    1.81730    0.05400
     22.00000    0.51052    0.01449    1.76604    0.05426
     23.00000    0.47506    0.01446    1.84097    0.05447
     24.00000    0.48804    0.01457    1.77129    0.05484
     25.00000    0.48409    0.01444    1.84582    0.05536
     26.00000    0.51121    0.01448    1.91279    0.05476
     27.00000    0.49243    0.01437    1.84384    0.05522
     28.00000    0.43130    0.01418    1.82143    0.05555
     29.00000    0.45555    0.01428    1.95673    0.05631
     30.00000    0.48767    0.01418    2.02978    0.05652
     31.00000    0.49945    0.01430    1.87555    0.05638
     32.00000    0.47469    0.01436    1.82361    0.05559
     33.00000    0.47342    0.01429    1.86107    0.05506
     34.00000    0.46138    0.01414    1.77220    0.05446
     35.00000    0.46486    0.01412    1.73611    0.05368
     36.00000    0.47440    0.01422    1.65447    0.05352
     37.00000    0.45592    0.01409    1.84303    0.05377
     38.00000    0.45872    0.01425    1.80027    0.05435
     39.00000    0.45090    0.01420    1.71015    0.05468
     40.00000    0.47951    0.01427    1.75392    0.05432
     41.00000    0.48534    0.01434    1.82369    0.05380
     42.00000    0.47624    0.01439    1.78672    0.05358
     43.00000    0.47307    0.01434    1.74420    0.05309
     44.00000    0.50295    0.01427    1.82134    0.05379
     45.00000    0.46275    0.01427    1.85458    0.05395
     46.00000    0.47827    0.01426    1.76856    0.05325
     47.00000    0.45093    0.01426    1.74585    0.05293
     48.00000    0.48726    0.01414    1.80994    0.05326
     49.00000    0.46893    0.01420    1.69528    0.05229
     50.00000    0.45225    0.01425    1.76088    0.05273
     51.00000    0.47314    0.01423    1.81955    0.05243
     52.00000    0.47266    0.01428    1.66855    0.05210
     53.00000    0.48996    0.01412    1.72261    0.05221
     54.00000    0.47878    0.01394    1.73197    0.05234
     55.00000    0.46431    0.01403    1.77811    0.05313
     56.00000    0.46490    0.01406    1.78709    0.05319
     57.00000    0.50152    0.01412    1.74082    0.05344
     58.00000    0.48634    0.01398    1.82716    0.05294
     59.00000    0.47884    0.01412    1.72680    0.05264
     60.00000    0.46527    0.01423    1.76718    0.05226
     61.00000    0.48230    0.01425    1.67782    0.05267
     62.00000    0.48685    0.01420    1.68032    0.05247
     63.00000    0.46060    0.01419    1.71253    0.05256
     64.00000    0.46273    0.01427    1.74258    0.05269
     65.00000    0.47109    0.01429    1.70156    0.05297
     66.00000    0.51106    0.01434    1.75929    0.05288
     67.00000    0.47120    0.01432    1.74989    0.05278
     68.00000    0.47304    0.01433    1.82082    0.05265
     69.00000    0.50170    0.01436    1.74361    0.05281
     70.00000    0.47257    0.01433    1.72743    0.05297
     71.00000    0.45320    0.01450    1.76133    0.05269
     72.00000    0.46983    0.01470    1.78727    0.05286
     73.00000    0.49019    0.01472    1.77000    0.05213
     74.00000    0.48020    0.01458    1.76602    0.05198
     75.00000    0.48438    0.01451    1.77343    0.05182
     76.00000    0.47155    0.01430    1.74902    0.05128
     77.00000    0.49976    0.01435    1.70985    0.05089
     78.00000    0.49161    0.01438    1.72271    0.05024
     79.00000    0.46859    0.01436    1.66768    0.05073
     80.00000    0.46886    0.01450    1.81244    0.05197
     81.00000    0.47794    0.01442    1.76832    0.05259
     82.00000    0.49598    0.01455    1.72710    0.05294
     83.00000    0.51123    0.01462    1.76113    0.05333
     84.00000    0.47733    0.01461    1.82449    0.05315
     85.00000    0.51480    0.01472    1.79217    0.05259
     86.00000    0.46808    0.01465    1.74794    0.05218
     87.00000    0.46185    0.01468    1.67723    0.05253
     88.00000    0.50723    0.01467    1.69792    0.05229
     89.00000    0.47130    0.01465    1.75980    0.05196
     90.00000    0.49101    0.01443    1.70360    0.05220
     91.00000    0.48674    0.01430    1.69148    0.05236
     92.00000    0.45954    0.01410    1.73795    0.05207
     93.00000    0.50160    0.01434    1.67971    0.05179
     94.00000    0.44648    0.01428    1.68359    0.05103
     95.00000    0.45790    0.01432    1.64123    0.05116
     96.00000    0.46708    0.01425    1.76824    0.05071
     97.00000    0.46767    0.01431    1.64341    0.05106
     98.00000    0.48015    0.01426    1.68586    0.05109
     99.00000    0.45280    0.01420    1.69987    0.05164
    100.00000    0.47641    0.01426    1.66525    0.05174
    101.00000    0.48789    0.01428    1.72879    0.05198
    102.00000    0.46329    0.01416    1.63556    0.05217
    103.00000    0.44739    0.01397    1.76482    0.05167
    104.00000    0.47756    0.01404    1.66731    0.05185
    105.00000    0.46100    0.01401    1.73797    0.05233
    106.00000    0.45604    0.01417    1.70918    0.05252
    107.00000    0.49974    0.01422    1.77837    0.05275
    108.00000    0.49056    0.01443    1.76081    0.05204
    109.00000    0.47655    0.01439    1.69989    0.05215
    110.00000    0.48319    0.01454    1.71093    0.05170
    111.00000    0.49055    0.01438    1.81976    0.05153
    112.00000    0.47950    0.01424    1.74499    0.05143
    113.00000    0.48787    0.01415    1.74516    0.05116
    114.00000    0.49509    0.01434    1.72680    0.05160
    115.00000    0.46063    0.01432    1.68046    0.05174
    116.00000    0.46282    0.01435    1.68807    0.05164
    117.00000    0.46917    0.01417    1.69066    0.05090
    118.00000    0.48990    0.01412    1.72729    0.05088
    119.00000    0.44040    0.01393    1.74220    0.05148
    365.00000    0.47619    0.01458    1.48040    0.04504
    366.00000    0.48402    0.01471    1.46126    0.04474
    367.00000    0.49319    0.01472    1.46075    0.04499
    368.00000    0.51046    0.01478    1.54950    0.04517
    369.00000    0.48339    0.01459    1.54640    0.04505
    370.00000    0.48227    0.01474    1.48882    0.04520
    371.00000    0.48838    0.01460    1.49323    0.04543
    372.00000    0.48435    0.01450    1.56028    0.04606
    373.00000    0.51548    0.01463    1.44502    0.04638
    374.00000    0.47494    0.01461    1.60506    0.04619
    375.00000    0.48890    0.01463    1.50088    0.04593
    376.00000    0.48737    0.01475    1.61713    0.04578
    377.00000    0.50833    0.01473    1.49415    0.04510
    378.00000    0.46929    0.01481    1.46836    0.04413
    379.00000    0.49332    0.01459    1.36621    0.04441
    380.00000    0.46807    0.01458    1.38292    0.04426
    381.00000    0.45788    0.01443    1.37275    0.04417
    382.00000    0.50979    0.01451    1.52057    0.04424
    383.00000    0.47300    0.01474    1.41902    0.04382
    384.00000    0.50527    0.01488    1.43907    0.04418
    385.00000    0.52152    0.01494    1.52451    0.04439
    386.00000    0.50547    0.01496    1.41203    0.04421
    387.00000    0.50386    0.01488    1.47538    0.04444
    388.00000    0.51496    0.01490    1.42279    0.04460
    389.00000    0.48113    0.01451    1.48370    0.04526
    390.00000    0.49720    0.01431    1.55557    0.04518
    391.00000    0.46075    0.01409    1.46054    0.04530
    392.00000    0.46276    0.01406    1.50945    0.04542
    393.00000    0.46772    0.01402    1.53481    0.04555
    394.00000    0.47097    0.01401    1.55268    0.04506
    395.00000    0.47781    0.01397    1.46426    0.04507
    396.00000    0.46344    0.01410    1.58489    0.04489
    397.00000    0.47659    0.01410    1.51357    0.04444
    398.00000    0.48448    0.01418    1.48913    0.04432
    399.00000    0.46576    0.01402    1.48564    0.04397
    400.00000    0.46349    0.01407    1.51827    0.04455
    401.00000    0.48049    0.01399    1.45343    0.04494
    402.00000    0.45926    0.01395    1.56134    0.04546
    403.00000    0.43920    0.01388    1.54895    0.04600
    404.00000    0.48233    0.01384    1.52782    0.04597
    405.00000    0.43288    0.01390    1.54444    0.04578
    406.00000    0.46301    0.01383    1.51044    0.04608
    407.00000    0.44100    0.01386    1.51754    0.04596
    408.00000    0.49786    0.01377    1.57324    0.04669
    409.00000    0.44997    0.01378    1.60424    0.04712
    410.00000    0.45424    0.01385    1.64304    0.04755
    411.00000    0.46707    0.01381    1.61192    0.04775
    412.00000    0.46304    0.01387    1.68528    0.04749
    413.00000    0.45317    0.01412    1.53975    0.04738
    414.00000    0.46727    0.01412    1.58235    0.04802
    415.00000    0.46302    0.01405    1.61511    0.04809
    416.00000    0.44631    0.01414    1.58458    0.04844
    417.00000    0.48344    0.01439    1.60863    0.04819
    418.00000    0.49120    0.01429    1.61315    0.04765
    419.00000    0.44535    0.01405    1.51167    0.04798
    420.00000    0.45995    0.01418    1.50821    0.04815
    421.00000    0.45718    0.01407    1.62842    0.04837
    422.00000    0.45085    0.01403    1.59121    0.04834
    423.00000    0.47586    0.01392    1.59492    0.04823
    424.00000    0.47375    0.01406    1.63550    0.04860
    425.00000    0.45770    0.01391    1.65365    0.04955
    426.00000    0.46431    0.01380    1.65785    0.05054
    427.00000    0.45995    0.01375    1.65423    0.05038
    428.00000    0.46167    0.01396    1.72853    0.05147
    429.00000    0.48472    0.01372    1.77295    0.05139
    430.00000    0.43590    0.01359    1.70079    0.05190
    431.00000    0.45053    0.01353    1.67700    0.05204
    432.00000    0.47711    0.01349    1.76727    0.05247
    433.00000    0.47140    0.01361    1.78445    0.05344
    434.00000    0.44905    0.01354    1.78854    0.05283
    435.00000    0.43102    0.01336    1.80551    0.05201
    436.00000    0.42867    0.01320    1.65820    0.05166
    437.00000    0.41851    0.01316    1.69016    0.05213
    438.00000    0.46244    0.01313    1.77744    0.05241
    439.00000    0.42953    0.01317    1.73807    0.05285
    440.00000    0.42860    0.01317    1.77292    0.05269
    441.00000    0.41016    0.01316    1.77428    0.05249
    442.00000    0.43068    0.01314    1.82517    0.05283
    443.00000    0.43187    0.01326    1.75774    0.05302
    444.00000    0.45881    0.01313    1.73156    0.05318
    445.00000    0.44485    0.01296    1.64456    0.05244
    446.00000    0.42061    0.01294    1.84178    0.05296
    447.00000    0.43501    0.01287    1.75085    0.05325
    448.00000    0.41621    0.01297    1.74061    0.05289
    449.00000    0.41812    0.01295    1.77249    0.05268
    450.00000    0.42259    0.01286    1.75425    0.05324
    451.00000    0.43756    0.01287    1.79633    0.05343
    452.00000    0.42829    0.01275    1.78580    0.05327
    453.00000    0.40735    0.01277    1.77076    0.05297
    454.00000    0.43324    0.01296    1.71381    0.05271
    455.00000    0.43761    0.01305    1.73546    0.05254
    456.00000    0.44941    0.01340    1.68393    0.05282
    457.00000    0.42661    0.01338    1.82636    0.05261
    458.00000    0.48846    0.01344    1.75593    0.05297
    459.00000    0.44014    0.01321    1.82858    0.05357
    460.00000    0.44681    0.01317    1.79526    0.05329
    461.00000    0.45982    0.01310    1.81741    0.05356
    462.00000    0.42698    0.01299    1.71031    0.05282
    463.00000    0.42615    0.01274    1.79404    0.05262
    464.00000    0.43662    0.01286    1.76478    0.05238
    465.00000    0.42338    0.01282    1.74221    0.05266
    466.00000    0.42971    0.01290    1.73521    0.05370
    467.00000    0.44381    0.01287    1.87204    0.05395
    468.00000    0.44468    0.01290    1.80731    0.05414
    469.00000    0.43024    0.01298    1.81904    0.05405
    470.00000    0.43319    0.01285    1.79489    0.05378
    471.00000    0.45445    0.01294    1.73456    0.05356
    472.00000    0.45899    0.01304    1.81259    0.05227
    473.00000    0.45423    0.01309    1.81131    0.05178
    474.00000    0.44224    0.01302    1.75912    0.05110
    475.00000    0.42635    0.01289    1.65753    0.05055
    476.00000    0.41956    0.01273    1.67468    0.05075
    477.00000    0.42165    0.01260    1.70764    0.05076
    478.00000    0.43106    0.01261    1.70952    0.05050
    479.00000    0.43218    0.01241    1.69357    0.05106
    480.00000    0.41491    0.01256    1.74219    0.05090
    481.00000    0.41990    0.01251    1.55922    0.05112
    482.00000    0.43203    0.01257    1.72243    0.05082
    483.00000    0.42002    0.01257    1.61301    0.05099
    484.00000    0.40146    0.01253    1.77397    0.05058
    730.00000    0.46751    0.01408    1.69667    0.05321
    731.00000    0.46409    0.01424    1.77823    0.05357
    732.00000    0.47437    0.01413    1.74801    0.05460
    733.00000    0.48424    0.01418    1.75546    0.05425
    734.00000    0.48881    0.01428    1.88997    0.05419
    735.00000    0.44746    0.01439    1.79735    0.05475
    736.00000    0.46929    0.01444    1.81776    0.05531
    737.00000    0.48001    0.01449    1.90456    0.05565
    738.00000    0.48940    0.01452    1.88073    0.05554
    739.00000    0.48542    0.01435    1.93393    0.05570
    740.00000    0.44725    0.01430    1.91876    0.05712
    741.00000    0.46622    0.01444    1.83495    0.05789
    742.00000    0.48255    0.01448    1.92391    0.05890
    743.00000    0.48623    0.01444    1.82140    0.05782
    744.00000    0.50184    0.01462    1.97328    0.05829
    745.00000    0.47014    0.01467    1.90173    0.05811
    746.00000    0.47494    0.01480    1.98139    0.05796
    747.00000    0.46896    0.01487    1.91562    0.05817
    748.00000    0.48448    0.01484    1.92580    0.05763
    749.00000    0.46241    0.01456    1.87070    0.05687
    750.00000    0.51806    0.01451    1.75642    0.05559
    751.00000    0.47948    0.01475    1.85608    0.05557
    752.00000    0.50757    0.01500    1.86903    0.05541
    753.00000    0.49517    0.01517    1.84979    0.05662
    754.00000    0.50788    0.01526    1.77697    0.05640
    755.00000    0.50608    0.01515    1.82680    0.05603
    756.00000    0.48873    0.01513    1.90779    0.05587
    757.00000    0.52043    0.01527    1.97716    0.05550
    758.00000    0.50028    0.01533    1.81820    0.05519
    759.00000    0.51417    0.01519    1.79093    0.05516
    760.00000    0.52629    0.01517    1.79780    0.05503
    761.00000    0.51715    0.01506    1.81935    0.05396
    762.00000    0.48599    0.01505    1.72323    0.05389
    763.00000    0.52560    0.01516    1.72214    0.05404
    764.00000    0.47639    0.01493    1.81241    0.05436
    765.00000    0.49165    0.01482    1.74184    0.05493
    766.00000    0.46422    0.01485    1.71438    0.05399
    767.00000    0.48820    0.01479    1.73771    0.05414
    768.00000    0.47829    0.01508    1.81376    0.05494
    769.00000    0.49364    0.01503    1.76422    0.05518
    770.00000    0.53678    0.01498    1.88945    0.05439
    771.00000    0.51169    0.01490    1.83832    0.05432
    772.00000    0.50161    0.01476    1.75590    0.05422
    773.00000    0.47758    0.01489    1.86498    0.05445
    774.00000    0.48666    0.01492    1.75068    0.05427
    775.00000    0.47253    0.01493    1.80046    0.05422
    776.00000    0.51553    0.01489    1.82059    0.05417
    777.00000    0.49708    0.01501    1.73395    0.05322
    778.00000    0.49002    0.01512    1.79491    0.05267
    779.00000    0.49107    0.01504    1.76621    0.05335
    780.00000    0.52570    0.01511    1.82657    0.05302
    781.00000    0.53330    0.01529    1.85598    0.05351
    782.00000    0.51900    0.01530    1.75434    0.05310
    783.00000    0.50684    0.01528    1.76290    0.05279
    784.00000    0.52219    0.01546    1.66349    0.05301
    785.00000    0.51812    0.01569    1.82105    0.05340
    786.00000    0.51521    0.01548    1.81155    0.05338
    787.00000    0.53564    0.01559    1.70178    0.05303
    788.00000    0.55454    0.01561    1.78620    0.05251
    789.00000    0.49949    0.01561    1.85615    0.05358
    790.00000    0.52054    0.01560    1.78494    0.05277
    791.00000    0.54160    0.01563    1.84928    0.05331
    792.00000    0.49847    0.01572    1.78351    0.05247
    793.00000    0.54207    0.01564    1.76963    0.05223
    794.00000    0.51333    0.01552    1.73097    0.05246
    795.00000    0.53199    0.01550    1.79112    0.05285
    796.00000    0.51312    0.01553    1.73969    0.05241
    797.00000    0.52174    0.01542    1.76129    0.05153
    798.00000    0.50287    0.01521    1.84326    0.05212
    799.00000    0.50053    0.01536    1.80296    0.05262
    800.00000    0.50274    0.01527    1.75343    0.05238
    801.00000    0.50267    0.01509    1.75813    0.05222
    802.00000    0.50868    0.01504    1.73494    0.05179
    803.00000    0.51375    0.01511    1.75533    0.05131
    804.00000    0.52946    0.01518    1.72211    0.05130
    805.00000    0.49352    0.01511    1.78660    0.05118
    806.00000    0.49641    0.01499    1.72070    0.05186
    807.00000    0.47302    0.01484    1.71836    0.05137
    808.00000    0.49793    0.01477    1.75105    0.05160
    809.00000    0.48988    0.01465    1.79456    0.05187
    810.00000    0.48138    0.01464    1.68303    0.05172
    811.00000    0.47419    0.01460    1.66498    0.05132
    812.00000    0.51392    0.01478    1.68104    0.05129
    813.00000    0.47394    0.01488    1.70741    0.05107
    814.00000    0.48654    0.01486    1.66095    0.05142
    815.00000    0.50506    0.01477    1.73217    0.05110
    816.00000    0.51461    0.01482    1.62006    0.05134
    817.00000    0.45461    0.01480    1.70882    0.05160
    818.00000    0.50442    0.01485    1.70274    0.05218
    819.00000    0.50357    0.01506    1.66268    0.05222
    820.00000    0.50748    0.01492    1.80241    0.05262
    821.00000    0.48973    0.01500    1.76577    0.05266
    822.00000    0.51923    0.01505    1.81446    0.05203
    823.00000    0.54371    0.01502    1.67498    0.05200
    824.00000    0.46122    0.01499    1.83657    0.05234
    825.00000    0.53212    0.01507    1.76417    0.05243
    826.00000    0.49874    0.01508    1.75075    0.05184
    827.00000    0.49584    0.01496    1.75771    0.05281
    828.00000    0.49942    0.01496    1.71126    0.05299
    829.00000    0.50744    0.01498    1.81515    0.05359
    830.00000    0.49330    0.01504    1.80792    0.05365
    831.00000    0.49457    0.01495    1.83183    0.05356
    832.00000    0.50662    0.01503    1.75827    0.05269
    833.00000    0.50418    0.01496    1.78048    0.05230
    834.00000    0.50103    0.01489    1.62830    0.05361
    835.00000    0.46715    0.01470    1.77967    0.05447
    836.00000    0.46803    0.01479    1.82308    0.05534
    837.00000    0.49368    0.01459    1.86393    0.05491
    838.00000    0.49524    0.01468    1.79952    0.05456
    839.00000    0.48991    0.01482    1.85008    0.05479
    840.00000    0.51334    0.01483    1.81869    0.05527
    841.00000    0.49812    0.01467    1.84768    0.05520
    842.00000    0.47337    0.01450    1.80240    0.05497
    843.00000    0.47671    0.01451    1.88178    0.05466
    844.00000    0.45246    0.01448    1.78297    0.05451
    845.00000    0.48181    0.01444    1.72465    0.05431
    846.00000    0.49567    0.01457    1.79630    0.05472
    847.00000    0.48348    0.01472    1.77433    0.05376
    848.00000    0.48031    0.01473    1.89461    0.05388
    849.00000    0.49326    0.01463    1.73833    0.05356
   1095.00000    0.41987    0.01312    1.35906    0.04327
   1096.00000    0.42710    0.01316    1.49628    0.04305
   1097.00000    0.42729    0.01327    1.40064    0.04289
   1098.00000    0.43154    0.01323    1.39178    0.04297
   1099.00000    0.43125    0.01329    1.50055    0.04341
   1100.00000    0.42857    0.01304    1.47294    0.04302
   1101.00000    0.42362    0.01308    1.41311    0.04319
   1102.00000    0.44593    0.01318    1.49644    0.04335
   1103.00000    0.41271    0.01296    1.40141    0.04341
   1104.00000    0.41830    0.01273    1.46465    0.04262
   1105.00000    0.41223    0.01278    1.47315    0.04247
   1106.00000    0.43617    0.01284    1.42355    0.04302
   1107.00000    0.41830    0.01286    1.42907    0.04297
   1108.00000    0.43425    0.01296    1.43147    0.04300
   1109.00000    0.45149    0.01310    1.43306    0.04304
   1110.00000    0.42969    0.01322    1.48695    0.04372
   1111.00000    0.42175    0.01320    1.45262    0.04369
   1112.00000    0.43291    0.01298    1.49234    0.04384
   1113.00000    0.43985    0.01285    1.51643    0.04394
   1114.00000    0.44066    0.01278    1.54306    0.04387
   1115.00000    0.43029    0.01275    1.45726    0.04400
   1116.00000    0.40663    0.01261    1.48923    0.04367
   1117.00000    0.41305    0.01245    1.48871    0.04342
   1118.00000    0.42286    0.01242    1.46289    0.04411
   1119.00000    0.41431    0.01251    1.43885    0.04425
   1120.00000    0.41699    0.01250    1.40484    0.04415
   1121.00000    0.42114    0.01244    1.46099    0.04392
   1122.00000    0.41589    0.01230    1.54525    0.04484
   1123.00000    0.39275    0.01230    1.52310    0.04451
   1124.00000    0.41116    0.01246    1.49199    0.04496
   1125.00000    0.42838    0.01257    1.50815    0.04498
   1126.00000    0.39521    0.01249    1.48351    0.04496
   1127.00000    0.43616    0.01257    1.40844    0.04474
   1128.00000    0.40091    0.01241    1.45179    0.04502
   1129.00000    0.41530    0.01231    1.48118    0.04480
   1130.00000    0.41670    0.01230    1.49161    0.04498
   1131.00000    0.38623    0.01220    1.52518    0.04516
   1132.00000    0.40827    0.01203    1.37676    0.04434
   1133.00000    0.40781    0.01198    1.49675    0.04448
   1134.00000    0.37900    0.01195    1.43618    0.04465
   1135.00000    0.38984    0.01201    1.49367    0.04477
   1136.00000    0.41726    0.01203    1.58584    0.04507
   1137.00000    0.37733    0.01214    1.57833    0.04555
   1138.00000    0.39865    0.01210    1.50937    0.04529
   1139.00000    0.39411    0.01226    1.50047    0.04542
   1140.00000    0.39377    0.01225    1.47294    0.04524
   1141.00000    0.41961    0.01218    1.42956    0.04516
   1142.00000    0.39188    0.01230    1.49628    0.04504
   1143.00000    0.39160    0.01227    1.52883    0.04465
   1144.00000    0.42068    0.01265    1.51832    0.04450
   1145.00000    0.41334    0.01259    1.50169    0.04427
   1146.00000    0.42138    0.01253    1.42040    0.04437
   1147.00000    0.41524    0.01247    1.41748    0.04429
   1148.00000    0.42079    0.01238    1.44572    0.04406
   1149.00000    0.42733    0.01243    1.46633    0.04380
   1150.00000    0.42221    0.01248    1.49700    0.04430
   1151.00000    0.40444    0.01263    1.50702    0.04450
   1152.00000    0.41817    0.01247    1.53375    0.04553
   1153.00000    0.42696    0.01249    1.51141    0.04543
   1154.00000    0.42475    0.01259    1.53889    0.04527
   1155.00000    0.40919    0.01257    1.59704    0.04588
   1156.00000    0.43163    0.01236    1.53465    0.04564
   1157.00000    0.43598    0.01227    1.50402    0.04557
   1158.00000    0.38799    0.01210    1.48153    0.04551
   1159.00000    0.40093    0.01207    1.54029    0.04602
   1160.00000    0.39597    0.01219    1.53126    0.04600
   1161.00000    0.40477    0.01231    1.57078    0.04614
   1162.00000    0.42639    0.01241    1.56048    0.04629
   1163.00000    0.40948    0.01244    1.51407    0.04632
   1164.00000    0.42610    0.01242    1.51144    0.04635
   1165.00000    0.40287    0.01231    1.55149    0.04676
   1166.00000    0.42893    0.01240    1.61556    0.04726
   1167.00000    0.40586    0.01220    1.54062    0.04687
   1168.00000    0.41243    0.01209    1.58798    0.04706
   1169.00000    0.41847    0.01209    1.54660    0.04685
   1170.00000    0.40187    0.01210    1.50826    0.04680
   1171.00000    0.40592    0.01209    1.44832    0.04714
   1172.00000    0.39592    0.01201    1.60966    0.04731
   1173.00000    0.41432    0.01197    1.59028    0.04711
   1174.00000    0.41429    0.01218    1.60634    0.04714
   1175.00000    0.41360    0.01212    1.69381    0.04676
   1176.00000    0.40502    0.01199    1.48539    0.04702
   1177.00000    0.38731    0.01186    1.54637    0.04721
   1178.00000    0.39949    0.01188    1.56459    0.04730
   1179.00000    0.39721    0.01184    1.67233    0.04751
   1180.00000    0.40542    0.01172    1.53203    0.04784
   1181.00000    0.38356    0.01164    1.58152    0.04792
   1182.00000    0.38958    0.01162    1.61133    0.04789
   1183.00000    0.39502    0.01162    1.56056    0.04729
   1184.00000    0.37669    0.01170    1.56058    0.04759
   1185.00000    0.39984    0.01161    1.53330    0.04743
   1186.00000    0.38678    0.01152    1.58468    0.04692
   1187.00000    0.38076    0.01153    1.54689    0.04619
   1188.00000    0.36195    0.01143    1.47484    0.04629
   1189.00000    0.37418    0.01146    1.58888    0.04648
   1190.00000    0.37429    0.01150    1.61129    0.04668
   1191.00000    0.36647    0.01141    1.57137    0.04691
   1192.00000    0.38116    0.01147    1.59159    0.04743
   1193.00000    0.39326    0.01145    1.70012    0.04797
   1194.00000    0.38454    0.01147    1.57312    0.04786
   1195.00000    0.37347    0.01155    1.47151    0.04705
   1196.00000    0.38600    0.01164    1.53428    0.04634
   1197.00000    0.40923    0.01180    1.54831    0.04649
   1198.00000    0.37641    0.01191    1.51856    0.04578
   1199.00000    0.39188    0.01214    1.55449    0.04560
   1200.00000    0.39220    0.01226    1.46302    0.04487
   1201.00000    0.40626    0.01230    1.50855    0.04480
   1202.00000    0.40285    0.01232    1.50577    0.04516
   1203.00000    0.39567    0.01220    1.49186    0.04540
   1204.00000    0.41833    0.01226    1.49031    0.04493
   1205.00000    0.39676    0.01226    1.44159    0.04450
   1206.00000    0.41845    0.01235    1.41886    0.04458
   1207.00000    0.41622    0.01248    1.55305    0.04514
   1208.00000    0.42114    0.01263    1.54681    0.04522
   1209.00000    0.41696    0.01254    1.61328    0.04519
   1210.00000    0.40923    0.01264    1.54586    0.04545
   1211.00000    0.41897    0.01260    1.49044    0.04481
   1212.00000    0.42371    0.01272    1.52688    0.04460
   1213.00000    0.45274    0.01304    1.43347    0.04437
   1214.00000    0.43158    0.01291    1.46567    0.04429
   1460.00000    0.48746    0.01447    1.64794    0.05237
   1461.00000    0.48419    0.01444    1.67044    0.05177
   1462.00000    0.48380    0.01446    1.70932    0.05245
   1463.00000    0.48018    0.01459    1.83600    0.05310
   1464.00000    0.48088    0.01428    1.65092    0.05314
   1465.00000    0.51490    0.01445    1.73777    0.05297
   1466.00000    0.51945    0.01453    1.84764    0.05340
   1467.00000    0.50350    0.01496    1.67893    0.05306
   1468.00000    0.50077    0.01494    1.79987    0.05293
   1469.00000    0.48175    0.01497    1.76006    0.05304
   1470.00000    0.48238    0.01510    1.73241    0.05295
   1471.00000    0.48261    0.01520    1.79591    0.05296
   1472.00000    0.52389    0.01522    1.74947    0.05281
   1473.00000    0.50731    0.01490    1.75106    0.05230
   1474.00000    0.48501    0.01493    1.81930    0.05247
   1475.00000    0.48400    0.01476    1.74710    0.05309
   1476.00000    0.50562    0.01484    1.70329    0.05260
   1477.00000    0.49833    0.01506    1.81733    0.05321
   1478.00000    0.49086    0.01493    1.76093    0.05418
   1479.00000    0.50722    0.01480    1.83758    0.05461
   1480.00000    0.48510    0.01486    1.84771    0.05438
   1481.00000    0.50267    0.01484    1.67730    0.05378
   1482.00000    0.49431    0.01500    1.81466    0.05378
   1483.00000    0.51923    0.01499    1.87340    0.05392
   1484.00000    0.49084    0.01495    1.78356    0.05348
   1485.00000    0.52350    0.01502    1.81589    0.05336
   1486.00000    0.53361    0.01496    1.77739    0.05365
   1487.00000    0.49346    0.01488    1.82530    0.05389
   1488.00000    0.48668    0.01493    1.81477    0.05396
   1489.00000    0.50355    0.01497    1.79701    0.05344
   1490.00000    0.47881    0.01489    1.78630    0.05319
   1491.00000    0.48795    0.01499    1.74717    0.05243
   1492.00000    0.48876    0.01499    1.71266    0.05299
   1493.00000    0.50926    0.01504    1.75559    0.05295
   1494.00000    0.49042    0.01496    1.91184    0.05382
   1495.00000    0.50904    0.01485    1.74014    0.05411
   1496.00000    0.50925    0.01489    1.78309    0.05364
   1497.00000    0.49935    0.01491    1.84125    0.05291
   1498.00000    0.50602    0.01502    1.79670    0.05277
   1499.00000    0.51235    0.01512    1.70625    0.05230
   1500.00000    0.54569    0.01514    1.65177    0.05210
   1501.00000    0.50771    0.01515    1.75770    0.05204
   1502.00000    0.49776    0.01525    1.79529    0.05181
   1503.00000    0.55339    0.01527    1.65547    0.05160
   1504.00000    0.53184    0.01510    1.70047    0.05192
   1505.00000    0.48253    0.01501    1.76235    0.05117
   1506.00000    0.48878    0.01512    1.74091    0.05118
   1507.00000    0.49389    0.01523    1.67890    0.05106
   1508.00000    0.51610    0.01531    1.61914    0.05059
   1509.00000    0.50865    0.01524    1.63809    0.05020
   1510.00000    0.49445    0.01530    1.70194    0.04995
   1511.00000    0.52135    0.01547    1.67930    0.05021
   1512.00000    0.52109    0.01539    1.69623    0.05019
   1513.00000    0.53234    0.01527    1.73199    0.04997
   1514.00000    0.50299    0.01510    1.66099    0.04925
   1515.00000    0.51836    0.01512    1.65843    0.04962
   1516.00000    0.50238    0.01490    1.73540    0.04960
   1517.00000    0.52179    0.01486    1.64259    0.04908
   1518.00000    0.48339    0.01502    1.72173    0.04879
   1519.00000    0.49749    0.01492    1.59435    0.04888
   1520.00000    0.50763    0.01495    1.71678    0.04924
   1521.00000    0.49081    0.01483    1.69698    0.04981
   1522.00000    0.49200    0.01492    1.64005    0.05041
   1523.00000    0.46043    0.01513    1.70394    0.05072
   1524.00000    0.49203    0.01521    1.79168    0.05099
   1525.00000    0.52923    0.01527    1.65681    0.05139
   1526.00000    0.52058    0.01519    1.71964    0.05177
   1527.00000    0.49835    0.01520    1.74652    0.05227
   1528.00000    0.50586    0.01511    1.70313    0.05260
   1529.00000    0.48583    0.01510    1.70419    0.05191
   1530.00000    0.49847    0.01508    1.67671    0.05181
   1531.00000    0.50867    0.01523    1.79554    0.05206
   1532.00000    0.49802    0.01518    1.72406    0.05219
   1533.00000    0.50437    0.01499    1.70729    0.05284
   1534.00000    0.50224    0.01497    1.85850    0.05228
   1535.00000    0.51251    0.01493    1.76244    0.05253
   1536.00000    0.46985    0.01488    1.63404    0.05232
   1537.00000    0.48491    0.01498    1.70376    0.05191
   1538.00000    0.52765    0.01494    1.78089    0.05174
   1539.00000    0.51025    0.01507    1.66124    0.05116
   1540.00000    0.51027    0.01516    1.67836    0.05149
   1541.00000    0.48736    0.01519    1.74599    0.05161
   1542.00000    0.52770    0.01529    1.78281    0.05149
   1543.00000    0.48958    0.01518    1.71429    0.05254
   1544.00000    0.48263    0.01535    1.70505    0.05249
   1545.00000    0.52196    0.01551    1.72446    0.05227
   1546.00000    0.54235    0.01544    1.79942    0.05233
   1547.00000    0.53629    0.01537    1.72953    0.05189
   1548.00000    0.49978    0.01529    1.64814    0.05210
   1549.00000    0.53016    0.01528    1.78556    0.05293
   1550.00000    0.51433    0.01548    1.86420    0.05417
   1551.00000    0.49537    0.01540    1.72471    0.05400
   1552.00000    0.54203    0.01552    1.85517    0.05425
   1553.00000    0.49877    0.01535    1.88355    0.05475
   1554.00000    0.49089    0.01527    1.82479    0.05477
   1555.00000    0.50231    0.01537    1.84463    0.05473
   1556.00000    0.52693    0.01529    1.79967    0.05407
   1557.00000    0.55105    0.01544    1.77702    0.05356
   1558.00000    0.49453    0.01532    1.83892    0.05325
   1559.00000    0.51428    0.01519    1.77178    0.05400
   1560.00000    0.53427    0.01498    1.84456    0.05424
   1561.00000    0.48887    0.01488    1.77724    0.05397
   1562.00000    0.49525    0.01486    1.66186    0.05374
   1563.00000    0.51027    0.01486    1.71207    0.05370
   1564.00000    0.47543    0.01488    1.81613    0.05377
   1565.00000    0.48465    0.01481    1.86529    0.05418
   1566.00000    0.49052    0.01481    1.90410    0.05428
   1567.00000    0.49121    0.01489    1.84616    0.05373
   1568.00000    0.48491    0.01501    1.77237    0.05413
   1569.00000    0.49099    0.01504    1.89480    0.05419
   1570.00000    0.45703    0.01492    1.80448    0.05380
   1571.00000    0.51271    0.01510    1.79164    0.05432
   1572.00000    0.50810    0.01517    1.79834    0.05426
   1573.00000    0.48155    0.01520    1.65599    0.05395
   1574.00000    0.48395    0.01493    1.83487    0.05410
   1575.00000    0.46833    0.01508    1.77955    0.05432
   1576.00000    0.48731    0.01515    1.80817    0.05411
   1577.00000    0.51335    0.01506    1.78394    0.05403
   1578.00000    0.49509    0.01510    1.78393    0.05363
   1579.00000    0.48379    0.01510    1.89516    0.05385
   1825.00000    0.56750    0.01590    2.02013    0.06045
   1826.00000    0.53417    0.01581    2.02265    0.06027
   1827.00000    0.51187    0.01580    2.08669    0.05986
   1828.00000    0.53647    0.01588    1.91908    0.05943
   1829.00000    0.52886    0.01576    2.00417    0.05949
   1830.00000    0.52795    0.01576    2.01244    0.05934
   1831.00000    0.53969    0.01571    1.99635    0.05947
   1832.00000    0.52445    0.01558    2.02895    0.05958
   1833.00000    0.53018    0.01574    1.79365    0.05806
   1834.00000    0.52878    0.01577    1.93260    0.05735
   1835.00000    0.55267    0.01584    1.92913    0.05705
   1836.00000    0.51699    0.01568    1.80293    0.05712
   1837.00000    0.49429    0.01536    1.89435    0.05792
   1838.00000    0.51462    0.01532    1.97212    0.05769
   1839.00000    0.53159    0.01531    2.03563    0.05772
   1840.00000    0.51727    0.01532    1.85630    0.05803
   1841.00000    0.49674    0.01510    1.93195    0.05766
   1842.00000    0.49000    0.01514    1.85444    0.05761
   1843.00000    0.47993    0.01500    2.02548    0.05745
   1844.00000    0.47213    0.01490    2.01372    0.05824
   1845.00000    0.50529    0.01495    2.05394    0.05847
   1846.00000    0.48379    0.01481    1.93622    0.05807
   1847.00000    0.50897    0.01506    1.88123    0.05800
   1848.00000    0.51642    0.01488    1.91209    0.05854
   1849.00000    0.51366    0.01480    1.90899    0.05908
   1850.00000    0.50243    0.01478    1.90231    0.05861
   1851.00000    0.51030    0.01490    1.99631    0.05902
   1852.00000    0.49225    0.01484    1.98686    0.05932
   1853.00000    0.51232    0.01491    1.91002    0.05859
   1854.00000    0.49942    0.01494    1.87363    0.05904
   1855.00000    0.50067    0.01500    1.94512    0.05870
   1856.00000    0.50320    0.01515    1.93866    0.05888
   1857.00000    0.48017    0.01492    2.01323    0.05810
   1858.00000    0.49351    0.01514    1.98081    0.05797
   1859.00000    0.50839    0.01513    2.04560    0.05906
   1860.00000    0.48896    0.01523    1.96208    0.05912
   1861.00000    0.49968    0.01520    1.91874    0.05918
   1862.00000    0.47582    0.01507    1.93378    0.05876
   1863.00000    0.50206    0.01512    2.11430    0.05980
   1864.00000    0.51491    0.01498    2.00500    0.05905
   1865.00000    0.48670    0.01514    1.98384    0.05853
   1866.00000    0.47495    0.01496    1.96692    0.05859
   1867.00000    0.51747    0.01513    1.91838    0.05924
   1868.00000    0.51622    0.01533    1.97950    0.06001
   1869.00000    0.50798    0.01525    2.10566    0.05993
   1870.00000    0.50408    0.01539    2.01118    0.05991
   1871.00000    0.51498    0.01530    1.90376    0.05945
   1872.00000    0.50853    0.01514    1.92922    0.05988
   1873.00000    0.48613    0.01510    1.91700    0.05938
   1874.00000    0.51142    0.01511    1.94209    0.05919
   1875.00000    0.50192    0.01487    1.92973    0.05983
   1876.00000    0.50046    0.01494    1.98535    0.06000
   1877.00000    0.50005    0.01496    2.05069    0.05971
   1878.00000    0.48162    0.01493    2.03318    0.05968
   1879.00000    0.48352    0.01498    1.97048    0.05937
   1880.00000    0.49406    0.01506    1.94809    0.05950
   1881.00000    0.49734    0.01497    2.05222    0.05939
   1882.00000    0.49329    0.01494    1.99834    0.05927
   1883.00000    0.48845    0.01469    1.88940    0.05952
   1884.00000    0.48755    0.01475    1.98026    0.06033
   1885.00000    0.50030    0.01488    2.03674    0.05986
   1886.00000    0.48480    0.01472    1.96108    0.05929
   1887.00000    0.50896    0.01474    2.07133    0.05895
   1888.00000    0.48131    0.01472    2.03227    0.05854
   1889.00000    0.50173    0.01488    1.84918    0.05881
   1890.00000    0.50580    0.01465    1.92788    0.05902
   1891.00000    0.51780    0.01477    1.92570    0.05805
   1892.00000    0.47461    0.01454    1.84383    0.05711
   1893.00000    0.49413    0.01448    1.94133    0.05792
   1894.00000    0.48162    0.01449    1.97501    0.05818
   1895.00000    0.46437    0.01442    1.99059    0.05812
   1896.00000    0.46530    0.01443    1.84224    0.05815
   1897.00000    0.47619    0.01434    1.88139    0.05818
   1898.00000    0.46723    0.01437    1.90205    0.05781
   1899.00000    0.48173    0.01445    1.89025    0.05786
   1900.00000    0.51194    0.01468    1.99078    0.05844
   1901.00000    0.47492    0.01477    1.96469    0.05798
   1902.00000    0.49047    0.01459    2.06106    0.05776
   1903.00000    0.47645    0.01456    1.96317    0.05798
   1904.00000    0.47202    0.01472    1.86370    0.05738
   1905.00000    0.46520    0.01477    1.81689    0.05685
   1906.00000    0.50304    0.01477    1.94121    0.05781
   1907.00000    0.50357    0.01479    1.92066    0.05733
   1908.00000    0.47815    0.01461    1.99922    0.05736
   1909.00000    0.47709    0.01467    2.05051    0.05736
   1910.00000    0.48168    0.01458    1.85292    0.05729
   1911.00000    0.48063    0.01456    1.85593    0.05746
   1912.00000    0.48726    0.01469    1.90580    0.05699
   1913.00000    0.49021    0.01481    1.85392    0.05703
   1914.00000    0.52605    0.01479    1.91028    0.05644
   1915.00000    0.47878    0.01485    1.98800    0.05634
   1916.00000    0.49034    0.01472    1.83535    0.05715
   1917.00000    0.48367    0.01455    1.80453    0.05711
   1918.00000    0.49195    0.01465    1.90498    0.05695
   1919.00000    0.49017    0.01458    1.88272    0.05629
   1920.00000    0.47529    0.01460    1.84965    0.05575
   1921.00000    0.50335    0.01471    1.80716    0.05516
   1922.00000    0.47304    0.01462    1.86902    0.05529
   1923.00000    0.49683    0.01464    1.88296    0.05525
   1924.00000    0.52315    0.01446    1.82614    0.05458
   1925.00000    0.46249    0.01440    1.76769    0.05470
   1926.00000    0.48624    0.01438    1.77679    0.05413
   1927.00000    0.49088    0.01436    1.78435    0.05426
   1928.00000    0.49869    0.01455    1.90465    0.05442
   1929.00000    0.48451    0.01451    1.91411    0.05370
   1930.00000    0.51043    0.01458    1.81203    0.05437
   1931.00000    0.50930    0.01459    1.71161    0.05387
   1932.00000    0.48148    0.01453    1.71515    0.05330
   1933.00000    0.45832    0.01443    1.83247    0.05364
   1934.00000    0.49847    0.01447    1.87024    0.05375
   1935.00000    0.46725    0.01439    1.80209    0.05372
   1936.00000    0.48841    0.01443    1.84105    0.05431
   1937.00000    0.46700    0.01428    1.87031    0.05414
   1938.00000    0.47190    0.01441    1.79869    0.05417
   1939.00000    0.47989    0.01449    1.85907    0.05477
   1940.00000    0.47956    0.01447    1.80371    0.05417
   1941.00000    0.47950    0.01449    1.74257    0.05445
   1942.00000    0.48411    0.01445    1.83058    0.05485
   1943.00000    0.46445    0.01434    1.90845    0.05510
   1944.00000    0.49076    0.01436    1.84696    0.05492
   2190.00000    0.53149    0.01518    1.95306    0.05652
   2191.00000    0.50678    0.01509    1.78396    0.05638
   2192.00000    0.51660    0.01514    1.90976    0.05597
   2193.00000    0.49082    0.01516    1.90953    0.05667
   2194.00000    0.50979    0.01520    1.85713    0.05651
   2195.00000    0.49885    0.01528    1.93092    0.05611
   2196.00000    0.50882    0.01528    1.88637    0.05572
   2197.00000    0.49820    0.01516    1.88598    0.05511
   2198.00000    0.49884    0.01495    1.80063    0.05594
   2199.00000    0.50172    0.01514    1.85568    0.05641
   2200.00000    0.50236    0.01498    1.82312    0.05718
   2201.00000    0.50683    0.01517    1.95105    0.05747
   2202.00000    0.49543    0.01513    1.99607    0.05671
   2203.00000    0.52103    0.01531    1.98169    0.05706
   2204.00000    0.54314    0.01532    1.85755    0.05725
   2205.00000    0.50774    0.01546    1.98606    0.05823
   2206.00000    0.50978    0.01564    1.93637    0.05791
   2207.00000    0.52490    0.01574    1.94408    0.05817
   2208.00000    0.54755    0.01562    1.97939    0.05799
   2209.00000    0.52685    0.01558    1.83562    0.05752
   2210.00000    0.51404    0.01565    1.89609    0.05758
   2211.00000    0.53461    0.01578    1.93920    0.05714
   2212.00000    0.52493    0.01578    1.88645    0.05736
   2213.00000    0.54688    0.01600    1.97699    0.05701
   2214.00000    0.51926    0.01595    1.93916    0.05703
   2215.00000    0.52331    0.01573    1.84187    0.05732
   2216.00000    0.55353    0.01600    1.89528    0.05759
   2217.00000    0.54995    0.01579    1.79375    0.05781
   2218.00000    0.52416    0.01566    1.92049    0.05790
   2219.00000    0.55657    0.01564    2.04093    0.05840
   2220.00000    0.52925    0.01566    1.97640    0.05824
   2221.00000    0.53827    0.01566    1.93473    0.05778
   2222.00000    0.52683    0.01574    2.06123    0.05761
   2223.00000    0.53353    0.01569    1.94725    0.05769
   2224.00000    0.49472    0.01571    1.91315    0.05758
   2225.00000    0.51053    0.01565    1.95783    0.05773
   2226.00000    0.51413    0.01549    1.96710    0.05705
   2227.00000    0.52724    0.01539    1.88054    0.05707
   2228.00000    0.49902    0.01531    1.85032    0.05766
   2229.00000    0.49520    0.01521    1.95576    0.05840
   2230.00000    0.53469    0.01527    1.91807    0.05848
   2231.00000    0.53643    0.01532    1.95085    0.05907
   2232.00000    0.51171    0.01529    1.97061    0.05932
   2233.00000    0.52692    0.01513    1.89223    0.05936
   2234.00000    0.51384    0.01502    1.96101    0.05963
   2235.00000    0.48967    0.01501    1.94706    0.06036
   2236.00000    0.49692    0.01502    1.99438    0.05967
   2237.00000    0.53795    0.01510    2.09729    0.06024
   2238.00000    0.48747    0.01507    2.04567    0.06041
   2239.00000    0.48597    0.01503    2.01887    0.06115
   2240.00000    0.52211    0.01506    2.03894    0.06161
   2241.00000    0.50597    0.01484    2.04269    0.06133
   2242.00000    0.51446    0.01475    2.07543    0.06172
   2243.00000    0.48044    0.01481    2.14242    0.06249
   2244.00000    0.44457    0.01474    2.11160    0.06219
   2245.00000    0.50439    0.01449    2.01813    0.06181
   2246.00000    0.48677    0.01464    1.92871    0.06079
   2247.00000    0.48040    0.01457    1.99017    0.06051
   2248.00000    0.48879    0.01454    2.07771    0.06090
   2249.00000    0.48043    0.01450    2.04082    0.05986
   2250.00000    0.50503    0.01479    1.91116    0.05948
   2251.00000    0.45666    0.01469    1.99488    0.05948
   2252.00000    0.46246    0.01467    1.93058    0.05912
   2253.00000    0.48393    0.01470    1.87027    0.05937
   2254.00000    0.48791    0.01477    1.90178    0.05906
   2255.00000    0.49773    0.01463    1.99323    0.05976
   2256.00000    0.46542    0.01461    1.90552    0.05992
   2257.00000    0.48728    0.01475    1.97351    0.06034
   2258.00000    0.50348    0.01496    2.08945    0.06020
   2259.00000    0.49052    0.01502    1.97728    0.05935
   2260.00000    0.49000    0.01497    1.98204    0.05918
   2261.00000    0.48151    0.01476    1.91416    0.05854
   2262.00000    0.47792    0.01469    2.00024    0.05830
   2263.00000    0.47840    0.01465    1.86189    0.05773
   2264.00000    0.48890    0.01458    1.95857    0.05750
   2265.00000    0.49358    0.01468    1.85723    0.05661
   2266.00000    0.50749    0.01483    1.79847    0.05603
   2267.00000    0.49837    0.01496    1.85649    0.05623
   2268.00000    0.47583    0.01505    1.83403    0.05600
   2269.00000    0.52645    0.01509    1.88329    0.05528
   2270.00000    0.49248    0.01493    1.82715    0.05518
   2271.00000    0.51699    0.01496    1.78585    0.05418
   2272.00000    0.50774    0.01499    1.77704    0.05423
   2273.00000    0.52333    0.01492    1.75046    0.05448
   2274.00000    0.49467    0.01493    1.80610    0.05469
   2275.00000    0.49194    0.01482    1.78582    0.05493
   2276.00000    0.49471    0.01494    1.82101    0.05479
   2277.00000    0.50330    0.01460    1.84152    0.05464
   2278.00000    0.46172    0.01452    1.84816    0.05510
   2279.00000    0.48321    0.01441    1.89305    0.05493
   2280.00000    0.49615    0.01435    1.78003    0.05479
   2281.00000    0.50841    0.01439    1.80776    0.05430
   2282.00000    0.45689    0.01427    1.88010    0.05488
   2283.00000    0.49541    0.01413    1.87823    0.05434
   2284.00000    0.48256    0.01431    1.85116    0.05475
   2285.00000    0.47384    0.01438    1.85353    0.05503
   2286.00000    0.47847    0.01432    1.75182    0.05543
   2287.00000    0.46740    0.01414    1.86922    0.05547
   2288.00000    0.47915    0.01416    1.95262    0.05615
   2289.00000    0.50489    0.01442    1.88069    0.05640
   2290.00000    0.49237    0.01431    1.84786    0.05675
   2291.00000    0.47670    0.01416    1.83404    0.05640
   2292.00000    0.48992    0.01427    1.86046    0.05618
   2293.00000    0.45813    0.01414    1.89435    0.05669
   2294.00000    0.47156    0.01404    1.82003    0.05707
   2295.00000    0.46145    0.01388    1.84242    0.05746
   2296.00000    0.45760    0.01409    1.91835    0.05768
   2297.00000    0.47635    0.01415    1.95863    0.05758
   2298.00000    0.49141    0.01395    1.89223    0.05713
   2299.00000    0.47741    0.01393    1.97940    0.05758
   2300.00000    0.48472    0.01389    1.80973    0.05716
   2301.00000    0.43507    0.01384    1.98181    0.05647
   2302.00000    0.45207    0.01391    1.91602    0.05649
   2303.00000    0.47839    0.01377    1.83014    0.05662
   2304.00000    0.48285    0.01381    1.93950    0.05667
   2305.00000    0.45905    0.01372    1.94890    0.05692
   2306.00000    0.45832    0.01384    1.89767    0.05662
   2307.00000    0.45964    0.01410    1.80466    0.05670
   2308.00000    0.50714    0.01422    1.84754    0.05654
   2309.00000    0.45973    0.01403    1.94828    0.05572
   2555.00000    0.47303    0.01439    1.79520    0.05302
   2556.00000    0.47280    0.01428    1.71692    0.05289
   2557.00000    0.49035    0.01424    1.74244    0.05276
   2558.00000    0.47597    0.01443    1.77078    0.05282
   2559.00000    0.49856    0.01432    1.77072    0.05263
   2560.00000    0.46541    0.01422    1.76213    0.05245
   2561.00000    0.47696    0.01438    1.75565    0.05231
   2562.00000    0.49100    0.01416    1.75940    0.05258
   2563.00000    0.48679    0.01432    1.74452    0.05250
   2564.00000    0.48522    0.01427    1.73712    0.05268
   2565.00000    0.47600    0.01424    1.79083    0.05299
   2566.00000    0.47274    0.01415    1.74209    0.05350
   2567.00000    0.48850    0.01422    1.69244    0.05335
   2568.00000    0.46660    0.01417    1.87245    0.05323
   2569.00000    0.47488    0.01419    1.78172    0.05344
   2570.00000    0.44781    0.01424    1.83632    0.05444
   2571.00000    0.47738    0.01411    1.87659    0.05439
   2572.00000    0.49398    0.01423    1.79068    0.05445
   2573.00000    0.48157    0.01421    1.73320    0.05426
   2574.00000    0.45197    0.01413    1.71493    0.05371
   2575.00000    0.47758    0.01414    1.84811    0.05396
   2576.00000    0.45777    0.01405    1.79658    0.05319
   2577.00000    0.45680    0.01391    1.84429    0.05352
   2578.00000    0.46354    0.01388    1.76723    0.05371
   2579.00000    0.46964    0.01382    1.75432    0.05395
   2580.00000    0.48018    0.01368    1.91411    0.05380
   2581.00000    0.45409    0.01364    1.82767    0.05357
   2582.00000    0.42535    0.01335    1.84420    0.05362
   2583.00000    0.42667    0.01321    1.75594    0.05327
   2584.00000    0.44504    0.01331    1.75017    0.05346
   2585.00000    0.45820    0.01329    1.79847    0.05302
   2586.00000    0.42882    0.01329    1.74806    0.05334
   2587.00000    0.47002    0.01333    1.77219    0.05303
   2588.00000    0.44982    0.01321    1.81464    0.05273
   2589.00000    0.44198    0.01319    1.79024    0.05288
   2590.00000    0.43206    0.01330    1.79577    0.05310
   2591.00000    0.44212    0.01327    1.74783    0.05302
   2592.00000    0.46427    0.01338    1.82168    0.05384
   2593.00000    0.45804    0.01345    1.76372    0.05421
   2594.00000    0.43389    0.01364    1.74290    0.05402
   2595.00000    0.46841    0.01362    1.71646    0.05429
   2596.00000    0.44209    0.01373    1.88832    0.05400
   2597.00000    0.43570    0.01357    1.85896    0.05440
   2598.00000    0.45844    0.01368    1.74590    0.05450
   2599.00000    0.45750    0.01372    1.87714    0.05414
   2600.00000    0.44521    0.01379    1.84335    0.05467
   2601.00000    0.44378    0.01370    1.83007    0.05488
   2602.00000    0.43983    0.01353    1.94955    0.05521
   2603.00000    0.45121    0.01363    1.82373    0.05538
   2604.00000    0.46490    0.01363    1.94372    0.05517
   2605.00000    0.43880    0.01366    1.76162    0.05464
   2606.00000    0.45992    0.01378    1.75272    0.05369
   2607.00000    0.47482    0.01408    1.84919    0.05358
   2608.00000    0.46991    0.01420    1.77525    0.05349
   2609.00000    0.48049    0.01421    1.79960    0.05299
   2610.00000    0.48169    0.01441    1.79128    0.05294
   2611.00000    0.44495    0.01425    1.75754    0.05287
   2612.00000    0.47479    0.01424    1.88337    0.05356
   2613.00000    0.48807    0.01422    1.68977    0.05299
   2614.00000    0.47320    0.01419    1.82072    0.05323
   2615.00000    0.47850    0.01424    1.78299    0.05325
   2616.00000    0.45882    0.01439    1.76388    0.05387
   2617.00000    0.46623    0.01454    1.73233    0.05372
   2618.00000    0.49768    0.01446    1.88915    0.05342
   2619.00000    0.50260    0.01439    1.72763    0.05372
   2620.00000    0.49924    0.01463    1.79150    0.05371
   2621.00000    0.50611    0.01463    1.81177    0.05426
   2622.00000    0.48450    0.01464    1.75944    0.05375
   2623.00000    0.46736    0.01476    1.86627    0.05342
   2624.00000    0.48902    0.01469    1.68616    0.05358
   2625.00000    0.48585    0.01466    1.82289    0.05435
   2626.00000    0.48024    0.01471    1.77660    0.05423
   2627.00000    0.48681    0.01452    1.80428    0.05406
   2628.00000    0.47910    0.01460    1.81475    0.05410
   2629.00000    0.46781    0.01441    1.84209    0.05379
   2630.00000    0.48702    0.01435    1.84270    0.05377
   2631.00000    0.48276    0.01439    1.84236    0.05323
   2632.00000    0.50500    0.01448    1.77545    0.05294
   2633.00000    0.48805    0.01441    1.71644    0.05232
   2634.00000    0.48422    0.01434    1.77323    0.05271
   2635.00000    0.46858    0.01413    1.79125    0.05261
   2636.00000    0.45933    0.01404    1.80002    0.05222
   2637.00000    0.49302    0.01410    1.73208    0.05195
   2638.00000    0.47760    0.01406    1.69523    0.05178
   2639.00000    0.46280    0.01423    1.73283    0.05161
   2640.00000    0.49651    0.01433    1.78670    0.05180
   2641.00000    0.46924    0.01426    1.76147    0.05190
   2642.00000    0.47137    0.01429    1.73920    0.05190
   2643.00000    0.49217    0.01420    1.77582    0.05149
   2644.00000    0.46527    0.01414    1.64853    0.05194
   2645.00000    0.49352    0.01414    1.66081    0.05134
   2646.00000    0.49037    0.01410    1.68899    0.05196
   2647.00000    0.46593    0.01408    1.66974    0.05147
   2648.00000    0.47093    0.01423    1.71189    0.05119
   2649.00000    0.48738    0.01424    1.74715    0.05131
   2650.00000    0.45305    0.01432    1.75574    0.05134
   2651.00000    0.49474    0.01445    1.72196    0.05126
   2652.00000    0.48256    0.01429    1.71373    0.05110
   2653.00000    0.48752    0.01460    1.78324    0.05093
   2654.00000    0.47391    0.01467    1.70833    0.05134
   2655.00000    0.51575    0.01483    1.74247    0.05137
   2656.00000    0.48888    0.01480    1.67225    0.05122
   2657.00000    0.47032    0.01471    1.71456    0.05115
   2658.00000    0.48570    0.01474    1.69520    0.05090
   2659.00000    0.49768    0.01472    1.58668    0.05029
   2660.00000    0.48052    0.01477    1.63225    0.05024
   2661.00000    0.48518    0.01454    1.73291    0.05044
   2662.00000    0.49669    0.01448    1.68023    0.04980
   2663.00000    0.45736    0.01440    1.69437    0.04944
   2664.00000    0.48970    0.01450    1.70661    0.04901
   2665.00000    0.48598    0.01458    1.64205    0.04828
   2666.00000    0.49879    0.01470    1.73870    0.04792
   2667.00000    0.47862    0.01467    1.60215    0.04806
   2668.00000    0.49803    0.01468    1.54961    0.04832
   2669.00000    0.47276    0.01462    1.67252    0.04789
   2670.00000    0.50576    0.01489    1.58595    0.04779
   2671.00000    0.48998    0.01475    1.58582    0.04784
   2672.00000    0.52945    0.01487    1.60878    0.04787
   2673.00000    0.50121    0.01482    1.51095    0.04805
   2674.00000    0.50746    0.01468    1.57321    0.04810
   2920.00000    0.43975    0.01340    1.45514    0.04388
   2921.00000    0.45613    0.01344    1.40198    0.04378
   2922.00000    0.44738    0.01351    1.44004    0.04372
   2923.00000    0.43987    0.01347    1.44764    0.04380
   2924.00000    0.45493    0.01356    1.54924    0.04357
   2925.00000    0.44769    0.01367    1.33753    0.04292
   2926.00000    0.44215    0.01357    1.41633    0.04299
   2927.00000    0.45401    0.01362    1.54244    0.04301
   2928.00000    0.45944    0.01368    1.44223    0.04297
   2929.00000    0.42943    0.01358    1.42356    0.04344
   2930.00000    0.43772    0.01359    1.47544    0.04357
   2931.00000    0.44801    0.01355    1.48817    0.04452
   2932.00000    0.46023    0.01359    1.47885    0.04449
   2933.00000    0.43346    0.01338    1.47194    0.04492
   2934.00000    0.44032    0.01350    1.42305    0.04522
   2935.00000    0.43955    0.01352    1.49843    0.04503
   2936.00000    0.44402    0.01345    1.54353    0.04508
   2937.00000    0.45528    0.01335    1.50832    0.04487
   2938.00000    0.45158    0.01327    1.49863    0.04551
   2939.00000    0.42125    0.01310    1.54228    0.04548
   2940.00000    0.42277    0.01301    1.51437    0.04593
   2941.00000    0.43453    0.01302    1.50980    0.04603
   2942.00000    0.43140    0.01293    1.56116    0.04563
   2943.00000    0.42752    0.01288    1.52137    0.04588
   2944.00000    0.43414    0.01290    1.53842    0.04568
   2945.00000    0.42736    0.01290    1.55552    0.04586
   2946.00000    0.44920    0.01285    1.49834    0.04578
   2947.00000    0.42311    0.01286    1.48380    0.04599
   2948.00000    0.42371    0.01294    1.47964    0.04558
   2949.00000    0.43670    0.01297    1.54890    0.04540
   2950.00000    0.41896    0.01307    1.49169    0.04584
   2951.00000    0.42870    0.01313    1.48502    0.04648
   2952.00000    0.43388    0.01310    1.54666    0.04675
   2953.00000    0.42102    0.01308    1.67020    0.04702
   2954.00000    0.42947    0.01322    1.61161    0.04684
   2955.00000    0.47390    0.01342    1.60204    0.04670
   2956.00000    0.42808    0.01355    1.55651    0.04662
   2957.00000    0.43663    0.01354    1.57622    0.04703
   2958.00000    0.45191    0.01349    1.51194    0.04749
   2959.00000    0.45514    0.01353    1.59804    0.04816
   2960.00000    0.45232    0.01357    1.58611    0.04799
   2961.00000    0.45272    0.01351    1.63800    0.04740
   2962.00000    0.46584    0.01350    1.63512    0.04706
   2963.00000    0.46739    0.01372    1.57866    0.04672
   2964.00000    0.45890    0.01376    1.62810    0.04711
   2965.00000    0.46843    0.01375    1.56477    0.04726
   2966.00000    0.48424    0.01379    1.54805    0.04677
   2967.00000    0.42613    0.01366    1.53903    0.04632
   2968.00000    0.43438    0.01359    1.51420    0.04700
   2969.00000    0.45169    0.01375    1.61678    0.04698
   2970.00000    0.44331    0.01370    1.61110    0.04726
   2971.00000    0.46739    0.01350    1.66204    0.04737
   2972.00000    0.44619    0.01351    1.66109    0.04728
   2973.00000    0.47591    0.01366    1.60099    0.04671
   2974.00000    0.49198    0.01381    1.49967    0.04647
   2975.00000    0.45047    0.01361    1.50223    0.04662
   2976.00000    0.47257    0.01352    1.54930    0.04610
   2977.00000    0.45359    0.01363    1.53894    0.04591
   2978.00000    0.44601    0.01363    1.52086    0.04607
   2979.00000    0.45400    0.01362    1.45941    0.04614
   2980.00000    0.44845    0.01382    1.51832    0.04551
   2981.00000    0.46538    0.01379    1.53124    0.04538
   2982.00000    0.47390    0.01364    1.55534    0.04588
   2983.00000    0.42424    0.01346    1.50775    0.04617
   2984.00000    0.45083    0.01334    1.51858    0.04644
   2985.00000    0.45466    0.01343    1.56760    0.04634
   2986.00000    0.44505    0.01343    1.60303    0.04628
   2987.00000    0.42221    0.01339    1.65377    0.04691
   2988.00000    0.43796    0.01319    1.62602    0.04673
   2989.00000    0.44951    0.01317    1.52680    0.04738
   2990.00000    0.45250    0.01311    1.56445    0.04764
   2991.00000    0.45896    0.01330    1.59594    0.04730
   2992.00000    0.45153    0.01324    1.58121    0.04821
   2993.00000    0.42311    0.01320    1.56522    0.04844
   2994.00000    0.43557    0.01317    1.59871    0.04883
   2995.00000    0.44117    0.01327    1.57656    0.04896
   2996.00000    0.44834    0.01328    1.72312    0.04907
   2997.00000    0.44385    0.01324    1.69444    0.04902
   2998.00000    0.44227    0.01323    1.55965    0.04834
   2999.00000    0.45295    0.01344    1.60016    0.04793
   3000.00000    0.45668    0.01367    1.65652    0.04810
   3001.00000    0.46643    0.01390    1.56287    0.04762
   3002.00000    0.44566    0.01406    1.56567    0.04863
   3003.00000    0.45616    0.01401    1.63448    0.04854
   3004.00000    0.48049    0.01410    1.72426    0.04872
   3005.00000    0.49688    0.01421    1.64466    0.04889
   3006.00000    0.47198    0.01441    1.54887    0.04905
   3007.00000    0.47322    0.01418    1.57665    0.04898
   3008.00000    0.45842    0.01405    1.71877    0.04938
   3009.00000    0.46276    0.01398    1.69350    0.04911
   3010.00000    0.47216    0.01409    1.63216    0.04930
   3011.00000    0.44890    0.01410    1.61968    0.04957
   3012.00000    0.46046    0.01415    1.57340    0.04888
   3013.00000    0.48881    0.01406    1.64813    0.04881
   3014.00000    0.47015    0.01409    1.67135    0.04902
   3015.00000    0.48003    0.01417    1.59243    0.04903
   3016.00000    0.47767    0.01406    1.61887    0.04840
   3017.00000    0.46611    0.01411    1.60175    0.04874
   3018.00000    0.48022    0.01403    1.62810    0.04864
   3019.00000    0.48050    0.01405    1.71570    0.04874
   3020.00000    0.45221    0.01406    1.55957    0.04814
   3021.00000    0.44986    0.01412    1.66912    0.04779
   3022.00000    0.46719    0.01427    1.51665    0.04744
   3023.00000    0.46909    0.01434    1.58127    0.04714
   3024.00000    0.46002    0.01446    1.53528    0.04732
   3025.00000    0.48443    0.01431    1.51474    0.04667
   3026.00000    0.48109    0.01417    1.56730    0.04728
   3027.00000    0.47656    0.01429    1.54841    0.04655
   3028.00000    0.46608    0.01432    1.53812    0.04664
   3029.00000    0.47160    0.01420    1.63314    0.04653
   3030.00000    0.43834    0.01404    1.59937    0.04659
   3031.00000    0.47902    0.01390    1.54924    0.04683
   3032.00000    0.48404    0.01381    1.55132    0.04692
   3033.00000    0.45098    0.01382    1.56228    0.04744
   3034.00000    0.46627    0.01377    1.59241    0.04726
   3035.00000    0.47961    0.01380    1.53157    0.04740
   3036.00000    0.46557    0.01382    1.51784    0.04756
   3037.00000    0.46436    0.01389    1.61152    0.04787
   3038.00000    0.46058    0.01371    1.61465    0.04876
   3039.00000    0.45540    0.01388    1.58177    0.04879
   3285.00000    0.54712    0.01616    1.75225    0.05615
   3286.00000    0.55334    0.01621    1.99743    0.05536
   3287.00000    0.53611    0.01612    1.82527    0.05600
   3288.00000    0.52985    0.01591    1.91952    0.05590
   3289.00000    0.51887    0.01577    1.85222    0.05611
   3290.00000    0.52411    0.01583    1.86655    0.05605
   3291.00000    0.54185    0.01580    1.96582    0.05637
   3292.00000    0.51275    0.01580    1.86990    0.05696
   3293.00000    0.52348    0.01578    1.92865    0.05694
   3294.00000    0.54614    0.01578    1.92452    0.05678
   3295.00000    0.51958    0.01569    1.90804    0.05705
   3296.00000    0.52500    0.01547    1.98206    0.05711
   3297.00000    0.49911    0.01543    1.82113    0.05621
   3298.00000    0.52143    0.01521    1.82762    0.05656
   3299.00000    0.49827    0.01512    1.85736    0.05644
   3300.00000    0.49272    0.01508    1.89796    0.05583
   3301.00000    0.50614    0.01515    1.93529    0.05640
   3302.00000    0.52306    0.01535    1.88456    0.05618
   3303.00000    0.50946    0.01541    1.77753    0.05499
   3304.00000    0.50212    0.01532    1.75028    0.05476
   3305.00000    0.48280    0.01516    1.86914    0.05506
   3306.00000    0.50290    0.01519    1.94557    0.05598
   3307.00000    0.54305    0.01529    1.82821    0.05583
   3308.00000    0.55932    0.01539    1.79892    0.05529
   3309.00000    0.47693    0.01527    1.81372    0.05513
   3310.00000    0.52679    0.01541    1.86133    0.05512
   3311.00000    0.51403    0.01527    1.80114    0.05584
   3312.00000    0.50825    0.01543    1.82468    0.05535
   3313.00000    0.49743    0.01532    1.72613    0.05458
   3314.00000    0.52213    0.01539    1.87226    0.05402
   3315.00000    0.48169    0.01544    1.83153    0.05435
   3316.00000    0.54053    0.01528    1.72961    0.05472
   3317.00000    0.49696    0.01510    1.81164    0.05495
   3318.00000    0.50686    0.01496    1.75997    0.05482
   3319.00000    0.49431    0.01489    1.84706    0.05509
   3320.00000    0.49402    0.01488    1.73745    0.05486
   3321.00000    0.49288    0.01494    1.77925    0.05478
   3322.00000    0.51296    0.01502    1.81449    0.05471
   3323.00000    0.50736    0.01514    1.73722    0.05489
   3324.00000    0.50208    0.01512    1.93487    0.05537
   3325.00000    0.49950    0.01488    1.90254    0.05556
   3326.00000    0.50235    0.01475    1.82010    0.05620
   3327.00000    0.49004    0.01464    1.89930    0.05652
   3328.00000    0.46071    0.01450    1.82717    0.05628
   3329.00000    0.49473    0.01462    1.89664    0.05687
   3330.00000    0.50610    0.01465    1.84237    0.05698
   3331.00000    0.48534    0.01475    1.88380    0.05754
   3332.00000    0.51291    0.01496    1.82010    0.05727
   3333.00000    0.49528    0.01492    2.02769    0.05772
   3334.00000    0.50823    0.01467    2.03303    0.05811
   3335.00000    0.47053    0.01467    1.92249    0.05811
   3336.00000    0.48159    0.01445    1.92973    0.05847
   3337.00000    0.50701    0.01459    1.91158    0.05910
   3338.00000    0.48275    0.01439    1.90881    0.05915
   3339.00000    0.48456    0.01436    1.98389    0.05856
   3340.00000    0.48951    0.01440    1.86029    0.05831
   3341.00000    0.50094    0.01435    1.91384    0.05860
   3342.00000    0.44355    0.01422    1.94618    0.05804
   3343.00000    0.44383    0.01417    1.92094    0.05795
   3344.00000    0.46805    0.01401    1.81680    0.05844
   3345.00000    0.43593    0.01389    1.93402    0.05813
   3346.00000    0.49307    0.01399    1.92566    0.05769
   3347.00000    0.44516    0.01393    1.80348    0.05774
   3348.00000    0.45993    0.01397    1.86424    0.05717
   3349.00000    0.45194    0.01396    1.85197    0.05731
   3350.00000    0.48807    0.01396    1.98040    0.05828
   3351.00000    0.49026    0.01415    1.91916    0.05834
   3352.00000    0.46670    0.01420    1.91324    0.05761
   3353.00000    0.49195    0.01420    1.78601    0.05796
   3354.00000    0.44393    0.01413    1.80897    0.05780
   3355.00000    0.47743    0.01404    1.96893    0.05836
   3356.00000    0.47244    0.01411    1.84144    0.05780
   3357.00000    0.46253    0.01410    1.92424    0.05734
   3358.00000    0.45800    0.01407    1.95350    0.05716
   3359.00000    0.45484    0.01389    1.94883    0.05678
   3360.00000    0.47211    0.01397    1.90949    0.05759
   3361.00000    0.45132    0.01407    1.87571    0.05759
   3362.00000    0.46633    0.01415    1.96992    0.05763
   3363.00000    0.44457    0.01415    1.95953    0.05796
   3364.00000    0.45602    0.01412    2.02235    0.05874
   3365.00000    0.46845    0.01411    2.00777    0.05831
   3366.00000    0.48136    0.01419    2.06087    0.05862
   3367.00000    0.50009    0.01421    1.93300    0.05785
   3368.00000    0.49152    0.01429    1.89366    0.05834
   3369.00000    0.46599    0.01420    2.05330    0.05853
   3370.00000    0.47046    0.01429    1.95651    0.05795
   3371.00000    0.46874    0.01433    1.81161    0.05738
   3372.00000    0.46572    0.01436    1.80850    0.05694
   3373.00000    0.48250    0.01428    1.77782    0.05726
   3374.00000    0.47584    0.01423    1.92406    0.05733
   3375.00000    0.45021    0.01406    1.91938    0.05720
   3376.00000    0.46036    0.01399    1.87878    0.05703
   3377.00000    0.46191    0.01405    1.84712    0.05695
   3378.00000    0.48768    0.01384    1.94809    0.05667
   3379.00000    0.47001    0.01384    1.93677    0.05598
   3380.00000    0.46095    0.01386    1.96085    0.05556
   3381.00000    0.44765    0.01381    1.75643    0.05498
   3382.00000    0.45458    0.01412    1.86329    0.05471
   3383.00000    0.46872    0.01408    1.84479    0.05423
   3384.00000    0.46588    0.01400    1.93010    0.05498
   3385.00000    0.50490    0.01424    1.86524    0.05588
   3386.00000    0.49159    0.01435    1.82894    0.05540
   3387.00000    0.45471    0.01432    1.87259    0.05539
   3388.00000    0.46628    0.01431    1.86257    0.05482
   3389.00000    0.48100    0.01434    1.81353    0.05493
   3390.00000    0.52913    0.01454    1.86401    0.05573
   3391.00000    0.47175    0.01473    1.81966    0.05553
   3392.00000    0.48654    0.01468    1.82301    0.05520
   3393.00000    0.49528    0.01457    1.92204    0.05599
   3394.00000    0.47197    0.01466    1.82062    0.05528
   3395.00000    0.49606    0.01464    1.78019    0.05581
   3396.00000    0.50122    0.01483    1.94997    0.05571
   3397.00000    0.50507    0.01476    1.83755    0.05525
   3398.00000    0.45631    0.01463    1.90740    0.05573
   3399.00000    0.47246    0.01455    1.84346    0.05535
   3400.00000    0.49858    0.01457    1.78292    0.05457
   3401.00000    0.47709    0.01443    1.81824    0.05418
   3402.00000    0.48654    0.01440    1.81086    0.05363
   3403.00000    0.49237    0.01441    1.82861    0.05386
   3404.00000    0.46113    0.01435    1.82672    0.05407
