## Time Delay Challenge light curves
##
## [time]=days, [lc]=[err]=flux in nanomaggies
##
##       time       lc_A      err_A       lc_B      err_B
##-------------------------------------------------------
      0.00000    1.04181    0.03188    1.85008    0.05599
     14.00000    1.06090    0.03288    1.92847    0.05809
     28.00000    1.05136    0.03295    1.86855    0.05708
     42.00000    1.19611    0.03469    2.06818    0.06052
     56.00000    1.17212    0.03480    2.10668    0.06099
     70.00000    1.13274    0.03494    2.07000    0.06104
     84.00000    1.14224    0.03632    2.08165    0.06297
     98.00000    1.18596    0.03597    1.97459    0.06257
    112.00000    1.24493    0.03671    2.09846    0.06351
    378.00000    1.24529    0.03816    2.32814    0.06682
    392.00000    1.26109    0.03807    2.20354    0.06626
    406.00000    1.25824    0.03814    2.25294    0.06661
    420.00000    1.31599    0.03786    2.11440    0.06624
    434.00000    1.20364    0.03692    2.04667    0.06431
    448.00000    1.28457    0.03794    2.24141    0.06644
    462.00000    1.22751    0.03671    2.34374    0.06621
    476.00000    1.27801    0.03641    2.13885    0.06400
    742.00000    1.01219    0.03100    1.82165    0.05462
    756.00000    0.99672    0.03067    1.88094    0.05377
    770.00000    1.01160    0.03096    1.79190    0.05399
    784.00000    1.04039    0.03077    1.86018    0.05410
    798.00000    0.95010    0.02944    1.72763    0.05180
    812.00000    0.88702    0.02839    1.63000    0.05030
    826.00000    0.95947    0.02822    1.70581    0.05012
    840.00000    0.96818    0.02861    1.68292    0.04966
   1106.00000    0.81691    0.02464    1.49541    0.04357
   1120.00000    0.81283    0.02565    1.51312    0.04465
   1134.00000    0.87516    0.02691    1.46074    0.04731
   1148.00000    0.96608    0.02682    1.45746    0.04711
   1162.00000    0.88644    0.02712    1.63344    0.04731
   1176.00000    0.94220    0.02689    1.50959    0.04662
   1190.00000    0.95260    0.02726    1.50434    0.04769
   1204.00000    0.85927    0.02762    1.62121    0.04818
   1470.00000    0.90505    0.02904    1.72016    0.05156
   1484.00000    0.95936    0.02963    1.70806    0.05159
   1498.00000    0.92702    0.02906    1.79004    0.05151
   1512.00000    0.97759    0.02925    1.60740    0.05055
   1526.00000    1.01951    0.02997    1.75099    0.05287
   1540.00000    1.05410    0.03054    1.78334    0.05395
   1554.00000    0.98173    0.03004    1.73628    0.05297
   1568.00000    0.98063    0.02957    1.71369    0.05150
   1834.00000    1.32623    0.03922    2.46507    0.06952
   1848.00000    1.35791    0.03943    2.28908    0.06849
   1862.00000    1.36630    0.04071    2.27352    0.07030
   1876.00000    1.37612    0.04158    2.29180    0.07222
   1890.00000    1.29586    0.04188    2.38739    0.07333
   1904.00000    1.46502    0.04241    2.51710    0.07492
   1918.00000    1.40041    0.04191    2.47727    0.07385
   1932.00000    1.39867    0.04070    2.45086    0.07102
   2198.00000    1.29284    0.03949    2.43948    0.06932
   2212.00000    1.33701    0.03872    2.22578    0.06816
   2226.00000    1.39923    0.04000    2.32933    0.06968
   2240.00000    1.24159    0.03822    2.33840    0.06714
   2254.00000    1.26861    0.03732    2.09392    0.06554
   2268.00000    1.29956    0.03793    2.19500    0.06579
   2282.00000    1.19326    0.03800    2.28835    0.06717
   2296.00000    1.22910    0.03733    2.13498    0.06621
   2562.00000    1.24990    0.03827    2.34676    0.06678
   2576.00000    1.23884    0.03757    2.15349    0.06625
   2590.00000    1.27987    0.03822    2.32744    0.06670
   2604.00000    1.11250    0.03627    2.20258    0.06364
   2618.00000    1.24321    0.03701    2.11696    0.06539
   2632.00000    1.23912    0.03755    2.19037    0.06553
   2646.00000    1.22933    0.03812    2.17976    0.06681
   2660.00000    1.30736    0.03945    2.31076    0.06879
   2674.00000    1.35184    0.04006    2.36381    0.06914
   2926.00000    1.39699    0.03998    2.31396    0.06933
   2940.00000    1.37405    0.03948    2.36989    0.06887
   2954.00000    1.28631    0.03869    2.31167    0.06773
   2968.00000    1.34053    0.03990    2.21657    0.06914
   2982.00000    1.30663    0.04011    2.36043    0.07069
   2996.00000    1.31540    0.04021    2.39435    0.07078
   3010.00000    1.29079    0.03929    2.43184    0.06946
   3024.00000    1.41130    0.04079    2.25906    0.07160
   3038.00000    1.32440    0.03984    2.37950    0.06964
   3290.00000    1.23049    0.03716    2.19762    0.06496
   3304.00000    1.22861    0.03867    2.21399    0.06779
   3318.00000    1.30092    0.03784    2.32106    0.06554
   3332.00000    1.34284    0.04087    2.36920    0.07143
   3346.00000    1.34421    0.04105    2.36541    0.07184
   3360.00000    1.40709    0.04081    2.44652    0.07278
   3374.00000    1.33517    0.04143    2.50188    0.07218
   3388.00000    1.33393    0.03968    2.40248    0.06892
   3402.00000    1.28455    0.04015    2.38960    0.07085
