## Time Delay Challenge light curves
##
## [time]=days, [lc]=[err]=flux in nanomaggies
##
##       time       lc_A      err_A       lc_B      err_B
##-------------------------------------------------------
      0.00000    8.64764    0.25755   10.84744    0.32586
     14.00000    8.14567    0.24997   10.88330    0.32642
     28.00000    7.84795    0.24701   10.45002    0.31575
     42.00000    7.89227    0.24011    9.86830    0.30823
     56.00000    8.10670    0.24580   10.80615    0.32285
     70.00000    7.86420    0.24536   10.33945    0.30680
     84.00000    8.67382    0.25798   10.55450    0.31652
     98.00000    8.89833    0.25933   10.80809    0.32469
    112.00000    8.18229    0.24200   10.35162    0.31743
    378.00000    8.51955    0.25218   10.05711    0.32029
    392.00000    8.84205    0.25941   10.34158    0.31810
    406.00000    8.62368    0.26273   10.25062    0.31463
    420.00000    8.59538    0.26344    9.76148    0.29526
    434.00000    8.97250    0.27265    9.41788    0.28041
    448.00000    8.44382    0.25509    9.86965    0.27921
    462.00000    9.21815    0.26226    9.69427    0.28403
    476.00000    7.79401    0.24950    9.85646    0.29625
    742.00000    8.21450    0.23901    9.69753    0.30394
    756.00000    7.61132    0.23861   10.27398    0.30851
    770.00000    8.03451    0.24306   10.88692    0.31600
    784.00000    8.08258    0.24205   11.64616    0.32915
    798.00000    7.37318    0.23023   10.25870    0.31319
    812.00000    7.18012    0.21541   10.60220    0.32556
    826.00000    7.67007    0.22171    9.92747    0.31195
    840.00000    7.13645    0.21530   10.53824    0.30913
   1106.00000    8.54036    0.24567    9.51135    0.28757
   1120.00000    7.89675    0.24266    9.38763    0.28638
   1134.00000    8.53036    0.25822   10.13902    0.29686
   1148.00000    8.81742    0.25710    9.53957    0.28939
   1162.00000    7.90647    0.24506    9.16121    0.28601
   1176.00000    7.82876    0.24368    9.34007    0.27514
   1190.00000    8.43211    0.24817    9.35062    0.27692
   1204.00000    8.18737    0.24520    9.05958    0.27473
   1470.00000    8.61902    0.24802    9.38380    0.27864
   1484.00000    8.37732    0.26024    9.43098    0.28772
   1498.00000    8.34344    0.24869    9.56463    0.28227
   1512.00000    8.55134    0.24961    9.92185    0.29129
   1526.00000    8.46058    0.25075    9.58474    0.29590
   1540.00000    7.84463    0.23147    9.86712    0.29793
   1554.00000    7.69788    0.23478   10.14614    0.31155
   1568.00000    7.53649    0.22470    9.89793    0.29475
   1834.00000    8.21262    0.25124   10.09941    0.31599
   1848.00000    8.27173    0.25215   10.29853    0.30444
   1862.00000    8.94998    0.26191   10.58364    0.30561
   1876.00000    7.74251    0.24170   10.47090    0.30987
   1890.00000    7.91300    0.23808   10.16329    0.30335
   1904.00000    8.23756    0.24557    9.65681    0.30039
   1918.00000    8.26675    0.24638    9.68395    0.28813
   1932.00000    8.09014    0.25385   10.02417    0.29484
   2198.00000    8.05870    0.23385   10.04827    0.29700
   2212.00000    8.00668    0.23048    9.88028    0.29822
   2226.00000    7.35190    0.22146    9.24440    0.27555
   2240.00000    7.78932    0.23550    8.90239    0.27598
   2254.00000    8.16187    0.24438   10.23133    0.29296
   2268.00000    8.00169    0.25008    9.89628    0.29741
   2282.00000    8.15010    0.24062    9.50482    0.28707
   2296.00000    8.06899    0.23859    9.33607    0.28150
   2562.00000    7.48875    0.22467   11.58347    0.32164
   2576.00000    7.93407    0.23412    9.89924    0.31296
   2590.00000    8.23360    0.25164   10.34517    0.31250
   2604.00000    8.65426    0.24949   10.71251    0.31318
   2618.00000    9.01679    0.25676   10.55470    0.31313
   2632.00000    8.39186    0.26573    9.68548    0.30150
   2646.00000    8.95801    0.27131    9.92156    0.29767
   2660.00000    9.36261    0.27408   10.21827    0.31261
   2674.00000    9.50326    0.28696   10.42791    0.29916
   2926.00000    8.98329    0.27442   10.62955    0.31040
   2940.00000    9.09411    0.27124   10.71566    0.32653
   2954.00000    8.72238    0.24974   10.30323    0.33292
   2968.00000    8.18394    0.24553   10.71193    0.32608
   2982.00000    8.01767    0.24115   10.03992    0.31611
   2996.00000    8.57399    0.24690   10.40959    0.31472
   3010.00000    8.09777    0.24391    9.93152    0.30709
   3024.00000    8.12820    0.23901   10.78907    0.32417
   3038.00000    7.96284    0.23989   10.92254    0.33436
   3290.00000    8.46245    0.25112   10.40584    0.32574
   3304.00000    8.22882    0.25200   10.98602    0.32462
   3318.00000    8.97922    0.25398   10.28267    0.32822
   3332.00000    8.62582    0.25322   11.07830    0.32577
   3346.00000    9.10216    0.25861   11.04640    0.32049
   3360.00000    8.58998    0.25932   10.75146    0.33162
   3374.00000    8.92208    0.27175   10.76773    0.33298
   3388.00000    8.76433    0.26338   10.92110    0.32393
   3402.00000    8.13260    0.24993   11.07783    0.32936
