## Time Delay Challenge light curves
##
## [time]=days, [lc]=[err]=flux in nanomaggies
##
##       time       lc_A      err_A       lc_B      err_B
##-------------------------------------------------------
      0.00000    1.95856    0.05996    1.82866    0.05578
     14.00000    2.00549    0.06108    2.02050    0.05696
     28.00000    2.13186    0.06279    1.94248    0.05888
     42.00000    2.10348    0.06205    1.88643    0.05779
     56.00000    2.19170    0.06319    1.92723    0.05940
     70.00000    2.14019    0.06121    1.85823    0.05694
     84.00000    2.14761    0.06385    2.04090    0.06008
     98.00000    2.13300    0.06314    1.94504    0.05935
    112.00000    2.07320    0.06285    1.81633    0.05854
    378.00000    1.96272    0.05944    1.75450    0.05517
    392.00000    1.88356    0.06014    1.87798    0.05631
    406.00000    1.89417    0.05882    1.82676    0.05522
    420.00000    1.88470    0.05849    1.77164    0.05431
    434.00000    2.02073    0.06019    1.89262    0.05647
    448.00000    1.94937    0.05906    1.82675    0.05535
    462.00000    2.13357    0.06048    1.91383    0.05661
    476.00000    1.99547    0.05661    1.83812    0.05278
    742.00000    1.99200    0.05815    1.80181    0.05439
    756.00000    2.06814    0.06035    1.91536    0.05661
    770.00000    2.12776    0.06169    1.91204    0.05745
    784.00000    2.04247    0.06147    2.00808    0.05763
    798.00000    2.14731    0.06459    1.96593    0.05981
    812.00000    2.21106    0.06832    2.18302    0.06375
    826.00000    2.27771    0.06913    2.08425    0.06484
    840.00000    2.53533    0.07354    2.31872    0.06831
   1106.00000    2.49289    0.07448    2.35172    0.06964
   1120.00000    2.38492    0.07234    2.16421    0.06747
   1134.00000    2.37495    0.07190    2.15149    0.06749
   1148.00000    2.40582    0.07194    2.14204    0.06778
   1162.00000    2.37933    0.06902    2.21686    0.06422
   1176.00000    2.20369    0.06881    2.25046    0.06428
   1190.00000    2.27836    0.06892    2.11239    0.06404
   1204.00000    2.20193    0.06439    2.05183    0.06057
   1470.00000    1.81075    0.05678    1.73764    0.05333
   1484.00000    2.06019    0.05944    1.79985    0.05523
   1498.00000    1.95215    0.06007    1.75888    0.05516
   1512.00000    2.13905    0.06291    1.83438    0.05851
   1526.00000    2.08301    0.06233    2.02045    0.05896
   1540.00000    2.04143    0.06060    1.97610    0.05648
   1554.00000    1.92675    0.05998    1.81169    0.05629
   1568.00000    2.01500    0.06023    1.86375    0.05634
   1834.00000    2.18553    0.06628    2.07107    0.06246
   1848.00000    2.23290    0.06466    2.05756    0.06007
   1862.00000    2.10071    0.06406    1.97819    0.05970
   1876.00000    2.14538    0.06438    2.03114    0.05997
   1890.00000    2.02254    0.06121    1.87804    0.05714
   1904.00000    2.12715    0.06308    2.01703    0.05890
   1918.00000    2.20724    0.06391    2.06301    0.05959
   1932.00000    2.22469    0.06671    2.05134    0.06220
   2198.00000    2.22010    0.06572    2.05738    0.06144
   2212.00000    2.15048    0.06657    2.07101    0.06171
   2226.00000    2.35555    0.07052    2.18158    0.06604
   2240.00000    2.19353    0.06829    2.06277    0.06439
   2254.00000    2.13862    0.06593    2.03768    0.06146
   2268.00000    2.21531    0.06406    2.09924    0.05958
   2282.00000    2.22139    0.06680    2.03215    0.06208
   2296.00000    2.24989    0.06881    2.17144    0.06426
   2562.00000    2.37630    0.07126    2.19093    0.06665
   2576.00000    2.13508    0.06685    1.95659    0.06224
   2590.00000    2.28070    0.06505    1.98797    0.06029
   2604.00000    2.16077    0.06579    2.14110    0.06128
   2618.00000    2.18316    0.06500    2.01653    0.06061
   2632.00000    2.13312    0.06451    2.09019    0.06037
   2646.00000    2.04155    0.06137    1.96924    0.05726
   2660.00000    1.94858    0.06030    1.85617    0.05631
   2674.00000    2.03227    0.06157    1.89476    0.05708
   2926.00000    2.00242    0.05889    1.82810    0.05502
   2940.00000    1.86248    0.05696    1.72868    0.05312
   2954.00000    1.95971    0.05903    1.80696    0.05506
   2968.00000    2.10517    0.05990    1.80876    0.05566
   2982.00000    1.96597    0.05884    1.85529    0.05498
   2996.00000    1.93717    0.05970    1.72702    0.05529
   3010.00000    2.06134    0.05977    1.84586    0.05602
   3024.00000    2.12685    0.06221    1.96642    0.05795
   3038.00000    2.02894    0.05931    1.89264    0.05584
   3290.00000    2.15662    0.06414    1.94518    0.06075
   3304.00000    2.14520    0.06388    1.88513    0.05978
   3318.00000    2.27223    0.06545    2.00153    0.06125
   3332.00000    2.06911    0.06254    2.04954    0.05837
   3346.00000    2.06695    0.06018    1.90343    0.05667
   3360.00000    2.02919    0.06032    1.82379    0.05609
   3374.00000    2.06621    0.06052    1.91537    0.05635
   3388.00000    2.03995    0.06107    1.80708    0.05684
   3402.00000    2.02019    0.06106    1.94883    0.05720
