## Time Delay Challenge light curves
##
## [time]=days, [lc]=[err]=flux in nanomaggies
##
##       time       lc_A      err_A       lc_B      err_B
##-------------------------------------------------------
      0.00000    1.81533    0.05557    0.58758    0.01756
     14.00000    1.84978    0.05634    0.63419    0.01812
     28.00000    1.97755    0.05825    0.64326    0.01820
     42.00000    1.91485    0.05648    0.62252    0.01831
     56.00000    1.98688    0.05729    0.60562    0.01816
     70.00000    1.99303    0.05700    0.61753    0.01822
     84.00000    1.93093    0.05741    0.62112    0.01841
     98.00000    1.96513    0.05817    0.61785    0.01822
    112.00000    1.88474    0.05713    0.62528    0.01812
    378.00000    1.77074    0.05363    0.58263    0.01706
    392.00000    1.57922    0.05043    0.54638    0.01713
    406.00000    1.67832    0.05212    0.56761    0.01672
    420.00000    1.64607    0.05109    0.54939    0.01626
    434.00000    1.73513    0.05169    0.53253    0.01636
    448.00000    1.74405    0.05284    0.52400    0.01617
    462.00000    1.80321    0.05111    0.60323    0.01673
    476.00000    1.83946    0.05218    0.53692    0.01654
    742.00000    1.94990    0.05693    0.59265    0.01824
    756.00000    1.91730    0.05595    0.62183    0.01823
    770.00000    1.95112    0.05657    0.59958    0.01781
    784.00000    1.97955    0.05958    0.58456    0.01812
    798.00000    1.93656    0.05825    0.64219    0.01866
    812.00000    1.93553    0.05981    0.59588    0.01884
    826.00000    1.93595    0.05876    0.61774    0.01856
    840.00000    1.95878    0.05682    0.61059    0.01905
   1106.00000    2.15787    0.06447    0.69229    0.02072
   1120.00000    2.21472    0.06718    0.72638    0.02106
   1134.00000    2.18111    0.06603    0.70860    0.02076
   1148.00000    2.26980    0.06787    0.68475    0.02123
   1162.00000    2.33767    0.06781    0.69745    0.02140
   1176.00000    2.16078    0.06747    0.76860    0.02192
   1190.00000    2.31102    0.06991    0.72693    0.02238
   1204.00000    2.47500    0.07237    0.74686    0.02188
   1470.00000    2.38114    0.07466    0.76545    0.02326
   1484.00000    2.60663    0.07521    0.80033    0.02389
   1498.00000    2.48624    0.07650    0.77799    0.02417
   1512.00000    2.72407    0.08011    0.82526    0.02406
   1526.00000    2.59897    0.07777    0.79129    0.02490
   1540.00000    2.68659    0.07975    0.87217    0.02596
   1554.00000    2.49882    0.07779    0.87750    0.02511
   1568.00000    2.53180    0.07568    0.84498    0.02550
   1834.00000    2.46409    0.07473    0.90521    0.02496
   1848.00000    2.45890    0.07120    0.75625    0.02417
   1862.00000    2.39800    0.07313    0.81827    0.02336
   1876.00000    2.42135    0.07267    0.79355    0.02274
   1890.00000    2.43720    0.07376    0.79352    0.02366
   1904.00000    2.51267    0.07451    0.73285    0.02245
   1918.00000    2.53874    0.07351    0.79533    0.02404
   1932.00000    2.35005    0.07047    0.80601    0.02434
   2198.00000    2.19922    0.06511    0.72497    0.02101
   2212.00000    2.16857    0.06713    0.67146    0.02070
   2226.00000    2.22924    0.06674    0.69952    0.02051
   2240.00000    2.16884    0.06752    0.73350    0.02110
   2254.00000    2.23367    0.06886    0.71221    0.02144
   2268.00000    2.42134    0.07002    0.73216    0.02198
   2282.00000    2.19569    0.06603    0.72680    0.02214
   2296.00000    2.17598    0.06655    0.73197    0.02196
   2562.00000    2.17944    0.06536    0.73329    0.02149
   2576.00000    2.18363    0.06838    0.68670    0.02072
   2590.00000    2.43048    0.06932    0.66441    0.02118
   2604.00000    2.37560    0.07234    0.75412    0.02255
   2618.00000    2.43155    0.07239    0.72810    0.02269
   2632.00000    2.34555    0.07094    0.82025    0.02318
   2646.00000    2.31496    0.06959    0.77963    0.02276
   2660.00000    2.24074    0.06934    0.73823    0.02253
   2674.00000    2.38681    0.07231    0.71604    0.02201
   2926.00000    3.07514    0.09043    0.95301    0.02889
   2940.00000    3.00271    0.09183    1.00255    0.03001
   2954.00000    2.98467    0.08991    1.00503    0.02930
   2968.00000    3.22655    0.09180    0.98592    0.02957
   2982.00000    3.01025    0.09009    0.93346    0.02863
   2996.00000    2.71554    0.08368    1.02076    0.02894
   3010.00000    2.79447    0.08103    0.94852    0.02830
   3024.00000    2.71233    0.07934    0.88538    0.02651
   3038.00000    2.78453    0.08140    0.86856    0.02556
   3290.00000    2.61579    0.07779    0.82005    0.02557
   3304.00000    2.63861    0.07857    0.79726    0.02518
   3318.00000    2.65683    0.07652    0.85913    0.02425
   3332.00000    2.57943    0.07796    0.78946    0.02428
   3346.00000    2.49097    0.07253    0.80152    0.02369
   3360.00000    2.39722    0.07126    0.78380    0.02371
   3374.00000    2.39713    0.07022    0.76209    0.02297
   3388.00000    2.27376    0.06807    0.70552    0.02235
   3402.00000    2.23701    0.06761    0.74036    0.02230
