## Time Delay Challenge light curves
##
## [time]=days, [lc]=[err]=flux in nanomaggies
##
##       time       lc_A      err_A       lc_B      err_B
##-------------------------------------------------------
      0.00000    0.53742    0.01627    0.53512    0.01657
     14.00000    0.55034    0.01616    0.55988    0.01650
     28.00000    0.53068    0.01582    0.55782    0.01620
     42.00000    0.50760    0.01565    0.52865    0.01611
     56.00000    0.46726    0.01515    0.52326    0.01582
     70.00000    0.52118    0.01522    0.48391    0.01526
     84.00000    0.53125    0.01542    0.51173    0.01548
     98.00000    0.49114    0.01544    0.53717    0.01567
    112.00000    0.54153    0.01548    0.51365    0.01570
    378.00000    0.56983    0.01732    0.58561    0.01771
    392.00000    0.60984    0.01696    0.58322    0.01714
    406.00000    0.58081    0.01712    0.60211    0.01702
    420.00000    0.54322    0.01646    0.56928    0.01732
    434.00000    0.54324    0.01571    0.55377    0.01628
    448.00000    0.51663    0.01545    0.53552    0.01559
    462.00000    0.51905    0.01551    0.51802    0.01561
    476.00000    0.52738    0.01579    0.53453    0.01561
    742.00000    0.50062    0.01509    0.51765    0.01508
    756.00000    0.50746    0.01494    0.51478    0.01513
    770.00000    0.52207    0.01529    0.48655    0.01547
    784.00000    0.53078    0.01576    0.52505    0.01536
    798.00000    0.55797    0.01588    0.54376    0.01587
    812.00000    0.50747    0.01587    0.53233    0.01584
    826.00000    0.52830    0.01607    0.53580    0.01606
    840.00000    0.55538    0.01626    0.51738    0.01661
   1106.00000    0.52908    0.01645    0.56164    0.01678
   1120.00000    0.56303    0.01613    0.53948    0.01652
   1134.00000    0.54696    0.01607    0.50144    0.01622
   1148.00000    0.53917    0.01626    0.55597    0.01647
   1162.00000    0.55706    0.01645    0.54077    0.01656
   1176.00000    0.53877    0.01645    0.52986    0.01646
   1190.00000    0.51135    0.01605    0.55493    0.01651
   1204.00000    0.55639    0.01627    0.52843    0.01611
   1470.00000    0.52658    0.01536    0.52647    0.01558
   1484.00000    0.50616    0.01513    0.49376    0.01521
   1498.00000    0.50997    0.01531    0.52501    0.01535
   1512.00000    0.48307    0.01548    0.51271    0.01564
   1526.00000    0.50223    0.01545    0.51682    0.01533
   1540.00000    0.48652    0.01480    0.51067    0.01552
   1554.00000    0.51957    0.01548    0.52976    0.01538
   1568.00000    0.52044    0.01499    0.49844    0.01559
   1834.00000    0.54093    0.01648    0.56155    0.01692
   1848.00000    0.52484    0.01612    0.54316    0.01657
   1862.00000    0.55426    0.01616    0.53392    0.01604
   1876.00000    0.53591    0.01614    0.54970    0.01606
   1890.00000    0.52237    0.01634    0.57461    0.01666
   1904.00000    0.55552    0.01608    0.54712    0.01636
   1918.00000    0.52032    0.01602    0.52158    0.01621
   1932.00000    0.52936    0.01615    0.55155    0.01664
   2198.00000    0.52121    0.01614    0.54049    0.01599
   2212.00000    0.54094    0.01606    0.51336    0.01638
   2226.00000    0.55159    0.01603    0.51915    0.01623
   2240.00000    0.53093    0.01611    0.53347    0.01611
   2254.00000    0.55426    0.01643    0.54423    0.01637
   2268.00000    0.54601    0.01662    0.53842    0.01645
   2282.00000    0.60352    0.01692    0.54031    0.01684
   2296.00000    0.59219    0.01700    0.60052    0.01718
   2562.00000    0.55036    0.01681    0.57256    0.01709
   2576.00000    0.55335    0.01634    0.54649    0.01673
   2590.00000    0.54850    0.01600    0.54997    0.01634
   2604.00000    0.54257    0.01607    0.57787    0.01635
   2618.00000    0.52283    0.01605    0.54786    0.01643
   2632.00000    0.52985    0.01597    0.51307    0.01613
   2646.00000    0.55973    0.01643    0.53657    0.01613
   2660.00000    0.54852    0.01624    0.54735    0.01631
   2674.00000    0.51478    0.01585    0.49490    0.01606
   2926.00000    0.51897    0.01536    0.55768    0.01548
   2940.00000    0.48690    0.01507    0.51747    0.01526
   2954.00000    0.47632    0.01527    0.52545    0.01561
   2968.00000    0.53559    0.01598    0.53923    0.01585
   2982.00000    0.55829    0.01628    0.57576    0.01643
   2996.00000    0.54479    0.01613    0.54378    0.01653
   3010.00000    0.57594    0.01655    0.57106    0.01697
   3024.00000    0.56777    0.01618    0.55373    0.01630
   3038.00000    0.54612    0.01621    0.54257    0.01623
   3290.00000    0.50033    0.01531    0.51215    0.01542
   3304.00000    0.50454    0.01516    0.49106    0.01532
   3318.00000    0.50392    0.01580    0.54239    0.01584
   3332.00000    0.54762    0.01645    0.52689    0.01580
   3346.00000    0.53030    0.01595    0.53982    0.01662
   3360.00000    0.53956    0.01610    0.54702    0.01617
   3374.00000    0.54558    0.01585    0.51413    0.01616
   3388.00000    0.49670    0.01592    0.56570    0.01601
   3402.00000    0.54723    0.01605    0.56349    0.01629
