## Time Delay Challenge light curves
##
## [time]=days, [lc]=[err]=flux in nanomaggies
##
##       time       lc_A      err_A       lc_B      err_B
##-------------------------------------------------------
13.30000 18.46009 0.03225 6.98776 0.04871
26.25000 19.90240 0.04763 7.26278 0.05566
37.09000 20.54059 0.06539 7.42894 0.06268
45.88000 20.57248 0.06290 7.35384 0.04962
58.57000 20.39876 0.06687 6.99182 0.05336
64.47000 20.70131 0.04261 6.96140 0.04779
78.41000 21.95474 0.08512 6.99219 0.06832
92.62000 23.07750 0.04340 7.16219 0.06202
103.57000 23.60485 0.04812 7.18763 0.05489
117.60000 22.22816 0.09143 6.98190 0.05921
376.04000 9.78984 0.05477 8.50701 0.06000
389.65000 9.54633 0.07304 8.63953 0.05325
399.35000 9.67494 0.04471 8.56870 0.04084
411.23000 9.74603 0.03090 8.67363 0.03939
423.40000 10.10737 0.07170 8.76413 0.06630
433.04000 10.47258 0.04072 8.91666 0.07280
444.81000 11.02296 0.04197 9.36904 0.03767
456.12000 11.42862 0.05268 9.44989 0.05567
468.02000 11.63465 0.05718 9.64597 0.04999
481.86000 12.21565 0.07879 9.77337 0.05997
740.99000 3.77664 0.05618 7.68885 0.05249
752.98000 3.90802 0.03449 7.58037 0.04826
765.49000 4.06887 0.05156 7.70004 0.06323
775.37000 4.19114 0.04254 8.05473 0.07201
787.89000 4.06103 0.06502 7.77322 0.05899
804.68000 4.21058 0.03892 7.65716 0.04517
819.47000 4.15697 0.05260 7.58009 0.04518
834.70000 4.16243 0.02332 7.35490 0.04257
846.32000 4.15855 0.03152 7.11822 0.07361
1099.63000 3.38200 0.05357 5.83478 0.04898
1110.35000 3.30200 0.04490 5.69447 0.01005
1120.19000 3.42696 0.02781 5.90233 0.06817
1132.94000 3.46738 0.04711 6.04395 0.04348
1141.45000 3.37220 0.05197 5.99647 0.05965
1151.70000 3.40383 0.05822 5.96309 0.04958
1164.63000 3.44300 0.06019 5.83234 0.05262
1175.58000 3.29058 0.06761 5.80472 0.01120
1185.88000 3.27168 0.05604 5.85837 0.04706
1198.23000 3.23078 0.05547 5.91630 0.07203
1207.21000 3.16340 0.05109 5.80842 0.06698
1464.33000 3.01355 0.05748 5.94740 0.09438
1473.97000 3.36042 0.05382 5.79456 0.05002
1483.37000 3.68281 0.05327 6.08705 0.03875
1495.60000 4.15649 0.07941 6.04314 0.06027
1505.22000 4.72690 0.04667 6.12691 0.04962
1515.79000 5.33122 0.05431 5.94229 0.05685
1524.25000 5.85506 0.04565 6.16468 0.03514
1532.77000 6.49948 0.05682 6.33963 0.05192
1542.51000 6.92631 0.05135 6.36915 0.06084
1554.26000 7.41211 0.05834 6.33752 0.06194
1564.23000 7.74061 0.05672 6.42110 0.06551
1574.53000 7.87957 0.05993 6.17966 0.03710
1835.70000 3.78161 0.05123 6.29376 0.06929
1847.84000 3.55062 0.08685 6.22166 0.04971
1860.34000 4.00396 0.04800 6.53634 0.07641
1873.92000 3.92612 0.07416 6.66478 0.03557
1889.42000 3.92032 0.07153 6.68103 0.05537
1903.77000 3.70309 0.02360 6.65120 0.03692
1914.01000 3.88373 0.04669 6.91279 0.02232
1926.48000 3.56359 0.04194 6.95312 0.09284
1939.20000 3.66794 0.04822 7.01073 0.04321
2201.93000 3.63949 0.09326 6.90778 0.05228
2215.96000 3.76725 0.09523 7.01317 0.05229
2227.99000 3.71311 0.05073 7.03771 0.04775
2239.84000 3.81352 0.07761 6.71795 0.05211
2249.54000 3.72326 0.05755 6.86924 0.06927
2265.81000 3.83649 0.03870 7.04722 0.05448
2278.15000 3.97698 0.08272 6.93912 0.06077
2288.59000 4.01894 0.06588 7.03067 0.04013
2301.00000 4.04583 0.06969 7.05863 0.04749
2558.04000 19.92660 0.04098 9.14255 0.04156
2570.21000 19.91746 0.03644 9.01592 0.04927
2582.42000 19.95827 0.06585 9.08401 0.05173
2596.81000 20.20710 0.04753 9.07775 0.02940
2609.19000 20.89844 0.05573 9.26004 0.03312
2618.71000 20.54612 0.05711 9.32055 0.07859
2630.88000 19.77994 0.05157 9.13845 0.05806
2643.07000 19.83505 0.04494 9.39103 0.05490
2655.96000 18.62172 0.06147 9.13792 0.03324
2667.16000 17.66961 0.02585 8.85085 0.06433
2931.34000 8.67172 0.05131 14.60835 0.03111
2941.93000 8.61284 0.04614 15.64967 0.05727
2954.43000 8.31825 0.04451 17.30888 0.05288
2965.18000 7.58041 0.02892 18.73799 0.07539
2975.38000 7.41135 0.06694 20.75203 0.03792
2988.25000 6.63657 0.04799 22.02720 0.04497
3004.78000 6.63549 0.08773 27.14147 0.06472
3015.32000 6.68636 0.07737 30.42633 0.06145
3027.60000 7.00851 0.02672 35.94590 0.04202
3037.87000 7.32597 0.04194 41.86673 0.04114
3292.07000 12.31034 0.07253 12.06189 0.05432
3305.91000 12.11980 0.04864 10.42770 0.08237
3318.24000 11.74464 0.05813 9.43185 0.05476
3330.13000 11.17547 0.04771 8.40680 0.03437
3340.92000 11.18536 0.03873 8.05211 0.04026
3355.86000 10.63829 0.07908 7.52645 0.06813
3368.65000 10.63351 0.03640 7.25990 0.05679
3382.93000 11.03500 0.04797 7.41532 0.05034
3392.54000 10.73027 0.04214 7.12017 0.05979
3402.14000 11.24437 0.04775 7.05991 0.04656
