## Time Delay Challenge light curves
##
## [time]=days, [lc]=[err]=flux in nanomaggies
##
##       time       lc_A      err_A       lc_B      err_B
##-------------------------------------------------------
13.16000 5.12069 0.04941 0.67716 0.02655
26.79000 5.09312 0.04891 0.69635 0.04768
38.51000 5.03070 0.05956 0.66868 0.05560
50.69000 4.84274 0.07014 0.66433 0.03464
62.93000 4.84169 0.06305 0.66434 0.06421
75.18000 4.75540 0.06145 0.51344 0.06231
87.26000 5.02415 0.05702 0.57432 0.05500
94.29000 4.94177 0.04305 0.54652 0.04402
103.43000 4.82971 0.06595 0.66098 0.06344
113.43000 4.83849 0.04021 0.66588 0.07123
371.93000 4.91051 0.04534 0.57366 0.02653
382.56000 4.91950 0.07348 0.64467 0.07615
396.40000 4.93962 0.04357 0.62026 0.02106
407.18000 5.00445 0.06382 0.68528 0.06009
418.67000 5.11764 0.05322 0.57032 0.07356
431.09000 5.19263 0.04395 0.57240 0.04507
446.01000 5.10910 0.05122 0.60593 0.06007
459.95000 5.32620 0.04707 0.67764 0.04033
472.72000 5.30871 0.03016 0.64428 0.03115
483.78000 5.34331 0.06579 0.65056 0.06802
741.05000 5.36282 0.05004 0.72058 0.04162
750.02000 5.27726 0.04932 0.67137 0.06327
756.38000 5.25268 0.06103 0.57598 0.04811
770.38000 5.29009 0.03900 0.59731 0.04636
779.76000 5.38451 0.06219 0.65656 0.05389
792.72000 5.17592 0.05131 0.63479 0.04809
802.98000 5.20120 0.07298 0.63582 0.04723
816.09000 5.07166 0.05239 0.61667 0.04669
827.75000 5.03528 0.04567 0.59238 0.03849
841.12000 5.10427 0.04111 0.55423 0.04570
1095.83000 5.18681 0.05940 0.67385 0.05197
1103.52000 5.08669 0.05711 0.65629 0.04364
1120.43000 4.99434 0.05329 0.70166 0.05243
1133.41000 5.14047 0.04366 0.59715 0.05843
1145.14000 5.12324 0.05798 0.63976 0.03678
1160.39000 5.23599 0.06072 0.62624 0.05471
1173.03000 5.28913 0.06192 0.69738 0.04505
1190.01000 5.25417 0.04127 0.71383 0.06168
1204.30000 5.16641 0.05594 0.67226 0.02432
1469.62000 5.17464 0.03731 0.64963 0.06999
1481.91000 5.21020 0.05116 0.70594 0.06066
1490.59000 5.06595 0.03996 0.55538 0.04916
1504.64000 5.43519 0.06191 0.52690 0.05098
1519.17000 5.38384 0.08025 0.60925 0.05609
1528.70000 5.28594 0.04992 0.62350 0.04119
1542.16000 5.20369 0.03819 0.61468 0.04757
1553.16000 5.38174 0.06843 0.66209 0.03791
1565.51000 5.16957 0.05116 0.64635 0.02144
1576.59000 5.09908 0.06907 0.68720 0.04555
1833.95000 4.93690 0.02251 0.62315 0.04389
1848.82000 5.08962 0.06962 0.53687 0.07072
1862.28000 5.32712 0.05045 0.63895 0.04068
1872.06000 5.30092 0.02438 0.61171 0.04515
1882.40000 5.24340 0.04967 0.63303 0.07649
1895.37000 5.08731 0.01144 0.65374 0.02851
1907.20000 4.98334 0.05075 0.53750 0.07771
1920.76000 4.93016 0.04062 0.58854 0.06861
1933.61000 4.87896 0.04731 0.65880 0.07760
2195.33000 5.02768 0.04703 0.58805 0.04709
2209.00000 5.16659 0.06156 0.53451 0.04911
2219.12000 5.13564 0.02090 0.60061 0.03072
2233.55000 5.09847 0.04251 0.44460 0.05675
2249.60000 4.93397 0.05615 0.36827 0.07562
2262.55000 4.96656 0.05577 0.73009 0.07158
2273.06000 5.07550 0.05662 0.64875 0.03191
2285.62000 5.03419 0.04828 0.42376 0.08019
2298.98000 5.07066 0.05599 0.65717 0.04049
2558.24000 4.99297 0.05672 0.55780 0.04270
2572.96000 5.10131 0.05602 0.55336 0.06901
2583.06000 5.01532 0.07820 0.65692 0.04580
2596.92000 4.86293 0.03447 0.67103 0.05742
2605.66000 4.79087 0.06433 0.57942 0.07587
2621.21000 4.88257 0.07202 0.56104 0.03579
2634.15000 5.03518 0.07670 0.59839 0.03212
2649.98000 4.87295 0.04866 0.58225 0.03533
2660.32000 4.77018 0.04803 0.62181 0.04897
2672.74000 4.71185 0.02574 0.56187 0.05542
2931.33000 4.82251 0.07033 0.49874 0.03986
2944.48000 4.92255 0.03873 0.52110 0.06058
2956.18000 4.84453 0.06137 0.57702 0.05530
2964.85000 4.73217 0.05960 0.56880 0.02412
2975.86000 4.76567 0.05436 0.58394 0.03415
2987.90000 4.75560 0.05618 0.63828 0.05341
2998.88000 4.78310 0.04615 0.51742 0.04501
3008.88000 4.80514 0.05018 0.60095 0.04333
3017.05000 4.73566 0.05434 0.60088 0.05484
3025.74000 4.90863 0.04659 0.53342 0.03526
3037.00000 4.96841 0.06143 0.57177 0.03872
3289.39000 4.98369 0.02803 0.81254 0.08509
3300.12000 4.97531 0.05145 0.68001 0.08759
3313.11000 4.93344 0.05645 0.56413 0.05180
3325.15000 5.00080 0.06344 0.56861 0.03850
3338.06000 4.71872 0.04757 0.65364 0.06225
3348.99000 4.61493 0.03745 0.47552 0.04206
3355.83000 4.56457 0.06539 0.61391 0.06613
3369.88000 4.62705 0.05423 0.63861 0.05697
3379.10000 4.68426 0.06461 0.56467 0.03202
3392.12000 4.84808 0.06822 0.46053 0.05455
