## Time Delay Challenge light curves
##
## [time]=days, [lc]=[err]=flux in nanomaggies
##
##       time       lc_A      err_A       lc_B      err_B
##-------------------------------------------------------
12.54000 1.76855 0.05665 7.01552 0.04874
22.80000 1.66497 0.06943 6.75521 0.05758
37.09000 1.89891 0.03956 6.41578 0.03357
50.95000 1.96620 0.04354 6.10018 0.05656
63.59000 1.90130 0.03769 5.86337 0.07600
75.78000 2.15157 0.04944 5.70198 0.06234
84.64000 2.11498 0.04308 5.39109 0.05353
99.57000 2.16083 0.08241 5.12337 0.04694
108.81000 2.26316 0.02015 4.88169 0.11723
368.64000 1.90075 0.06689 2.19139 0.05092
383.46000 1.73840 0.03827 2.00460 0.04285
393.76000 1.70555 0.04928 2.00752 0.06825
405.56000 1.65941 0.08745 2.07846 0.04740
415.83000 1.66178 0.03165 2.14369 0.06729
428.56000 1.46082 0.05422 2.00835 0.07364
441.66000 1.45822 0.03306 2.05085 0.06688
451.06000 1.45663 0.07224 2.08422 0.04436
461.05000 1.41053 0.03620 2.12513 0.05826
473.00000 1.39898 0.06991 2.11476 0.05835
484.17000 1.39573 0.04628 2.22514 0.04103
739.06000 1.07678 0.08972 1.59258 0.08049
748.21000 1.09184 0.01149 1.62835 0.04089
757.11000 1.00197 0.09817 1.55206 0.05044
764.89000 1.06559 0.06389 1.62228 0.05188
777.25000 0.99239 0.02776 1.52795 0.04030
788.21000 0.99794 0.02138 1.49237 0.06606
797.62000 1.12012 0.06154 1.52235 0.04954
808.12000 0.98762 0.04835 1.42883 0.06787
819.86000 0.99072 0.04479 1.53707 0.07892
830.30000 0.95899 0.08472 1.50997 0.05766
841.55000 1.00255 0.05662 1.47657 0.05661
1099.32000 0.90651 0.02356 1.77180 0.05561
1110.93000 0.86726 0.07872 1.75469 0.06068
1123.59000 0.84243 0.05921 1.65219 0.06418
1135.81000 0.89282 0.05940 1.80762 0.03964
1149.87000 0.77594 0.05949 1.70504 0.04216
1162.15000 0.96900 0.05647 1.72012 0.04632
1171.97000 0.82614 0.04286 1.76552 0.06280
1186.28000 0.80179 0.05695 1.69580 0.06125
1196.87000 0.92848 0.02197 1.61213 0.05091
1211.48000 0.93311 0.05483 1.72955 0.09259
1464.19000 1.05300 0.02283 1.67801 0.05599
1474.81000 0.98780 0.05689 1.72973 0.03688
1487.39000 1.05846 0.04171 1.71976 0.05144
1500.95000 0.92527 0.05884 1.72924 0.04885
1511.88000 0.96764 0.04495 1.68158 0.05049
1528.57000 0.92570 0.04939 1.73879 0.06653
1542.31000 0.96004 0.04396 1.69795 0.07403
1557.27000 0.93695 0.05466 1.82746 0.04980
1565.14000 0.95313 0.08530 1.78522 0.04669
1576.07000 1.11103 0.07051 1.84543 0.05392
1832.63000 0.73652 0.07960 2.68131 0.03873
1845.42000 0.77205 0.04296 2.74886 0.07076
1861.15000 0.72226 0.07893 2.73926 0.04383
1872.31000 0.83226 0.07185 2.70239 0.04403
1882.73000 0.71624 0.04700 2.74855 0.05819
1896.87000 0.72551 0.04429 2.69196 0.06947
1906.80000 0.82076 0.05761 2.74498 0.06459
1918.65000 0.79747 0.04971 2.78543 0.07394
1931.25000 0.65679 0.07205 2.86625 0.03306
2204.42000 0.88906 0.06466 3.51568 0.06384
2216.18000 0.85721 0.04945 3.58376 0.03312
2231.66000 0.92484 0.02703 3.62132 0.05703
2243.44000 0.91794 0.05800 3.54735 0.03292
2255.82000 0.93637 0.03443 3.74730 0.05067
2273.74000 0.89482 0.05801 3.72443 0.04667
2286.98000 0.85507 0.06056 3.87186 0.07327
2299.44000 0.78672 0.06225 3.92205 0.04050
2309.01000 0.84334 0.06109 4.08367 0.02256
2561.30000 0.82849 0.04298 4.45439 0.04694
2572.93000 0.68719 0.04745 4.39258 0.05813
2583.47000 0.85675 0.01995 4.44480 0.08079
2598.58000 0.74180 0.06530 4.19560 0.05830
2611.43000 0.92480 0.07106 4.18536 0.05040
2624.00000 0.88571 0.05567 4.07822 0.07308
2639.19000 0.94513 0.03752 4.03112 0.05418
2651.51000 0.88655 0.06088 3.96188 0.04673
2664.16000 0.84468 0.04418 3.78783 0.06608
2673.63000 0.86046 0.05165 3.80677 0.06151
2922.00000 1.04208 0.08448 3.16400 0.04218
2939.88000 1.05397 0.05199 3.06331 0.02958
2951.54000 0.91567 0.03938 3.20282 0.04759
2964.53000 1.02227 0.05983 3.09344 0.04478
2974.29000 1.01754 0.04856 3.04140 0.07018
2985.89000 0.88081 0.03095 3.11241 0.06764
2996.28000 0.82543 0.05148 3.04477 0.05685
3010.39000 0.82941 0.06634 3.10736 0.04870
3022.98000 0.91690 0.04044 2.88740 0.05933
3034.71000 1.08577 0.06974 2.99436 0.05878
3290.81000 1.20902 0.04267 2.39751 0.04397
3301.70000 1.19611 0.02273 2.57678 0.05772
3313.71000 1.25519 0.05144 2.49127 0.06889
3326.55000 1.13956 0.03126 2.47640 0.04621
3336.82000 1.13962 0.06098 2.64589 0.05179
3347.74000 1.22698 0.03465 2.72236 0.07277
3362.56000 1.17620 0.04441 2.79748 0.03958
3371.46000 1.11482 0.03834 2.87518 0.07058
3382.58000 1.21426 0.04960 2.93599 0.02181
3395.08000 1.16189 0.05609 3.01264 0.02719
