## Time Delay Challenge light curves
##
## [time]=days, [lc]=[err]=flux in nanomaggies
##
##       time       lc_A      err_A       lc_B      err_B
##-------------------------------------------------------
9.36000 5.38424 0.03961 0.84385 0.03657
23.89000 5.29413 0.04784 0.95457 0.05771
32.94000 5.31383 0.04430 0.77192 0.05490
40.73000 5.15656 0.03689 0.72531 0.05514
52.21000 5.26211 0.06406 0.84463 0.04934
64.60000 5.55765 0.03909 0.76065 0.03427
77.35000 5.59307 0.08276 0.83365 0.05807
84.96000 5.52446 0.03458 0.86790 0.05648
96.20000 5.61018 0.02358 0.86365 0.06242
106.77000 5.57772 0.05744 0.77478 0.05440
119.33000 5.55247 0.05400 0.73693 0.07573
365.02000 4.37641 0.05014 0.76218 0.04382
378.89000 4.40560 0.06466 0.64684 0.05256
388.61000 4.24358 0.01781 0.61646 0.07433
396.89000 4.33722 0.04482 0.69755 0.05883
407.98000 4.28674 0.07027 0.75813 0.06246
421.84000 4.33243 0.02798 0.78328 0.07638
430.21000 4.21718 0.05172 0.79914 0.02538
446.50000 4.18765 0.05047 0.82515 0.05263
461.55000 4.14007 0.02926 0.84754 0.02984
470.12000 4.13363 0.04515 0.81808 0.05784
479.32000 4.10492 0.04673 0.81175 0.04301
739.28000 4.28044 0.02466 1.01260 0.06326
750.22000 4.30312 0.03744 1.09051 0.05652
764.86000 4.12752 0.06103 0.98397 0.03796
779.16000 4.18700 0.04501 0.86509 0.03507
786.48000 4.09525 0.03184 0.97716 0.04280
796.69000 4.07959 0.04704 0.93442 0.03645
810.22000 3.75844 0.06305 0.95112 0.04595
820.35000 3.68139 0.04589 0.96506 0.07273
831.46000 3.87128 0.07317 1.03699 0.04698
846.06000 3.85398 0.04254 0.98861 0.04305
1106.95000 3.70371 0.07107 1.18979 0.02205
1117.42000 3.54932 0.05446 1.24670 0.05608
1129.03000 3.57951 0.05149 1.21682 0.06392
1141.43000 3.68942 0.04126 1.07734 0.07210
1151.11000 3.50638 0.03796 1.22918 0.03231
1161.85000 3.50117 0.02419 1.29822 0.06403
1170.58000 3.31065 0.05935 1.33438 0.06173
1183.65000 3.25254 0.02870 1.29147 0.00847
1195.31000 3.47379 0.06612 1.29862 0.05415
1205.66000 3.58364 0.06392 1.28717 0.02923
1213.88000 3.70433 0.06319 1.34828 0.04880
1463.95000 3.70907 0.05700 2.85871 0.06139
1480.41000 3.84209 0.04655 3.23157 0.06417
1490.45000 3.81148 0.03742 3.17681 0.05115
1502.37000 3.67663 0.06415 3.15034 0.03575
1516.58000 3.60608 0.05517 3.25895 0.04851
1529.40000 3.43642 0.05316 3.50436 0.05179
1541.17000 3.38603 0.04385 3.34593 0.07255
1551.36000 3.45181 0.03763 3.33243 0.04608
1563.06000 3.35636 0.04710 3.46436 0.04758
1572.37000 3.32198 0.06609 3.51450 0.05676
1831.99000 3.03207 0.06917 3.49178 0.04743
1847.26000 2.99729 0.04522 3.56239 0.02730
1860.04000 3.08812 0.05257 3.79331 0.05666
1873.33000 3.36756 0.05498 3.77939 0.04526
1882.58000 3.15409 0.05709 3.78805 0.06423
1894.73000 3.45465 0.06544 3.64444 0.05021
1908.32000 3.57766 0.03420 3.76502 0.01752
1920.66000 3.44616 0.04491 3.91817 0.07757
1933.64000 3.48607 0.03256 3.83810 0.04874
2192.95000 3.60046 0.02803 7.13792 0.06037
2204.49000 3.62731 0.05888 7.17425 0.04539
2217.93000 3.58030 0.05285 7.03039 0.05377
2229.60000 3.68166 0.03783 7.24087 0.04347
2241.33000 3.45341 0.05538 7.78744 0.05361
2252.63000 3.44856 0.05420 7.74013 0.06370
2263.16000 3.36415 0.02728 7.85310 0.08386
2274.55000 3.45632 0.05287 7.95185 0.04848
2284.72000 3.44893 0.03617 7.47612 0.06557
2296.35000 3.83094 0.08716 8.12893 0.04083
2305.05000 3.74673 0.04316 8.21362 0.02259
2559.59000 4.40169 0.02825 9.86504 0.02455
2576.71000 4.33860 0.06759 9.84666 0.06713
2585.41000 4.35118 0.03303 9.19699 0.07349
2593.59000 4.40435 0.05579 9.09705 0.04735
2606.42000 4.32182 0.06133 8.77719 0.05065
2617.37000 4.39698 0.05108 8.85894 0.04662
2631.80000 4.42050 0.05277 8.56388 0.06357
2645.14000 4.76063 0.04405 8.09063 0.08993
2655.80000 4.87841 0.05727 7.92995 0.04970
2663.63000 4.92890 0.02024 7.76599 0.04223
2674.90000 4.97840 0.03217 7.53115 0.04749
2921.39000 6.20784 0.08257 6.39838 0.07158
2935.11000 6.03570 0.04559 6.20579 0.06288
2944.46000 6.06680 0.04067 6.29708 0.04297
2954.01000 6.20448 0.03303 6.35403 0.03739
2966.73000 6.14098 0.01397 6.48162 0.06582
2980.56000 6.15129 0.03994 5.95828 0.05391
2992.89000 5.86138 0.06751 5.99962 0.06882
3006.66000 5.86477 0.05337 5.48494 0.03327
3023.66000 5.54427 0.07903 5.45855 0.05825
3035.14000 5.79696 0.08549 5.66790 0.05078
3297.65000 6.06724 0.03495 5.27154 0.05023
3310.46000 6.38294 0.05205 4.95117 0.04984
3321.96000 6.63161 0.03305 4.76342 0.05269
3334.64000 6.53253 0.05263 4.59895 0.03871
3348.58000 6.88967 0.04745 4.51347 0.06753
3358.62000 6.88528 0.04778 4.49272 0.04393
3371.84000 6.73747 0.06148 4.53161 0.05393
3383.00000 6.77116 0.06457 4.67367 0.05227
3394.89000 6.86975 0.04437 4.97889 0.08928
