## Time Delay Challenge light curves
##
## [time]=days, [lc]=[err]=flux in nanomaggies
##
##       time       lc_A      err_A       lc_B      err_B
##-------------------------------------------------------
11.52000 2.91541 0.03789 4.33216 0.05302
24.79000 3.05180 0.05620 4.34769 0.04837
35.57000 2.92130 0.02835 4.34327 0.03514
47.15000 2.93692 0.06641 4.34592 0.05279
61.62000 2.92565 0.05932 4.45921 0.04695
74.38000 2.95560 0.05592 4.36392 0.04530
85.25000 2.92147 0.05947 4.40173 0.02872
98.88000 2.91912 0.06038 4.24654 0.04514
109.05000 2.83684 0.05356 4.29649 0.04915
369.62000 3.03609 0.06034 4.36726 0.04263
383.87000 3.12432 0.06284 4.18276 0.06317
393.62000 2.89924 0.05316 4.27419 0.08084
404.98000 3.01782 0.06036 4.41399 0.05775
418.16000 2.82783 0.07543 4.34886 0.06432
426.70000 3.07352 0.04646 4.47518 0.08216
439.73000 2.98389 0.04616 4.31662 0.05989
452.51000 3.12898 0.08375 4.23108 0.07768
463.90000 2.88429 0.05779 4.44039 0.03859
475.63000 2.85786 0.04484 4.36425 0.05081
735.19000 2.99387 0.04882 4.63617 0.07376
749.78000 3.02294 0.03372 4.43018 0.06380
762.44000 2.96627 0.05575 4.44388 0.05351
772.11000 2.91292 0.05560 4.40632 0.06769
781.61000 2.79071 0.07938 4.45803 0.05909
792.28000 2.83934 0.06293 4.27914 0.06126
804.26000 2.94055 0.06702 4.43211 0.04732
815.48000 3.04506 0.05315 4.28756 0.05634
826.25000 2.92173 0.04728 4.45703 0.05825
837.63000 2.89057 0.07227 4.31914 0.04503
849.05000 2.90919 0.07107 4.31822 0.01953
1096.15000 2.92345 0.05497 4.18890 0.05168
1103.39000 2.89715 0.05295 4.31188 0.09228
1111.89000 2.85552 0.03156 4.16907 0.01025
1122.00000 2.85622 0.03042 4.28265 0.03839
1133.10000 2.97500 0.04667 4.34040 0.04936
1143.00000 3.06489 0.03943 4.40914 0.05731
1154.48000 2.85583 0.05832 4.25127 0.07109
1167.38000 2.86246 0.04784 4.25749 0.06968
1180.56000 2.84048 0.03787 4.45571 0.07386
1193.03000 2.73870 0.08877 4.37112 0.07523
1206.84000 2.84386 0.05901 4.47038 0.04250
1463.38000 2.96618 0.03810 4.24274 0.05210
1476.40000 2.94637 0.08278 4.30231 0.04500
1487.09000 2.86205 0.06501 4.45803 0.05998
1500.41000 2.89210 0.04557 4.52155 0.04699
1509.04000 2.79530 0.06353 4.47246 0.03823
1520.50000 2.81983 0.05422 4.39358 0.08368
1533.60000 2.89561 0.05136 4.45671 0.05060
1542.96000 3.00535 0.04989 4.36298 0.04278
1552.10000 2.85857 0.04693 4.34057 0.06620
1564.17000 2.83055 0.06738 4.28855 0.03363
1578.59000 3.04299 0.06424 4.40559 0.04495
1837.37000 2.77108 0.05472 4.51634 0.04177
1852.29000 2.98412 0.05143 4.53737 0.02141
1865.67000 2.90045 0.04690 4.46066 0.01051
1875.31000 2.97669 0.03722 4.41259 0.05208
1887.92000 2.94987 0.08337 4.41631 0.04250
1901.05000 2.96564 0.06116 4.34667 0.04241
1912.62000 2.94678 0.03362 4.38544 0.06531
1927.15000 2.88911 0.08244 4.43359 0.03862
1938.76000 2.96398 0.04493 4.44969 0.08010
2200.84000 2.96575 0.05561 4.48878 0.02584
2211.11000 2.92269 0.04839 4.42920 0.00831
2224.13000 3.01227 0.06942 4.34104 0.04938
2236.42000 3.03324 0.04855 4.12147 0.05936
2250.29000 2.89616 0.05393 4.23277 0.07956
2259.63000 2.88750 0.02963 4.35005 0.04510
2268.03000 3.03196 0.05943 4.23106 0.04698
2279.26000 2.89396 0.09744 4.26789 0.05028
2294.43000 2.93942 0.06095 4.19305 0.09167
2306.14000 2.84132 0.08555 4.40397 0.02406
2558.36000 3.06058 0.10501 4.50885 0.05844
2570.18000 2.79882 0.08720 4.49335 0.05264
2581.41000 3.03679 0.02127 4.53141 0.03764
2595.97000 2.98271 0.04527 4.43930 0.04687
2608.37000 2.91777 0.05427 4.35478 0.05475
2615.62000 2.96878 0.04282 4.40027 0.03932
2626.95000 3.04961 0.04005 4.34629 0.05300
2641.84000 3.06220 0.06868 4.35165 0.06362
2652.68000 2.99397 0.07084 4.49855 0.06499
2664.09000 2.97875 0.08861 4.45161 0.04555
2929.38000 2.84174 0.04721 4.66458 0.04856
2941.87000 2.89368 0.05533 4.58474 0.05357
2956.24000 3.00719 0.04998 4.54876 0.06657
2969.91000 3.07294 0.06258 4.43930 0.05561
2982.85000 2.78594 0.04612 4.50236 0.07234
2996.95000 2.99177 0.05853 4.29755 0.06104
3007.11000 2.90035 0.02395 4.38570 0.02766
3017.81000 2.86944 0.05684 4.36794 0.06937
3028.17000 2.89113 0.04782 4.40748 0.04255
3039.85000 2.95210 0.04870 4.27621 0.06159
3296.07000 2.88746 0.03081 4.52926 0.05287
3303.42000 2.92149 0.05006 4.44812 0.06780
3317.93000 2.93471 0.07361 4.50166 0.05375
3331.79000 2.94184 0.02911 4.59895 0.05527
3343.96000 2.72895 0.06381 4.67187 0.02654
3351.98000 2.90725 0.07865 4.69704 0.07489
3362.11000 2.97187 0.05913 4.54249 0.05340
3376.46000 2.96844 0.02814 4.52465 0.04667
3385.92000 2.96612 0.05492 4.51168 0.07355
3392.26000 2.91393 0.01623 4.52140 0.06198
3402.62000 2.74108 0.07520 4.43840 0.05684
