## Time Delay Challenge light curves
##
## [time]=days, [lc]=[err]=flux in nanomaggies
##
##       time       lc_A      err_A       lc_B      err_B
##-------------------------------------------------------
16.05000 23.85774 0.06287 4.22328 0.06107
27.42000 23.75344 0.08654 4.14467 0.03973
38.96000 23.39740 0.03808 4.31977 0.04655
50.36000 23.73595 0.07981 4.26200 0.07688
59.15000 23.04298 0.05305 4.29644 0.06477
70.31000 23.50484 0.02657 4.36906 0.05891
83.83000 23.18225 0.06484 4.56708 0.02387
93.13000 22.88452 0.06648 4.33216 0.06613
104.30000 23.48388 0.04296 4.48419 0.03777
111.73000 23.10132 0.06418 4.56566 0.07513
371.82000 17.42416 0.04962 4.48544 0.02385
383.99000 16.65852 0.05377 4.57638 0.04976
398.04000 17.06268 0.07020 4.35620 0.05311
408.36000 16.60875 0.06831 4.35566 0.05116
423.65000 17.53651 0.07326 4.03793 0.04183
434.73000 17.15453 0.02344 4.21445 0.05004
447.13000 17.55850 0.08847 4.05532 0.05623
457.69000 17.13910 0.09341 4.44167 0.08442
470.03000 17.35877 0.05145 4.27674 0.05416
483.00000 17.44212 0.08879 4.31913 0.02179
738.61000 19.10946 0.04744 3.69300 0.07770
751.44000 19.01147 0.06139 3.71553 0.07565
762.77000 18.23663 0.04646 3.85289 0.04806
774.15000 18.96354 0.05922 3.74440 0.03448
783.14000 18.86281 0.07754 3.95965 0.05767
796.59000 18.60774 0.04703 3.62279 0.04292
805.08000 19.40379 0.07129 3.59304 0.05070
816.78000 18.81457 0.06483 3.66968 0.09277
827.86000 18.74060 0.02740 3.57359 0.05855
839.72000 17.28438 0.04275 3.40701 0.04125
1097.30000 15.29810 0.07151 2.22802 0.04086
1110.34000 15.62361 0.05815 2.15623 0.03450
1123.33000 15.07449 0.01705 2.07180 0.03412
1133.80000 14.78024 0.02916 1.99970 0.07187
1145.68000 14.89438 0.05256 2.18114 0.05393
1155.73000 14.82062 0.08804 2.00092 0.08524
1169.89000 14.97656 0.07074 2.01507 0.05847
1183.24000 15.24687 0.04519 2.11524 0.05824
1197.63000 15.56572 0.03197 1.97253 0.06208
1210.00000 15.42004 0.01725 1.96516 0.05961
1462.95000 13.21692 0.05211 1.93814 0.05816
1474.78000 13.59759 0.06852 1.94036 0.02569
1485.11000 13.26611 0.07366 1.85452 0.06542
1498.02000 13.51646 0.03593 1.85226 0.05491
1507.71000 13.37271 0.02208 1.92583 0.03623
1518.00000 13.28404 0.05645 1.78062 0.05911
1531.88000 13.06801 0.04858 1.97164 0.03129
1542.19000 13.22274 0.05220 1.92735 0.04324
1554.27000 13.23167 0.05144 1.91391 0.05290
1566.14000 13.19644 0.05242 1.85118 0.06145
1578.07000 12.99739 0.06316 2.01333 0.06524
1826.03000 10.21023 0.05186 1.83852 0.02814
1839.39000 9.98860 0.05602 1.90619 0.05039
1845.95000 9.98790 0.09546 1.81928 0.05372
1858.41000 9.50983 0.03577 1.69451 0.06034
1872.44000 9.37391 0.07163 1.75128 0.04307
1885.55000 9.63100 0.05124 1.85319 0.03961
1896.93000 9.36041 0.02801 1.67301 0.05212
1906.98000 9.87496 0.06109 1.60911 0.05080
1920.49000 9.64536 0.08147 1.67975 0.05523
1930.21000 9.85340 0.04144 1.73515 0.05651
1944.46000 9.58012 0.04873 1.80946 0.04772
2201.60000 10.44137 0.03630 2.01148 0.06038
2214.40000 10.81498 0.03350 1.83729 0.05497
2227.04000 10.63328 0.07958 2.10152 0.05427
2240.77000 10.41020 0.04671 1.94961 0.07589
2250.79000 10.59922 0.06435 1.99893 0.02867
2266.58000 11.09530 0.04832 1.92579 0.06309
2280.41000 11.02974 0.04900 1.99615 0.05873
2293.88000 11.39551 0.05330 2.07173 0.06966
2305.00000 11.59684 0.04758 2.19691 0.08158
2566.36000 12.96861 0.05425 2.09426 0.05804
2575.65000 13.04104 0.04739 2.21617 0.03910
2584.64000 13.02087 0.06438 2.19817 0.05561
2593.28000 12.55598 0.05675 2.33689 0.07115
2604.64000 12.97635 0.04636 2.28368 0.04588
2618.89000 12.80164 0.03729 2.26557 0.01887
2632.42000 13.35014 0.08015 2.27250 0.05872
2641.82000 13.50176 0.05620 2.30059 0.05545
2659.31000 13.22805 0.06403 2.32305 0.08597
2669.48000 12.66598 0.04233 2.32006 0.05035
2933.31000 15.17829 0.06006 2.27216 0.05801
2945.89000 15.27388 0.04398 2.32060 0.06089
2964.56000 15.28442 0.05252 2.30176 0.07503
2976.29000 15.11552 0.03894 2.41499 0.03545
2989.19000 16.06216 0.04536 2.53419 0.05520
3003.00000 15.95093 0.07179 2.54665 0.05918
3014.32000 16.43891 0.05760 2.42532 0.04586
3028.64000 16.57884 0.07709 2.70983 0.05912
3297.62000 17.84669 0.05878 2.80156 0.05062
3308.70000 17.37528 0.06609 2.75868 0.07079
3322.14000 17.60814 0.06497 3.03814 0.07225
3330.76000 18.13923 0.06986 3.03132 0.10429
3341.98000 18.23215 0.05294 3.05323 0.04573
3351.92000 19.18456 0.06859 3.04668 0.06683
3366.16000 18.65331 0.05566 3.31151 0.07388
3379.78000 19.03531 0.04976 3.36958 0.05141
3391.33000 19.49801 0.01713 3.58836 0.05705
3403.73000 19.60981 0.04045 3.30800 0.05249
