## Time Delay Challenge light curves
##
## [time]=days, [lc]=[err]=flux in nanomaggies
##
##       time       lc_A      err_A       lc_B      err_B
##-------------------------------------------------------
12.44000 2.16335 0.07060 3.70470 0.03880
23.76000 2.23403 0.02128 3.78036 0.05035
34.61000 2.19916 0.03460 3.63322 0.05974
45.80000 2.04170 0.08809 3.57580 0.04689
56.59000 2.09604 0.02258 3.53211 0.07833
68.10000 1.97076 0.04606 3.30252 0.03489
82.17000 2.03645 0.03483 3.44949 0.04180
95.34000 2.06872 0.03647 3.36725 0.05605
107.84000 2.04064 0.01505 3.20654 0.09562
116.92000 2.16329 0.06425 3.43300 0.07369
377.10000 2.04554 0.05916 3.41481 0.04079
392.93000 2.27809 0.08101 3.29282 0.08549
402.87000 2.17127 0.03388 3.38685 0.04468
413.90000 2.15123 0.05772 3.19746 0.06338
424.61000 2.14569 0.05377 3.23684 0.05516
436.73000 2.08095 0.05026 3.22290 0.05519
449.83000 1.94847 0.04492 3.27023 0.06087
463.52000 2.06650 0.03111 3.21381 0.04924
473.11000 2.26032 0.05136 3.43563 0.04123
739.01000 2.12348 0.04681 3.04000 0.05205
750.52000 2.14311 0.04570 3.11495 0.05000
762.27000 2.31809 0.03125 3.18261 0.05882
775.40000 2.17666 0.04665 3.20507 0.04830
790.01000 2.22576 0.06251 3.10323 0.03879
803.91000 2.37212 0.03095 3.27265 0.04262
817.49000 2.36083 0.06119 3.37451 0.05541
829.11000 2.23734 0.04434 3.24643 0.06784
841.10000 2.29604 0.04514 3.25750 0.03800
1095.20000 2.11573 0.05822 2.76693 0.04085
1107.61000 2.03224 0.06482 2.69456 0.07521
1121.10000 2.12157 0.05092 2.63625 0.02519
1133.98000 2.07645 0.05246 2.59025 0.05921
1146.64000 1.98303 0.03140 2.62847 0.04837
1159.45000 1.91198 0.03658 2.58207 0.07998
1169.64000 1.97676 0.02298 2.57611 0.06280
1181.54000 1.82151 0.03127 2.28811 0.04558
1195.64000 1.74659 0.08272 2.17592 0.06621
1204.86000 1.78370 0.08028 2.15765 0.05902
1213.71000 1.87963 0.03107 2.33353 0.05697
1462.77000 1.88321 0.06381 2.27015 0.05554
1472.27000 1.85720 0.04701 2.34542 0.05421
1484.15000 1.81994 0.04433 2.20017 0.04230
1493.45000 1.68018 0.06852 2.30941 0.04403
1504.39000 1.86732 0.06527 2.35493 0.06723
1516.80000 1.93139 0.03818 2.41697 0.05253
1531.80000 1.89140 0.05438 2.33339 0.07126
1544.95000 1.78950 0.05509 2.34791 0.03556
1557.04000 1.75675 0.07472 2.24509 0.03952
1571.45000 1.68280 0.03598 2.29614 0.06166
1832.92000 1.59523 0.07274 2.04970 0.03654
1843.24000 1.67253 0.04740 2.12329 0.06116
1855.12000 1.83349 0.04941 2.20892 0.06154
1868.51000 1.85236 0.05912 2.16682 0.06203
1878.98000 1.91085 0.09147 2.39752 0.05954
1890.48000 1.83042 0.07232 2.31549 0.06577
1899.74000 1.88599 0.05106 2.38345 0.02683
1909.46000 1.93252 0.07190 2.34855 0.05682
1920.09000 1.68533 0.04969 2.30072 0.05042
1930.39000 1.86740 0.04120 2.45747 0.04905
1941.50000 1.96367 0.02328 2.37372 0.05963
2192.62000 1.99821 0.06602 2.61802 0.04925
2204.05000 1.92918 0.03250 2.69447 0.07699
2219.36000 2.02815 0.07917 2.55042 0.08030
2230.82000 1.92368 0.06863 2.49964 0.03329
2240.85000 1.84817 0.05504 2.52800 0.04739
2253.71000 1.87580 0.05729 2.53751 0.04731
2263.10000 1.83219 0.04206 2.59056 0.02977
2274.87000 1.88505 0.04821 2.62293 0.05139
2288.18000 1.94612 0.02226 2.68322 0.08324
2301.30000 1.90030 0.04860 2.65301 0.04715
2562.71000 2.10487 0.02227 3.25223 0.08920
2575.00000 2.19247 0.06337 3.30886 0.05254
2584.15000 2.07426 0.05172 3.30869 0.06846
2597.96000 2.08095 0.03994 3.15035 0.04966
2608.87000 2.04545 0.05199 3.07660 0.00300
2624.05000 2.07107 0.07073 3.03795 0.04854
2637.26000 2.04160 0.04138 3.25307 0.07466
2647.96000 2.07901 0.05582 3.12928 0.06183
2658.93000 2.05408 0.04299 3.25328 0.05154
2672.18000 1.94785 0.05398 3.08015 0.04499
2924.13000 2.22110 0.05334 3.73673 0.06287
2939.16000 2.19656 0.08042 3.87279 0.06071
2952.97000 2.06262 0.04618 3.65799 0.05227
2963.66000 2.13691 0.07091 3.55736 0.04232
2979.11000 2.02025 0.03317 3.40333 0.07103
2990.81000 2.15714 0.05454 3.59807 0.05679
3000.95000 2.06564 0.02817 3.48765 0.07278
3012.55000 2.09991 0.00435 3.48036 0.03365
3025.98000 1.90960 0.04618 3.34700 0.07015
3036.61000 1.98657 0.04435 3.34967 0.02558
3286.28000 2.26780 0.03568 3.84964 0.02935
3299.39000 2.35961 0.03789 3.87117 0.06913
3309.23000 2.26909 0.07807 3.70207 0.03628
3322.59000 2.23924 0.04055 3.79802 0.04303
3334.68000 2.16148 0.05997 3.65088 0.04875
3342.91000 2.07556 0.07006 3.50286 0.08164
3355.06000 2.30376 0.07336 3.68207 0.06713
3365.52000 2.30202 0.03903 3.89721 0.05981
3377.46000 2.28358 0.03061 4.00501 0.05782
3393.48000 2.51000 0.07663 4.21338 0.02313
